9 0.785329861111111 0.5102719907407407 0.09384259259259267 0.43136574074074063
2 0.3193344907407408 0.6080439814814815 0.04802083333333336 0.18449074074074084
16 0.6776273148148148 0.5744502314814814 0.057222222222222285 0.27853009259259254
7 0.34922453703703704 0.6733796296296296 0.03366898148148145 0.05902777777777786
14 0.4009027777777778 0.15164930555555553 0.03762731481481474 0.1153935185185185
11 0.4250578703703704 0.6213252314814814 0.04471064814814803 0.171875
5 0.49492476851851847 0.64140625 0.04422453703703688 0.1390625
4 0.6425347222222222 0.6328125 0.046087962962963046 0.1594328703703704
12 0.8799016203703705 0.4567418981481482 0.15607638888888858 0.5211226851851853
10 0.39467592592592593 0.5755497685185185 0.05384259259259254 0.2612268518518519
1 0.6084432870370371 0.600462962962963 0.050162037037037165 0.22361111111111107
6 0.5322627314814815 0.629079861111111 0.04618055555555554 0.16568287037037024
0 0.4561979166666667 0.6655092592592593 0.03711805555555543 0.08101851851851852
15 0.3626099537037037 0.15228587962962964 0.039120370370370416 0.11076388888888893
8 0.7112673611111111 0.681857638888889 0.04008101851851844 0.07019675925925917
13 0.5687210648148149 0.6629050925925926 0.04518518518518526 0.09849537037037023
3 0.6464872685185185 0.319212962962963 0.025324074074073978 0.022800925925925954