8 0.5613020833333333 0.617650462962963 0.09587962962962955 0.24988425925925917
2 0.17400462962962965 0.5891203703703705 0.07434027777777778 0.17581018518518512
14 0.34891203703703705 0.16325231481481478 0.06163194444444446 0.11921296296296298
12 0.7282928240740741 0.5358506944444444 0.2181365740740741 0.49762731481481487
10 0.26244791666666667 0.5304976851851853 0.11567129629629633 0.320775462962963
16 0.5347106481481482 0.5796585648148149 0.11879629629629633 0.32089120370370383
1 0.44575810185185183 0.646875 0.07010416666666668 0.15694444444444447
7 0.19272569444444443 0.6546875 0.04083333333333332 0.05763888888888893
15 0.31421875 0.15674189814814815 0.05657407407407407 0.11278935185185186
9 0.6363194444444444 0.5751157407407408 0.16175925925925938 0.4144675925925926
13 0.4019502314814815 0.67578125 0.05059027777777771 0.09074074074074083
4 0.4777372685185185 0.6597222222222222 0.06798611111111122 0.14751157407407406
6 0.38028356481481485 0.620457175925926 0.07995370370370374 0.19160879629629618
11 0.26381944444444444 0.6520543981481481 0.048657407407407406 0.08443287037037024
0 0.302193287037037 0.649074074074074 0.056203703703703665 0.1065393518518519
3 0.5546064814814814 0.375462962962963 0.028229166666666573 0.02910879629629637
5 0.3337615740740741 0.6557002314814815 0.05270833333333336 0.10017361111111107