4 0.31796875 0.43203125 0.15625 0.0328125
12 0.50703125 0.20390625 0.5203125 0.1265625
6 0.321875 0.54296875 0.1609375 0.034375
15 0.790625 0.75234375 0.1171875 0.034375
9 0.446875 0.29765625 0.4265625 0.0640625
2 0.33046875 0.76171875 0.1828125 0.0359375
8 0.325 0.353125 0.1703125 0.0375
7 0.2640625 0.721875 0.0546875 0.03125
11 0.28046875 0.6515625 0.0890625 0.03125
1 0.33984375 0.4671875 0.196875 0.034375
16 0.371875 0.39375 0.2734375 0.0359375
14 0.78828125 0.71328125 0.1171875 0.034375
5 0.32265625 0.5765625 0.171875 0.034375
0 0.2890625 0.61484375 0.1109375 0.0328125
10 0.4046875 0.68984375 0.340625 0.0359375
3 0.63359375 0.446875 0.0296875 0.0390625
13 0.28359375 0.50390625 0.0953125 0.0328125