0 0.5616030092592592 0.3541550925925926 0.043912037037036986 0.11334490740740737
5 0.5169675925925926 0.40785879629629634 0.06158564814814813 0.23605324074074083
9 0.22210069444444444 0.45456018518518515 0.1125 0.427800925925926
6 0.48668981481481477 0.37319444444444444 0.053761574074074045 0.18255787037037036
8 0.2951331018518518 0.41975694444444445 0.08026620370370371 0.3401041666666666
10 0.6177893518518519 0.43887731481481485 0.060717592592592594 0.25939814814814816
2 0.6968402777777778 0.41225694444444444 0.053900462962963046 0.18724537037037034
12 0.12390625000000002 0.4933506944444444 0.15277777777777776 0.5237731481481482
14 0.57484375 0.8581655092592593 0.040879629629629474 0.11628472222222222
13 0.45446180555555554 0.3251099537037037 0.043495370370370344 0.09928240740740737
11 0.5903877314814815 0.3863831018518519 0.05040509259259256 0.17456018518518518
15 0.6122974537037036 0.8619502314814815 0.04542824074074083 0.11187499999999986
16 0.33203125 0.44229166666666664 0.07825231481481483 0.37741898148148145
4 0.3823784722222222 0.3278819444444444 0.047361111111111145 0.12446759259259252
1 0.4216493055555556 0.32316550925925924 0.04354166666666668 0.10084490740740737
7 0.6723148148148148 0.34193287037037035 0.034525462962962904 0.05975694444444439
3 0.3436111111111111 0.6589814814814815 0.02408564814814813 0.023263888888888928