9 0.6975983796296296 0.5930266203703705 0.10480324074074084 0.42829861111111106
16 0.5906539351851852 0.6546006944444445 0.06313657407407405 0.27228009259259256
0 0.3692418981481482 0.7220775462962963 0.03888888888888893 0.08101851851851852
5 0.40752314814814816 0.7024305555555556 0.045775462962962976 0.14056712962962975
2 0.22954282407407406 0.6576099537037037 0.05381944444444446 0.18923611111111108
15 0.26655092592592594 0.2033564814814815 0.046527777777777855 0.11875
12 0.7935763888888888 0.5513310185185185 0.16290509259259256 0.522511574074074
1 0.518605324074074 0.7104456018518519 0.045775462962962976 0.14056712962962975
10 0.3047743055555555 0.6245081018518519 0.06435185185185191 0.26296296296296295
6 0.4448784722222222 0.6999131944444444 0.04733796296296298 0.140625
4 0.5558738425925925 0.7055844907407407 0.04976851851851851 0.16412037037037042
13 0.47873263888888895 0.7292534722222221 0.04253472222222214 0.09519675925925916
8 0.630179398148148 0.752806712962963 0.04212962962962976 0.08425925925925917
11 0.3385416666666667 0.6725694444444444 0.05017361111111107 0.1750578703703704
7 0.26391782407407405 0.7220775462962963 0.038136574074074045 0.06070601851851851
14 0.3065104166666667 0.20795717592592594 0.04508101851851851 0.12181712962962958
3 0.5560763888888889 0.3950810185185185 0.02581018518518512 0.022800925925925954