11 0.6551215277777778 0.7233159722222222 0.04232638888888882 0.1491898148148149
14 0.6869097222222222 0.24331597222222223 0.03850694444444436 0.11775462962962964
5 0.5804513888888889 0.7040277777777778 0.044791666666666605 0.18990740740740736
6 0.5477430555555556 0.6973958333333333 0.04656249999999993 0.19937500000000002
4 0.4416319444444444 0.7200520833333334 0.04243055555555557 0.15387731481481487
0 0.6191319444444444 0.7587326388888889 0.0344444444444445 0.07538194444444457
9 0.3037326388888889 0.5890625 0.08406250000000001 0.41225694444444444
15 0.7221180555555555 0.24305555555555552 0.03847222222222228 0.11619212962962963
2 0.7594965277777778 0.7083796296296296 0.04454861111111121 0.17896990740740737
10 0.6860416666666668 0.6344039351851852 0.05569444444444436 0.32943287037037033
1 0.47399305555555554 0.6719039351851851 0.049097222222222216 0.2432175925925925
12 0.21800347222222222 0.5393923611111111 0.12489583333333334 0.4942592592592593
16 0.40885416666666663 0.6813425925925926 0.04743055555555564 0.23843750000000002
8 0.37230902777777775 0.706556712962963 0.044618055555555536 0.18209490740740736
7 0.7252430555555556 0.7712789351851852 0.03243055555555561 0.0549768518518519
13 0.5144791666666666 0.7509664351851851 0.03631944444444457 0.08953703703703705
3 0.43359375 0.4129224537037037 0.02711805555555564 0.026574074074074083