11 0.5956250000000001 0.34023726851851854 0.04875000000000007 0.1698611111111111
10 0.6313541666666667 0.3773842592592592 0.059375 0.25906250000000003
2 0.7018229166666667 0.3378703703703704 0.04979166666666668 0.1854861111111111
7 0.67078125 0.277193287037037 0.036666666666666715 0.05878472222222229
0 0.5586458333333333 0.31014467592592593 0.041874999999999926 0.11351851851851853
9 0.1988541666666667 0.49078125000000006 0.1078125 0.4242361111111112
12 0.11130208333333333 0.5409375 0.16197916666666665 0.5116087962962963
15 0.6336979166666667 0.7983564814814815 0.04343749999999993 0.11356481481481477
5 0.5253125000000001 0.3540162037037037 0.050520833333333216 0.19642361111111112
14 0.5953125 0.8010532407407407 0.041874999999999926 0.11351851851851862
6 0.48895833333333333 0.3613310185185185 0.062291666666666676 0.20924768518518516
4 0.34546875 0.34998842592592594 0.04822916666666668 0.1620486111111111
16 0.30515625 0.44006944444444446 0.07260416666666672 0.3405439814814814
1 0.3980208333333333 0.4622685185185185 0.11083333333333334 0.39937500000000004
8 0.26630208333333333 0.4848842592592592 0.08895833333333333 0.4221180555555556
13 0.4535416666666666 0.3078009259259259 0.040625 0.09476851851851853
3 0.34578125000000004 0.661082175925926 0.02645833333333325 0.02261574074074062