0 0.646267361111111 0.66953125 0.06469907407407405 0.11531249999999993
2 0.7684027777777777 0.6020486111111112 0.09045138888888893 0.189201388888889
5 0.5979745370370371 0.6388194444444444 0.09415509259259255 0.19708333333333333
9 0.29386574074074073 0.5977430555555555 0.19097222222222224 0.4301041666666666
6 0.5614293981481481 0.6403472222222222 0.09855324074074083 0.21434027777777764
4 0.4685474537037037 0.6921006944444444 0.08223379629629637 0.1625
8 0.38038194444444445 0.6495833333333334 0.12384259259259256 0.2819791666666667
14 0.5585648148148148 0.16996527777777776 0.06336805555555554 0.11840277777777777
7 0.7581018518518519 0.6735763888888889 0.04513888888888893 0.061840277777777786
1 0.492650462962963 0.6489583333333333 0.10740740740740744 0.2285763888888889
10 0.6897280092592593 0.5823611111111111 0.11620370370370363 0.2630902777777777
12 0.18836805555555555 0.5634201388888889 0.2569444444444444 0.5204861111111111
16 0.40477430555555555 0.6103472222222223 0.140625 0.34006944444444437
15 0.5945891203703704 0.16140625000000003 0.06793981481481488 0.11694444444444443
11 0.6686631944444444 0.6349305555555556 0.08460648148148149 0.17347222222222225
13 0.5459780092592592 0.7055208333333333 0.061863425925925954 0.09809027777777786
3 0.3715856481481482 0.38342013888888893 0.029976851851851904 0.025624999999999964