5 0.367824074074074 0.33013310185185185 0.05572916666666661 0.19831018518518526
9 0.6598379629629629 0.4104456018518519 0.10960648148148149 0.43090277777777786
10 0.2644386574074074 0.3823611111111111 0.06788194444444447 0.2735879629629629
11 0.2962962962962963 0.3228877314814815 0.05115740740740744 0.15915509259259258
16 0.5515335648148149 0.3426388888888889 0.07268518518518512 0.2768518518518519
2 0.1875 0.3526446759259259 0.05526620370370372 0.18581018518518527
6 0.40355902777777775 0.334537037037037 0.05613425925925934 0.20924768518518516
1 0.4805555555555555 0.34162037037037035 0.06388888888888893 0.2500578703703704
8 0.5929976851851851 0.29770833333333335 0.056770833333333215 0.18429398148148152
12 0.7567708333333334 0.4481539351851852 0.17251157407407405 0.5279745370370371
15 0.23721064814814813 0.8014583333333334 0.044791666666666695 0.11370370370370395
0 0.3268229166666667 0.27828125 0.040567129629629585 0.0839236111111111
13 0.43637152777777777 0.2703530092592593 0.04259259259259256 0.09646990740740743
14 0.27557870370370374 0.797980324074074 0.044965277777777854 0.11839120370370378
7 0.21828703703703703 0.2799363425925926 0.03657407407407405 0.060393518518518444
4 0.5143229166666666 0.2727256944444444 0.04837962962962976 0.12629629629629627
3 0.524681712962963 0.6040856481481482 0.02719907407407405 0.017974537037036952