0 0.270162037037037 0.561875 0.07785879629629626 0.047719907407407544
11 0.2673668981481481 0.5995775462962962 0.08567129629629626 0.04812499999999993
10 0.38077546296296294 0.6508159722222222 0.32934027777777786 0.11068287037037053
5 0.328130787037037 0.5377430555555556 0.1894444444444444 0.07534722222222215
12 0.5499131944444444 0.20622106481481478 0.49907407407407406 0.2052893518518518
16 0.3754513888888889 0.36549768518518516 0.22262731481481488 0.08954861111111115
2 0.29650462962962965 0.7115219907407407 0.18158564814814815 0.07337962962962977
14 0.7661574074074073 0.7176851851851852 0.12188657407407408 0.0593634259259261
9 0.48241898148148155 0.2785763888888889 0.4131712962962963 0.14935185185185187
8 0.3240856481481481 0.32199652777777776 0.11246527777777775 0.05731481481481478
6 0.34195601851851853 0.5025983796296296 0.20203703703703707 0.07912037037037045
4 0.33324652777777775 0.39350694444444445 0.15332175925925923 0.06723379629629633
1 0.3138136574074074 0.42424768518518513 0.11876157407407409 0.05920138888888893
7 0.24194444444444443 0.6658391203703704 0.05892361111111111 0.04049768518518526
15 0.7640740740740741 0.7530034722222222 0.1203240740740739 0.05928240740740733
3 0.6373495370370371 0.4372048611111111 0.028958333333333287 0.029583333333333427
13 0.29141782407407407 0.460619212962963 0.08879629629629626 0.048287037037037094