0 0.7118171296296296 0.5321180555555556 0.11334490740740737 0.04226851851851841
9 0.52078125 0.2245196759259259 0.42899305555555556 0.10002314814814817
2 0.6945543981481481 0.67625 0.18724537037037034 0.051168981481481524
7 0.7563483796296296 0.637019675925926 0.058194444444444396 0.033645833333333285
14 0.22937500000000002 0.651082175925926 0.11784722222222221 0.03921296296296291
10 0.6485243055555555 0.61203125 0.26408564814814817 0.05699074074074062
12 0.45865740740740735 0.13942708333333334 0.5335185185185185 0.1515277777777778
16 0.6320833333333333 0.3213946759259259 0.22327546296296283 0.05326388888888882
15 0.23559606481481482 0.6900868055555556 0.11812500000000004 0.043900462962962905
11 0.688119212962963 0.56765625 0.17299768518518518 0.047835648148148203
8 0.6895081018518519 0.2744097222222222 0.09478009259259253 0.04511574074074076
6 0.7144039351851852 0.4570138888888889 0.09303240740740737 0.0419675925925926
5 0.6498553240740741 0.5025405092592592 0.23449074074074083 0.05811342592592581
1 0.7049537037037037 0.3899074074074075 0.09146990740740754 0.04194444444444443
13 0.7100694444444444 0.42345486111111114 0.09615740740740737 0.04201388888888893
3 0.3568807870370371 0.3880266203703704 0.02510416666666666 0.028472222222222232
4 0.6684490740740741 0.3544791666666667 0.15893518518518518 0.04762731481481488