9 0.45703125 0.234375 0.425 0.075
5 0.3640625 0.51796875 0.2328125 0.034375
8 0.35390625 0.296875 0.2125 0.0453125
2 0.3390625 0.69609375 0.184375 0.03125
11 0.33359375 0.5875 0.16875 0.0328125
6 0.33984375 0.48125 0.190625 0.0328125
12 0.51015625 0.1484375 0.5125 0.1171875
16 0.41796875 0.3375 0.35 0.0375
10 0.37578125 0.628125 0.259375 0.0328125
1 0.34453125 0.41015625 0.19375 0.0359375
7 0.27265625 0.66015625 0.0546875 0.0296875
4 0.3078125 0.371875 0.1171875 0.0359375
15 0.796875 0.68828125 0.1125 0.0328125
0 0.28515625 0.55390625 0.078125 0.03125
14 0.8 0.64921875 0.1140625 0.03125
13 0.2921875 0.4453125 0.090625 0.0328125
3 0.640625 0.3875 0.021875 0.028125