11 0.37578125 0.6828125 0.15625 0.03125
9 0.46875 0.321875 0.4203125 0.05625
5 0.39765625 0.6125 0.2109375 0.034375
8 0.3484375 0.39140625 0.1203125 0.034375
14 0.8203125 0.70703125 0.11875 0.0328125
16 0.43359375 0.4296875 0.284375 0.0359375
1 0.4421875 0.49921875 0.303125 0.0328125
12 0.5171875 0.2359375 0.503125 0.09375
10 0.38828125 0.71875 0.1859375 0.0328125
6 0.40078125 0.57421875 0.2203125 0.0328125
15 0.821875 0.73515625 0.1140625 0.03125
0 0.33828125 0.6515625 0.0859375 0.03125
2 0.39921875 0.79296875 0.2015625 0.034375
4 0.3765625 0.465625 0.175 0.0328125
13 0.3421875 0.54375 0.1015625 0.03125
7 0.3296875 0.759375 0.0609375 0.0328125
3 0.653125 0.4640625 0.015625 0.0203125