14 0.6531886574074074 0.796238425925926 0.034629629629629476 0.11521990740740726
2 0.7083506944444444 0.33509837962962963 0.044479166666666715 0.18425925925925926
9 0.24674768518518517 0.46168981481481486 0.07035879629629634 0.4255787037037038
5 0.5300694444444444 0.362818287037037 0.042789351851851974 0.2325810185185185
8 0.3118923611111111 0.3638599537037037 0.04733796296296298 0.22806712962962958
16 0.3486342592592592 0.36328125 0.044074074074074154 0.22326388888888893
6 0.4930497685185185 0.35402199074074076 0.039016203703703664 0.21059027777777767
12 0.15997106481481482 0.5157407407407407 0.11991898148148147 0.5179398148148149
0 0.5654398148148149 0.2895543981481482 0.033611111111111217 0.08084490740740743
10 0.6382523148148148 0.3713252314814815 0.04353009259259259 0.2575810185185185
7 0.6720312500000001 0.27074652777777775 0.03291666666666657 0.05740740740740744
11 0.6003067129629629 0.3312789351851852 0.03937500000000007 0.1700231481481481
15 0.6914236111111112 0.7932581018518519 0.03619212962962966 0.11527777777777767
1 0.42347222222222225 0.3550347222222222 0.042048611111111 0.2075810185185185
13 0.45693865740740736 0.29670138888888886 0.03559027777777786 0.09496527777777777
4 0.38536458333333334 0.30951967592592594 0.03481481481481481 0.12146990740740744
3 0.39685763888888886 0.6446180555555555 0.024039351851851798 0.021180555555555536