0 0.4513715277777777 0.6577083333333333 0.04586805555555564 0.08562499999999992
10 0.37274305555555554 0.5866145833333334 0.0802083333333334 0.2623958333333333
12 0.8353645833333333 0.36026041666666664 0.22524305555555557 0.54625
11 0.4131597222222222 0.6236458333333333 0.06388888888888893 0.17562499999999998
5 0.48546875 0.6266145833333334 0.05583333333333336 0.13458333333333333
7 0.34543402777777776 0.6928124999999999 0.03850694444444445 0.06020833333333329
15 0.2705902777777778 0.18604166666666666 0.05506944444444448 0.11739583333333332
2 0.3043576388888889 0.6355729166666666 0.06927083333333339 0.19156250000000002
8 0.7001736111111111 0.5453125 0.07444444444444435 0.20281249999999992
6 0.5213020833333333 0.6265625 0.053715277777777716 0.12197916666666657
16 0.6612500000000001 0.5447916666666666 0.07555555555555564 0.22781249999999992
4 0.6291319444444444 0.6014583333333333 0.05378472222222221 0.12354166666666674
14 0.3043923611111111 0.17911458333333333 0.05208333333333339 0.1203125
13 0.5584895833333333 0.63109375 0.05111111111111111 0.0984375
1 0.5976041666666667 0.6097916666666666 0.052291666666666715 0.125
3 0.5795138888888889 0.28072916666666664 0.029027777777777784 0.02218749999999998
9 0.6908493250000001 0.2288037765625 0.752831740625 0.6317208859375001 0.8157626671875 0.6187981984375 0.747125390625 0.2172153390625 0.6908493250000001 0.2288037765625