10 0.40546875 0.62109375 0.259375 0.0359375
5 0.37109375 0.515625 0.2 0.0328125
9 0.47890625 0.2296875 0.41875 0.0671875
11 0.35703125 0.584375 0.16875 0.0328125
6 0.37578125 0.47734375 0.209375 0.0328125
7 0.30078125 0.6578125 0.05625 0.028125
15 0.8234375 0.67421875 0.1109375 0.0328125
12 0.5390625 0.14609375 0.509375 0.10625
2 0.3671875 0.6953125 0.184375 0.0328125
8 0.4484375 0.2953125 0.3515625 0.05
0 0.31328125 0.5515625 0.078125 0.03125
14 0.82421875 0.63984375 0.1125 0.03125
16 0.43125 0.33515625 0.3265625 0.034375
1 0.34375 0.40859375 0.140625 0.034375
4 0.3328125 0.37109375 0.1171875 0.0328125
13 0.3203125 0.44296875 0.09375 0.03125
3 0.66328125 0.38203125 0.01875 0.0265625