14 0.7513310185185185 0.27064814814814814 0.060821759259259166 0.12427083333333329
5 0.5267361111111111 0.6995891203703704 0.07413194444444429 0.18849537037037045
10 0.630931712962963 0.7144212962962964 0.07939814814814809 0.20418981481481477
11 0.5836805555555555 0.76609375 0.05 0.08506944444444446
4 0.37717013888888895 0.7067534722222222 0.055787037037037024 0.11482638888888878
0 0.544704861111111 0.7631712962962963 0.04508101851851851 0.07875000000000014
1 0.4188368055555555 0.679230324074074 0.0721064814814815 0.17597222222222228
6 0.4901331018518519 0.6959201388888889 0.07378472222222214 0.17912037037037046
12 0.2182002314814815 0.4612962962962963 0.20763888888888893 0.5043634259259259
13 0.44412615740740746 0.7351041666666667 0.04866898148148149 0.09129629629629629
15 0.787962962962963 0.2735358796296296 0.059085648148148096 0.11956018518518521
2 0.698582175925926 0.7451273148148149 0.07540509259259273 0.1807060185185186
9 0.2845196759259259 0.5279398148148149 0.15434027777777776 0.41456018518518506
16 0.3756076388888889 0.5800983796296296 0.11597222222222223 0.34840277777777773
7 0.6474247685185185 0.7967418981481481 0.04120370370370363 0.058391203703703806
8 0.30300925925925926 0.7040914351851851 0.049942129629629586 0.08350694444444447
3 0.4578703703703704 0.38511574074074073 0.02268518518518512 0.022199074074074066