1 0.5231770833333333 0.33964699074074073 0.08541666666666678 0.2270833333333333
14 0.7032812500000001 0.8157465277777778 0.06125000000000007 0.12226851851851847
9 0.3480729166666666 0.40706597222222224 0.15041666666666664 0.4056018518518519
12 0.25729166666666664 0.42747685185185186 0.209375 0.49349537037037033
6 0.599375 0.3581712962962963 0.08364583333333328 0.22394675925925922
11 0.7107812499999999 0.30745949074074075 0.04604166666666672 0.08155092592592598
13 0.5702083333333333 0.28377314814814814 0.049583333333333354 0.08782407407407407
15 0.7396874999999999 0.8230439814814815 0.0578125 0.11755787037037031
8 0.42723958333333334 0.25928819444444445 0.051875000000000074 0.09877314814814815
16 0.4535937499999999 0.3734895833333334 0.10520833333333321 0.313125
4 0.49812499999999993 0.28011574074074075 0.05437499999999993 0.11284722222222224
10 0.7453645833333333 0.3342650462962963 0.061979166666666786 0.1332060185185185
7 0.7822916666666667 0.3025231481481481 0.039583333333333394 0.05495370370370374
0 0.6756770833333333 0.2962673611111111 0.047499999999999966 0.07999999999999999
2 0.8133333333333332 0.36990740740740746 0.07270833333333329 0.1770138888888889
3 0.4654166666666667 0.5976851851851851 0.02156249999999993 0.018900462962962904
5 0.6384375 0.29989583333333336 0.05020833333333332 0.09719907407407406