5 0.49560763888888887 0.6057986111111111 0.04903935185185197 0.23218750000000005
2 0.3155324074074074 0.6230902777777778 0.0445717592592592 0.18680555555555553
14 0.389537037037037 0.16567708333333334 0.0424884259259259 0.11649305555555553
9 0.7792534722222222 0.5221006944444444 0.08442129629629633 0.42503472222222227
6 0.531087962962963 0.6159548611111111 0.046967592592592665 0.2149652777777778
10 0.38484953703703706 0.5879340277777778 0.04835648148148142 0.2618402777777778
4 0.6368402777777777 0.6495659722222222 0.04226851851851858 0.16177083333333328
8 0.7095312500000001 0.5963541666666666 0.05152777777777793 0.2634722222222223
1 0.5987094907407406 0.6027256944444445 0.047800925925925955 0.24309027777777778
7 0.3472337962962963 0.6903993055555555 0.03447916666666675 0.05697916666666671
12 0.871568287037037 0.47157986111111116 0.13251157407407418 0.5197916666666667
16 0.6741724537037037 0.6166840277777779 0.04743055555555564 0.2305902777777778
11 0.42371527777777784 0.6331944444444444 0.0425462962962964 0.17114583333333327
15 0.3512094907407407 0.16496527777777778 0.042488425925925985 0.11649305555555553
0 0.45628472222222227 0.67703125 0.03678240740740755 0.08201388888888879
13 0.5649479166666668 0.6769618055555556 0.038715277777777855 0.09454861111111121
3 0.6393692129629629 0.33914930555555556 0.028819444444444463 0.024062499999999966