1 0.34453125 0.4734375 0.2375 0.0296875
5 0.3234375 0.58359375 0.1875 0.0328125
14 0.78515625 0.70234375 0.1171875 0.03125
9 0.434375 0.309375 0.4015625 0.0515625
0 0.26796875 0.61953125 0.071875 0.0296875
11 0.271875 0.65625 0.08125 0.0296875
6 0.31796875 0.5484375 0.1734375 0.034375
12 0.47109375 0.2265625 0.4734375 0.084375
16 0.37734375 0.40625 0.2953125 0.0359375
8 0.25859375 0.36953125 0.0625 0.0296875
4 0.284375 0.4421875 0.109375 0.0296875
2 0.32265625 0.7640625 0.1765625 0.03125
15 0.78515625 0.7390625 0.1140625 0.03125
10 0.35 0.690625 0.2328125 0.03125
7 0.25703125 0.72578125 0.05 0.028125
13 0.27109375 0.5125 0.0796875 0.028125
3 0.60859375 0.44453125 0.0140625 0.025