9 0.4191724537037037 0.24620949074074075 0.4298958333333333 0.1578125
5 0.3868576388888889 0.557505787037037 0.1694328703703704 0.07466435185185176
2 0.4540798611111111 0.7234780092592592 0.19155092592592596 0.07951388888888893
7 0.3836574074074074 0.7068055555555556 0.06468750000000005 0.04265046296296297
14 0.8727256944444445 0.537494212962963 0.11846064814814809 0.05554398148148145
16 0.42332175925925924 0.3563773148148148 0.3545138888888889 0.11976851851851844
10 0.4681597222222223 0.6483449074074074 0.2626736111111111 0.09565972222222215
6 0.40403935185185186 0.5120486111111111 0.22624999999999992 0.08601851851851858
1 0.38336805555555553 0.44498842592592586 0.22945601851851852 0.08760416666666657
12 0.43964699074074076 0.14367476851851851 0.5346180555555555 0.21950231481481483
4 0.3389814814814815 0.417962962962963 0.1645023148148148 0.06994212962962969
11 0.41361689814814817 0.621394675925926 0.1756828703703704 0.0747106481481481
0 0.3624826388888889 0.5998900462962963 0.09329861111111111 0.0522337962962963
15 0.8832638888888888 0.5749305555555555 0.11862268518518526 0.058668981481481454
8 0.2931886574074074 0.34874421296296293 0.11878472222222225 0.06179398148148145
13 0.3312731481481482 0.4953935185185185 0.09971064814814809 0.05540509259259263
3 0.633449074074074 0.3391898148148148 0.031226851851851832 0.029907407407407403