5 0.33125 0.60546875 0.1953125 0.03125
9 0.44609375 0.31875 0.425 0.05625
10 0.371875 0.7109375 0.2703125 0.034375
11 0.315625 0.67578125 0.15625 0.03125
16 0.365625 0.4234375 0.271875 0.0390625
2 0.3328125 0.7859375 0.1828125 0.0328125
6 0.33984375 0.56953125 0.20625 0.03125
1 0.35625 0.49375 0.246875 0.0328125
8 0.32578125 0.3796875 0.18125 0.034375
12 0.4953125 0.22421875 0.515625 0.109375
15 0.78828125 0.75859375 0.1109375 0.03125
0 0.275 0.64375 0.0796875 0.03125
13 0.2796875 0.534375 0.0921875 0.03125
14 0.7890625 0.7203125 0.115625 0.03125
7 0.2640625 0.7515625 0.05625 0.0296875
4 0.29140625 0.45703125 0.121875 0.0328125
3 0.62421875 0.46328125 0.015625 0.025