1 0.33828125 0.47265625 0.225 0.03125
14 0.78046875 0.70078125 0.1171875 0.0328125
9 0.4375 0.30703125 0.4015625 0.0546875
12 0.47421875 0.2203125 0.4828125 0.09375
6 0.34296875 0.54921875 0.221875 0.03125
11 0.27265625 0.653125 0.078125 0.028125
13 0.27421875 0.5125 0.084375 0.0296875
15 0.78125 0.7375 0.1140625 0.03125
8 0.27578125 0.36953125 0.0953125 0.0296875
16 0.384375 0.40703125 0.3125 0.03125
4 0.28359375 0.44140625 0.109375 0.028125
10 0.29296875 0.690625 0.1296875 0.03125
7 0.2546875 0.7234375 0.05 0.028125
0 0.2671875 0.61796875 0.075 0.0296875
2 0.315625 0.7609375 0.1734375 0.03125
3 0.60625 0.44375 0.015625 0.0171875
5 0.278125 0.58125 0.09375 0.028125