14 0.83046875 0.625 0.11875 0.034375
9 0.4734375 0.22421875 0.4421875 0.059375
2 0.3828125 0.69765625 0.18125 0.034375
6 0.3640625 0.478125 0.14375 0.0328125
12 0.5234375 0.13125 0.5171875 0.10625
16 0.42265625 0.33046875 0.271875 0.0359375
15 0.83046875 0.665625 0.1171875 0.0359375
8 0.3453125 0.29140625 0.1171875 0.034375
1 0.3625 0.40859375 0.14375 0.0328125
11 0.375 0.58828125 0.1640625 0.03125
10 0.37421875 0.628125 0.165625 0.0328125
0 0.3328125 0.5546875 0.08125 0.03125
7 0.3234375 0.6640625 0.0546875 0.03125
5 0.35625 0.51640625 0.13125 0.03125
4 0.3484375 0.36640625 0.115625 0.034375
13 0.33515625 0.44375 0.090625 0.03125
3 0.6625 0.37265625 0.0234375 0.0265625