5 0.3703125 0.4953125 0.234375 0.034375
9 0.46171875 0.2046875 0.4328125 0.0609375
2 0.346875 0.6765625 0.1859375 0.034375
6 0.3390625 0.4578125 0.18125 0.034375
4 0.31171875 0.34375 0.121875 0.0328125
12 0.50703125 0.11484375 0.515625 0.10625
0 0.29296875 0.534375 0.0859375 0.03125
16 0.40703125 0.31171875 0.321875 0.0359375
10 0.3828125 0.60078125 0.2609375 0.034375
8 0.34296875 0.26796875 0.19375 0.0359375
11 0.3390625 0.56875 0.1703125 0.0328125
14 0.81171875 0.6109375 0.11875 0.0328125
13 0.29453125 0.4234375 0.0921875 0.0328125
1 0.34140625 0.38046875 0.18125 0.0359375
15 0.81171875 0.6515625 0.1171875 0.0359375
7 0.28203125 0.64375 0.059375 0.03125
3 0.64765625 0.35 0.025 0.03125