9 0.3425694444444444 0.4759027777777778 0.08809027777777781 0.4066087962962962
5 0.6066319444444443 0.38440972222222225 0.050567129629629545 0.22390046296296298
14 0.7582233796296296 0.8285937499999999 0.04193287037037034 0.11748842592592582
6 0.5708969907407407 0.38645254629629633 0.047361111111111145 0.2221759259259259
8 0.3922800925925926 0.32265046296296296 0.03964120370370372 0.1033449074074074
15 0.7926793981481481 0.8319386574074074 0.03848379629629637 0.111076388888889
1 0.49918402777777776 0.3858506944444445 0.050567129629629545 0.22390046296296298
7 0.7349074074074073 0.3037962962962963 0.032361111111111104 0.05310185185185183
12 0.2667939814814815 0.5171643518518518 0.12290509259259261 0.4769791666666666
11 0.6715393518518519 0.35894675925925923 0.04428240740740748 0.1628009259259259
10 0.7075462962962963 0.3771759259259259 0.047951388888888856 0.20350694444444448
0 0.6325520833333333 0.3132928240740741 0.03505787037037038 0.07505787037037041
16 0.43578124999999995 0.38022569444444443 0.04991898148148159 0.21140046296296297
4 0.46185185185185185 0.32703703703703707 0.038564814814814774 0.11263888888888882
2 0.7779513888888888 0.36758101851851854 0.04657407407407401 0.1769444444444445
13 0.5281481481481481 0.31333333333333335 0.03702546296296294 0.08295138888888891
3 0.49042245370370374 0.652644675925926 0.021203703703703704 0.01824074074074069