9 0.5072048611111111 0.315625 0.41209490740740745 0.15706018518518522
6 0.35870949074074077 0.519704861111111 0.19259259259259257 0.07569444444444429
14 0.7868344907407407 0.7879918981481481 0.1260416666666666 0.06076388888888893
5 0.3571759259259259 0.5515914351851852 0.20231481481481478 0.08072916666666678
12 0.5667824074074075 0.24693287037037037 0.49861111111111106 0.21012731481481478
8 0.31958912037037035 0.3281539351851852 0.0640625 0.04444444444444447
11 0.2911458333333333 0.6067997685185185 0.08616898148148149 0.048379629629629585
0 0.2924479166666667 0.5717881944444445 0.07847222222222214 0.04965277777777786
15 0.780005787037037 0.822019675925926 0.12135416666666679 0.060590277777777854
16 0.448119212962963 0.4014756944444445 0.3262731481481481 0.11336805555555554
7 0.26302083333333337 0.6688657407407408 0.05769675925925925 0.04265046296296297
4 0.335474537037037 0.40587384259259257 0.11631944444444446 0.05572916666666679
1 0.36979166666666663 0.4484375 0.19270833333333331 0.07725694444444446
10 0.36215277777777777 0.6608506944444444 0.24832175925925934 0.09178240740740744
13 0.3113136574074074 0.4688657407407407 0.09085648148148148 0.048553240740740654
2 0.3184606481481481 0.723119212962963 0.1799768518518518 0.07366898148148149
3 0.656423611111111 0.48943865740740744 0.025405092592592736 0.027430555555555534