14 0.7823958333333334 0.22052083333333333 0.07534722222222215 0.15302083333333333
9 0.3241319444444445 0.4877083333333333 0.17600694444444437 0.41989583333333336
8 0.35802083333333334 0.6155208333333333 0.08447916666666674 0.18322916666666664
12 0.25307291666666665 0.42270833333333335 0.2328125 0.50625
4 0.42595486111111114 0.64546875 0.07385416666666664 0.15447916666666667
13 0.48975694444444445 0.6882291666666667 0.05395833333333329 0.0923958333333335
1 0.4649131944444445 0.6405208333333333 0.08895833333333343 0.1788541666666667
11 0.6281423611111111 0.7166145833333333 0.05218749999999996 0.08760416666666657
15 0.8180034722222222 0.22833333333333333 0.06472222222222221 0.12427083333333329
2 0.7443229166666667 0.6861458333333333 0.08277777777777776 0.18000000000000008
16 0.4060590277777778 0.5856770833333333 0.1081944444444444 0.2611458333333333
7 0.6960763888888889 0.7465624999999999 0.04468750000000003 0.05906249999999993
10 0.6873784722222223 0.60375 0.1316319444444444 0.3328125
0 0.5911458333333334 0.7128125000000001 0.051979166666666646 0.08291666666666657
6 0.5348611111111111 0.6452604166666667 0.09114583333333322 0.19302083333333328
3 0.49234375 0.3409375 0.02923611111111111 0.026875000000000072
5 0.5600520833333333 0.70078125 0.05871527777777778 0.09427083333333339