6 0.5484027777777778 0.6963541666666667 0.08216435185185186 0.20109953703703703
14 0.7699421296296297 0.29207175925925927 0.0610069444444445 0.12390046296296298
9 0.325 0.5383680555555556 0.15339120370370374 0.4017939814814815
11 0.6431597222222223 0.7793981481481481 0.049687499999999926 0.08605324074074083
12 0.2518229166666667 0.465480324074074 0.21358796296296295 0.5100694444444445
8 0.3680671296296297 0.6771990740740741 0.07043981481481483 0.1554398148148149
5 0.5820659722222222 0.7139756944444444 0.07502314814814817 0.18368055555555535
4 0.43820601851851854 0.6914930555555555 0.07043981481481473 0.1554398148148149
15 0.8047222222222222 0.30115740740740743 0.06076388888888893 0.11921296296296298
1 0.4685821759259259 0.7058738425925926 0.06337962962962962 0.13958333333333323
0 0.6093344907407408 0.7586516203703704 0.05386574074074062 0.10648148148148132
16 0.41664351851851855 0.6064814814814815 0.10987268518518523 0.31440972222222213
7 0.7093402777777778 0.8075810185185185 0.04025462962962969 0.05451388888888893
13 0.5031365740740741 0.7406828703703704 0.05001157407407408 0.09230324074074084
10 0.6964583333333334 0.6644097222222223 0.11553240740740733 0.33333333333333337
2 0.757986111111111 0.7532407407407407 0.0763425925925926 0.17905092592592595
3 0.48362847222222227 0.39453125 0.03575231481481485 0.027835648148148096