5 0.6298263888888889 0.5351041666666667 0.2344444444444445 0.08723379629629627
2 0.6836805555555555 0.7115046296296297 0.188923611111111 0.07517361111111107
14 0.21980902777777778 0.6925983796296297 0.11993055555555551 0.06016203703703695
9 0.4888020833333333 0.2630324074074074 0.42788194444444444 0.15487268518518515
6 0.6321180555555556 0.49778935185185186 0.21715277777777775 0.08152777777777764
10 0.6354340277777778 0.6470081018518519 0.262638888888889 0.09202546296296284
4 0.64375 0.38924768518518515 0.16378472222222218 0.06744212962962966
8 0.5759722222222222 0.32359375 0.26427083333333334 0.0952430555555556
1 0.6049305555555555 0.4329803240740741 0.2438194444444445 0.08778935185185191
7 0.7436458333333333 0.6713657407407407 0.060277777777777784 0.04414351851851848
12 0.41980902777777784 0.17780092592592595 0.5276041666666668 0.2185185185185185
16 0.6032118055555555 0.35563657407407406 0.23128472222222224 0.08548611111111111
11 0.6711284722222223 0.6030902777777778 0.17319444444444443 0.06956018518518511
15 0.22769097222222223 0.7312962962962963 0.11993055555555551 0.06016203703703695
0 0.7077430555555555 0.56546875 0.08538194444444436 0.05031250000000007
13 0.6850520833333333 0.4572337962962963 0.09795138888888885 0.054178240740740694
3 0.33868055555555554 0.42422453703703705 0.027256944444444466 0.03282407407407408