9 0.2334027777777778 0.5768229166666667 0.12660879629629634 0.43104166666666666
11 0.5925289351851852 0.6884375 0.05509259259259256 0.1752083333333335
16 0.33737268518518515 0.6080208333333333 0.08532407407407412 0.35343750000000007
6 0.4851331018518518 0.6671875 0.06585648148148149 0.22270833333333329
5 0.5204745370370369 0.66328125 0.06930555555555565 0.2338541666666666
12 0.1361689814814815 0.5296354166666667 0.17138888888888887 0.5213541666666668
2 0.7015856481481482 0.6800520833333333 0.05707175925925938 0.18937500000000007
10 0.6285937500000001 0.6336979166666666 0.06917824074074072 0.28218750000000004
14 0.6204340277777778 0.22218749999999998 0.04561342592592599 0.11843750000000001
15 0.6595428240740742 0.22322916666666667 0.0470833333333335 0.11541666666666668
8 0.2988310185185185 0.6406770833333333 0.08664351851851855 0.29270833333333324
1 0.41302662037037036 0.6702083333333333 0.06902777777777783 0.22447916666666662
4 0.3794675925925926 0.7196354166666666 0.04745370370370363 0.12791666666666668
0 0.5597974537037037 0.7363541666666666 0.04146990740740737 0.08385416666666679
3 0.3713368055555556 0.38640625 0.027256944444444466 0.025208333333333322
7 0.6683449074074075 0.74515625 0.03618055555555557 0.06322916666666671
13 0.45182291666666663 0.7346354166666667 0.044965277777777854 0.09656249999999993