16 0.38307870370370367 0.38881944444444444 0.12234953703703697 0.342951388888889
9 0.2738136574074074 0.40845486111111107 0.1624189814814815 0.4234375
11 0.64359375 0.3447048611111111 0.07141203703703702 0.17326388888888894
10 0.6775983796296297 0.3971354166666667 0.0948611111111111 0.26430555555555557
2 0.7513020833333334 0.37046875 0.07682870370370373 0.1874305555555555
5 0.5733506944444444 0.36269097222222224 0.09011574074074069 0.23298611111111117
14 0.6351273148148149 0.8149652777777778 0.05771990740740733 0.11989583333333335
6 0.5336400462962964 0.35105902777777775 0.08321759259259273 0.22034722222222225
7 0.7233564814814815 0.29913194444444446 0.04214120370370367 0.060243055555555536
8 0.3582002314814815 0.28612847222222226 0.07356481481481483 0.15458333333333335
12 0.1775752314814815 0.43796875 0.22196759259259258 0.5184027777777777
15 0.6728703703703703 0.8188194444444445 0.05755787037037034 0.11677083333333335
1 0.45902199074074074 0.39026041666666667 0.11496527777777779 0.3209375
0 0.6153819444444444 0.29840277777777774 0.05133101851851851 0.08697916666666661
4 0.4324189814814815 0.28447916666666667 0.06265046296296291 0.12468750000000002
13 0.508900462962963 0.2812152777777778 0.05362268518518505 0.10107638888888885
3 0.40107638888888886 0.6152430555555556 0.027858796296296263 0.025590277777777715