5 0.3828125 0.51953125 0.2296875 0.034375
2 0.3640625 0.6984375 0.184375 0.034375
9 0.46875 0.23359375 0.421875 0.05625
6 0.3703125 0.484375 0.2078125 0.0328125
10 0.4 0.63046875 0.259375 0.0328125
14 0.82265625 0.6234375 0.1140625 0.0328125
7 0.296875 0.6671875 0.05625 0.0296875
16 0.43046875 0.33984375 0.3328125 0.0328125
1 0.3703125 0.41640625 0.209375 0.0328125
4 0.340625 0.37734375 0.1578125 0.03125
12 0.515625 0.14375 0.5078125 0.1046875
15 0.82265625 0.66328125 0.1109375 0.03125
11 0.3546875 0.59140625 0.16875 0.0328125
0 0.3109375 0.55859375 0.0796875 0.03125
8 0.37578125 0.30546875 0.234375 0.0328125
3 0.65625 0.378125 0.0203125 0.0234375
13 0.31171875 0.45078125 0.090625 0.0328125