1 0.4917708333333334 0.40208912037037037 0.10057870370370381 0.2778124999999999
5 0.3952893518518518 0.3478993055555556 0.0801388888888889 0.1957523148148148
2 0.2264641203703704 0.3184895833333333 0.07811342592592592 0.18785879629629632
8 0.6162442129629631 0.3387789351851852 0.06163194444444429 0.12002314814814818
9 0.6362094907407407 0.5013020833333333 0.15909722222222236 0.42415509259259265
10 0.28563078703703704 0.3714988425925926 0.10048611111111114 0.27625
12 0.7102662037037037 0.5527604166666666 0.22356481481481474 0.5131712962962964
6 0.42791087962962965 0.36256365740740737 0.08097222222222218 0.20981481481481482
11 0.33284722222222224 0.3238773148148148 0.07268518518518512 0.17511574074074082
15 0.13343750000000001 0.7711516203703704 0.05648148148148149 0.11196759259259252
7 0.2749710648148148 0.2622337962962963 0.041018518518518475 0.06131944444444439
14 0.16987847222222224 0.7739351851851851 0.05363425925925922 0.11649305555555553
13 0.4771064814814815 0.3078298611111111 0.055648148148148203 0.09790509259259253
16 0.5601967592592592 0.40399305555555554 0.09615740740740755 0.25577546296296294
0 0.37702546296296297 0.28809606481481487 0.04847222222222225 0.08195601851851855
4 0.5449247685185185 0.333130787037037 0.060254629629629616 0.12306712962962969
3 0.45853009259259264 0.6475925925925926 0.034479166666666575 0.029826388888889