14 0.5728819444444444 0.16065972222222222 0.049548611111111106 0.1223958333333333
8 0.34338541666666667 0.6721354166666667 0.0682986111111111 0.19347222222222235
9 0.2531944444444444 0.5901215277777778 0.13777777777777783 0.44006944444444435
11 0.6488020833333333 0.6562152777777778 0.048958333333333215 0.09583333333333321
16 0.3791319444444444 0.6619444444444444 0.0699305555555556 0.19666666666666668
1 0.4579861111111111 0.6560937499999999 0.06479166666666672 0.17614583333333336
12 0.15524305555555556 0.5459895833333334 0.19812500000000002 0.5567013888888889
10 0.67109375 0.5684201388888889 0.07906250000000004 0.25638888888888883
6 0.5280381944444444 0.64125 0.06159722222222221 0.17288194444444435
4 0.4227256944444444 0.6881597222222222 0.05430555555555561 0.12572916666666673
5 0.5680729166666667 0.6480729166666667 0.0578125 0.14305555555555555
0 0.6122395833333334 0.6648784722222223 0.04881944444444457 0.08958333333333321
15 0.6048611111111111 0.1568923611111111 0.047951388888888856 0.12076388888888889
7 0.7253993055555555 0.654375 0.04041666666666668 0.06267361111111107
2 0.7510416666666667 0.6117881944444445 0.05604166666666668 0.1336111111111112
3 0.3622395833333333 0.3592708333333333 0.02864583333333339 0.02468750000000002
13 0.5002083333333334 0.6909722222222222 0.04725694444444439 0.08951388888888889