0 0.6305208333333333 0.6180208333333332 0.11364583333333336 0.04802083333333336
5 0.5794791666666667 0.5714583333333334 0.2333333333333334 0.06999999999999992
14 0.12817708333333333 0.6080729166666667 0.11989583333333335 0.0484375
6 0.58421875 0.5356770833333334 0.23635416666666664 0.06864583333333343
9 0.5364583333333334 0.27510416666666665 0.42958333333333343 0.12041666666666666
10 0.54484375 0.6790104166666666 0.26447916666666665 0.07052083333333332
7 0.6372916666666667 0.7283333333333333 0.06166666666666672 0.03833333333333329
1 0.5949479166666667 0.46890625 0.23947916666666663 0.06885416666666658
11 0.59546875 0.6494270833333333 0.17333333333333342 0.05666666666666664
12 0.5052083333333333 0.17885416666666668 0.5223958333333334 0.18260416666666668
15 0.12171875000000001 0.64609375 0.11843750000000001 0.04989583333333325
2 0.5707291666666666 0.7497916666666666 0.18927083333333333 0.06239583333333343
16 0.5433333333333333 0.38385416666666666 0.3666666666666666 0.08666666666666663
4 0.6417708333333334 0.4375 0.1640625 0.05760416666666668
8 0.6226041666666667 0.36010416666666667 0.22697916666666665 0.06802083333333338
13 0.6594791666666666 0.5132291666666667 0.09802083333333336 0.04697916666666657
3 0.3280208333333333 0.3883333333333333 0.023541666666666662 0.02645833333333334