0 0.616099537037037 0.3716550925925926 0.055914351851851764 0.11665509259259252
1 0.4646759259259259 0.39652777777777776 0.09011574074074069 0.23530092592592594
10 0.6821527777777778 0.45844907407407404 0.0948611111111111 0.26671296296296293
5 0.5742418981481482 0.42090856481481487 0.09019675925925927 0.23686342592592596
15 0.6856423611111111 0.8863831018518518 0.060844907407407334 0.1215856481481481
16 0.3820717592592593 0.4413310185185185 0.12159722222222218 0.36159722222222224
6 0.5361747685185185 0.40802662037037035 0.08362268518518512 0.2302893518518518
4 0.43115740740740743 0.3511574074074074 0.06936342592592588 0.16565972222222217
8 0.3539583333333333 0.3198842592592593 0.06626157407407404 0.13589120370370367
13 0.5068692129629631 0.3387210648148148 0.05354166666666664 0.10094907407407412
11 0.6475289351851853 0.4067881944444444 0.0746990740740742 0.17840277777777783
2 0.7545370370370371 0.4419444444444444 0.07707175925925931 0.1941087962962964
14 0.6462557870370371 0.8781076388888888 0.06116898148148149 0.1278356481481481
7 0.7281539351851851 0.3688946759259259 0.04386574074074083 0.06460648148148147
3 0.40599537037037037 0.6622916666666667 0.03254629629629626 0.026620370370370416
12 0.21396370625 0.7422448046875 0.245786725 0.2392347796875 0.1567693296875 0.22293504999999997 0.12414365000000001 0.7320034390625 0.21396370625 0.7422448046875
9 0.28992592031250003 0.6680706640625 0.320849821875 0.2468377578125 0.26378671875 0.2397055359375 0.23358159375 0.660652871875 0.28992592031250003 0.6680706640625