6 0.5665740740740741 0.3763136574074074 0.05829861111111114 0.24415509259259255
5 0.6026041666666666 0.3822974537037037 0.05995370370370381 0.2504166666666666
11 0.6804456018518519 0.30983796296296295 0.0404050925925926 0.0909143518518519
9 0.32266782407407407 0.4203125 0.09358796296296301 0.41158564814814813
4 0.4643171296296297 0.3301909722222222 0.04778935185185187 0.16752314814814814
14 0.6838310185185186 0.802054398148148 0.03925925925925924 0.119027777777778
7 0.7506076388888889 0.2991608796296296 0.036840277777777784 0.06120370370370374
8 0.39375 0.31352430555555555 0.04891203703703706 0.13784722222222223
0 0.6428645833333333 0.3046469907407407 0.04035879629629626 0.08778935185185191
12 0.23501157407407408 0.46315393518518516 0.1386111111111111 0.4978472222222223
2 0.7830381944444446 0.3786168981481482 0.053032407407407334 0.20505787037037032
1 0.5002546296296296 0.32992476851851854 0.05238425925925938 0.1613078703703703
10 0.7059780092592592 0.4510706018518518 0.07099537037037038 0.3629861111111111
15 0.7127488425925925 0.8026215277777778 0.03762731481481474 0.11432870370370374
16 0.422037037037037 0.4297337962962963 0.07582175925925938 0.3723958333333332
13 0.5381076388888889 0.3007349537037037 0.03893518518518526 0.09715277777777782
3 0.4441840277777779 0.6061516203703704 0.025324074074073978 0.022060185185185155