5 0.5924537037037038 0.39534722222222224 0.07449074074074069 0.19578703703703706
10 0.6909027777777779 0.4513425925925926 0.09366898148148159 0.26348379629629637
11 0.66671875 0.3991087962962963 0.06763888888888889 0.1752893518518519
9 0.25776620370370373 0.42758101851851854 0.1485763888888889 0.4305902777777778
6 0.5572280092592592 0.39196180555555554 0.08129629629629634 0.2147222222222222
0 0.6352777777777778 0.36539351851851853 0.05498842592592599 0.11715277777777774
14 0.5866030092592592 0.8564872685185184 0.051863425925925986 0.11706018518518527
8 0.34143518518518523 0.35356481481481483 0.08520833333333329 0.2413773148148149
12 0.16264467592592594 0.4575462962962963 0.21858796296296296 0.5278935185185185
7 0.746099537037037 0.36477430555555557 0.03925925925925924 0.06048611111111111
2 0.7669328703703704 0.43564236111111115 0.07586805555555572 0.18958333333333321
15 0.6243113425925926 0.8646296296296295 0.05498842592592599 0.11715277777777758
16 0.3672974537037037 0.4097511574074074 0.10682870370370363 0.33880787037037036
13 0.5311574074074075 0.32874421296296297 0.051307870370370344 0.09831018518518517
4 0.4222627314814815 0.31537037037037036 0.056643518518518475 0.12032407407407408
1 0.4564814814814815 0.44283564814814813 0.1480555555555556 0.36032407407407413
3 0.36624421296296295 0.637644675925926 0.02877314814814813 0.022708333333333285