10 0.6800231481481481 0.6308391203703703 0.06497685185185187 0.19924768518518512
14 0.6581250000000001 0.17994791666666665 0.05146990740740733 0.1194212962962963
5 0.5750636574074074 0.6526909722222222 0.06292824074074091 0.18984953703703694
6 0.5386400462962964 0.6625983796296296 0.060717592592592594 0.1773263888888888
15 0.6944675925925926 0.17160300925925925 0.049583333333333354 0.11314814814814814
0 0.6114930555555556 0.7028935185185186 0.041307870370370384 0.07399305555555565
9 0.28857060185185185 0.5773090277777777 0.12122685185185186 0.4108564814814816
4 0.4346469907407407 0.7109780092592592 0.04793981481481495 0.11156250000000015
12 0.20371527777777776 0.5426562500000001 0.17444444444444446 0.5037615740740741
11 0.6486168981481482 0.694537037037037 0.04179398148148152 0.08336805555555564
1 0.46565972222222224 0.6699247685185185 0.06063657407407419 0.17576388888888878
2 0.7509548611111111 0.6329108796296297 0.05907407407407419 0.1757407407407408
7 0.7186863425925927 0.6981828703703703 0.0387731481481481 0.055219907407407474
13 0.5071412037037037 0.7130266203703703 0.04195601851851851 0.08649305555555564
16 0.3939930555555556 0.6218055555555555 0.08101851851851852 0.29784722222222226
8 0.3614525462962963 0.7073784722222223 0.052118055555555556 0.1319212962962963
3 0.41243634259259265 0.38655671296296296 0.024652777777777857 0.02378472222222223