2 0.66796875 0.6768229166666666 0.1875 0.06701388888888893
6 0.67421875 0.4534317129629629 0.10625 0.05078703703703695
10 0.61875 0.6116145833333333 0.2625 0.08788194444444439
9 0.478125 0.22619791666666664 0.43125 0.1360069444444445
0 0.6953125 0.5270254629629629 0.0859375 0.045949074074074045
12 0.41171875 0.1444560185185185 0.5296875 0.1992361111111111
1 0.6640625 0.3838252314814815 0.1046875 0.05233796296296287
14 0.2015625 0.6843055555555556 0.11875 0.052442129629629616
16 0.58671875 0.3191898148148148 0.240625 0.0783449074074074
11 0.65859375 0.5705034722222222 0.175 0.06848379629629626
8 0.59296875 0.2778298611111111 0.2078125 0.07810185185185184
7 0.728125 0.6342997685185185 0.0625 0.04108796296296298
4 0.64765625 0.3469849537037037 0.1234375 0.05247685185185187
13 0.67578125 0.418287037037037 0.0984375 0.04916666666666671
15 0.2078125 0.7218518518518519 0.1140625 0.050844907407407366
5 0.665625 0.49321180555555555 0.134375 0.05412037037037045
3 0.315625 0.40702546296296294 0.0328125 0.03461805555555557