9 0.41796875 0.31796875 0.403125 0.05625
1 0.309375 0.48828125 0.146875 0.0328125
12 0.4859375 0.23515625 0.5046875 0.0890625
5 0.32578125 0.6 0.1859375 0.0328125
4 0.30546875 0.45390625 0.15 0.03125
8 0.29921875 0.3796875 0.128125 0.03125
6 0.33671875 0.5640625 0.2015625 0.03125
14 0.77265625 0.70390625 0.11875 0.03125
11 0.26953125 0.67265625 0.078125 0.03125
16 0.36328125 0.42265625 0.2609375 0.0328125
7 0.2578125 0.7421875 0.0484375 0.028125
0 0.26796875 0.63828125 0.0734375 0.0328125
10 0.39609375 0.70546875 0.3265625 0.03125
3 0.61875 0.45 0.0265625 0.03125
2 0.29765625 0.7796875 0.1203125 0.03125
15 0.775 0.734375 0.1171875 0.0296875
13 0.28046875 0.52578125 0.1 0.03125