9 0.4767939814814815 0.23866898148148147 0.4255324074074075 0.07502314814814817
14 0.8064699074074074 0.6565624999999999 0.11589120370370373 0.036793981481481455
2 0.34347222222222223 0.6982754629629631 0.1862268518518518 0.040439814814814665
11 0.33953124999999995 0.5881423611111112 0.16903935185185182 0.04031249999999993
16 0.38535879629629627 0.3409143518518518 0.2643865740740742 0.04570601851851848
10 0.39375 0.6299305555555555 0.2800000000000001 0.04425925925925931
15 0.8036284722222222 0.6948668981481482 0.11432870370370374 0.03678240740740737
12 0.5308506944444444 0.15310763888888887 0.5118518518518519 0.1272222222222222
6 0.32232060185185185 0.4796701388888889 0.12996527777777783 0.0384606481481482
8 0.34989583333333335 0.2997685185185185 0.17844907407407398 0.045069444444444426
7 0.27989583333333334 0.6589004629629629 0.056469907407407406 0.030104166666666644
4 0.3207465277777778 0.37264467592592593 0.12057870370370374 0.036828703703703704
0 0.2923900462962963 0.5525520833333333 0.08150462962962965 0.0349768518518518
1 0.3780960648148148 0.41519097222222223 0.24250000000000008 0.04398148148148149
5 0.34997106481481477 0.5208738425925926 0.19561342592592598 0.04207175925925917
3 0.650607638888889 0.3936400462962963 0.02204861111111107 0.02359953703703699
13 0.3009722222222222 0.4454513888888889 0.09557870370370374 0.03664351851851855