14 0.80703125 0.59140625 0.1203125 0.034375
9 0.44453125 0.19765625 0.425 0.059375
2 0.36875 0.74921875 0.1796875 0.0328125
12 0.49140625 0.10234375 0.5171875 0.096875
7 0.30703125 0.71328125 0.0546875 0.0296875
1 0.425 0.43515625 0.3296875 0.078125
15 0.80546875 0.628125 0.115625 0.0359375
0 0.328125 0.60390625 0.109375 0.0328125
11 0.3203125 0.63828125 0.0875 0.03125
16 0.4171875 0.33984375 0.315625 0.034375
3 0.63359375 0.371875 0.028125 0.0359375
13 0.3140625 0.49140625 0.090625 0.03125
5 0.36953125 0.56484375 0.19375 0.0359375
4 0.33828125 0.38046875 0.15625 0.03125
6 0.37109375 0.52578125 0.203125 0.03125
8 0.38359375 0.2828125 0.2546875 0.0796875
10 0.5381559515625 0.6408178984374999 0.277638684375 0.66018536875 0.27689087031250004 0.6970827484375001 0.5345147625 0.6838700609374999 0.5381559515625 0.6408178984374999