1 0.35625 0.47421875 0.2484375 0.03125
9 0.43828125 0.30546875 0.4078125 0.0546875
6 0.3578125 0.54765625 0.2484375 0.03125
14 0.78515625 0.7015625 0.1171875 0.0328125
12 0.48203125 0.22265625 0.4921875 0.0859375
11 0.31328125 0.65234375 0.1625 0.0296875
10 0.33515625 0.6859375 0.2015625 0.0328125
0 0.26953125 0.61640625 0.071875 0.0296875
8 0.2609375 0.3671875 0.0609375 0.03125
16 0.421875 0.40703125 0.375 0.03125
4 0.2859375 0.440625 0.1125 0.0296875
2 0.31875 0.759375 0.175 0.03125
13 0.2734375 0.5109375 0.0796875 0.0296875
7 0.25859375 0.72109375 0.05 0.0296875
5 0.321875 0.58203125 0.1828125 0.03125
15 0.78515625 0.7390625 0.1140625 0.03125
3 0.615625 0.44296875 0.021875 0.025