11 0.6005208333333333 0.32666666666666666 0.06940972222222222 0.17177083333333343
10 0.6457465277777777 0.35692708333333334 0.0916666666666666 0.25972222222222213
2 0.7048090277777778 0.30637152777777776 0.07288194444444436 0.18746527777777774
7 0.6582986111111111 0.2534722222222222 0.04354166666666668 0.061875000000000034
0 0.55625 0.30420138888888887 0.05569444444444436 0.1168055555555556
9 0.2472569444444445 0.5393055555555556 0.1610069444444445 0.42836805555555557
12 0.17439236111111112 0.6018923611111111 0.22555555555555556 0.5219444444444445
15 0.7587673611111111 0.7647743055555555 0.05725694444444436 0.11684027777777786
5 0.5346354166666666 0.3515798611111111 0.07465277777777786 0.196875
14 0.7214409722222221 0.7734201388888888 0.05569444444444436 0.1168055555555556
6 0.5005555555555555 0.365625 0.0875 0.21277777777777782
4 0.3554340277777778 0.37744791666666666 0.06767361111111114 0.16392361111111117
16 0.33956597222222223 0.4723784722222222 0.11375000000000002 0.3398611111111112
1 0.4373958333333333 0.47802083333333334 0.1604861111111111 0.40493055555555557
8 0.3125347222222222 0.5222222222222223 0.1421180555555555 0.4217013888888889
13 0.4518402777777778 0.3190277777777778 0.052152777777777715 0.09798611111111111
3 0.43718749999999995 0.6796875 0.028680555555555643 0.025624999999999964