9 0.453125 0.3203125 0.4015625 0.053125
5 0.35703125 0.59296875 0.2203125 0.03125
14 0.7984375 0.70703125 0.1140625 0.03125
6 0.359375 0.55703125 0.21875 0.028125
8 0.29921875 0.38359375 0.1 0.03125
15 0.8015625 0.74140625 0.1078125 0.0296875
1 0.36015625 0.48515625 0.2203125 0.03125
7 0.27421875 0.72890625 0.05 0.028125
12 0.4953125 0.240625 0.46875 0.0828125
11 0.33046875 0.6609375 0.159375 0.0296875
10 0.3484375 0.6953125 0.2 0.03125
0 0.28515625 0.62578125 0.071875 0.028125
16 0.35546875 0.421875 0.2078125 0.03125
4 0.30234375 0.453125 0.109375 0.0296875
2 0.3375 0.76640625 0.1734375 0.03125
13 0.2875 0.52109375 0.0796875 0.0296875
3 0.62734375 0.453125 0.0171875 0.0203125