11 0.7194965277777777 0.6069444444444445 0.1488310185185185 0.057523148148148094
14 0.2539872685185185 0.7418576388888889 0.11753472222222223 0.05034722222222214
5 0.6892939814814815 0.5382928240740741 0.1895023148148148 0.06497685185185187
6 0.67734375 0.5073900462962962 0.1988888888888889 0.06681712962962968
4 0.6827835648148148 0.3978298611111111 0.15353009259259257 0.059224537037037006
0 0.7488715277777778 0.5638773148148148 0.075300925925926 0.04284722222222222
9 0.5335185185185185 0.29050925925925924 0.4102314814814815 0.1277546296296296
15 0.25971643518518517 0.7768518518518519 0.11597222222222223 0.05030092592592581
2 0.7210648148148148 0.7131712962962963 0.17855324074074072 0.06309027777777772
10 0.6370312499999999 0.6562731481481482 0.3271643518518518 0.09092592592592581
1 0.6408969907407407 0.43970486111111107 0.2411342592592593 0.07587962962962962
12 0.47123842592592596 0.21655671296296294 0.49184027777777783 0.17859953703703707
16 0.6404108796296296 0.3740798611111111 0.23642361111111115 0.0726157407407408
8 0.6588541666666667 0.3321180555555555 0.1816898148148148 0.06474537037037038
7 0.7777546296296297 0.6653877314814814 0.05495370370370374 0.037557870370370415
13 0.7246759259259259 0.46222800925925933 0.08937500000000007 0.04482638888888886
3 0.38080439814814815 0.45600694444444445 0.02677083333333332 0.02891203703703695