9 0.272806712962963 0.5686863425925927 0.11902777777777782 0.43142361111111105
16 0.38187499999999996 0.6086111111111111 0.08599537037037042 0.3471527777777778
12 0.1793576388888889 0.5163310185185186 0.16649305555555555 0.522673611111111
10 0.6746180555555557 0.6331365740740742 0.06648148148148145 0.28071759259259255
11 0.641875 0.6851793981481482 0.05559027777777779 0.17578703703703696
5 0.5685185185185185 0.6564525462962963 0.06398148148148142 0.23853009259259253
6 0.5331886574074074 0.6779861111111112 0.05670138888888889 0.19453703703703695
0 0.6144618055555556 0.7351620370370371 0.039097222222222075 0.08146990740740741
14 0.6350983796296296 0.21596064814814814 0.04600694444444429 0.11921296296296298
4 0.4307175925925925 0.6968171296296296 0.0516319444444445 0.16156250000000014
7 0.721724537037037 0.7446180555555555 0.03458333333333332 0.05787037037037024
1 0.45983217592592585 0.6492592592592592 0.06950231481481488 0.2528356481481481
2 0.7457754629629629 0.677326388888889 0.05642361111111107 0.18984953703703694
15 0.6703935185185186 0.2201273148148148 0.04582175925925931 0.11608796296296298
8 0.35706018518518523 0.7155844907407408 0.05115740740740744 0.12726851851851856
13 0.5060532407407408 0.73265625 0.044618055555555536 0.09577546296296298
3 0.3988252314814814 0.38206597222222227 0.02795138888888893 0.024814814814814845