10 0.40838541666666667 0.6497395833333334 0.2603472222222223 0.06104166666666657
11 0.35998263888888893 0.6129687500000001 0.17118055555555553 0.050416666666666644
9 0.4643229166666667 0.25328125 0.4299305555555556 0.10979166666666665
12 0.5091840277777778 0.16578125 0.5216319444444444 0.1642708333333333
1 0.39578125000000003 0.43359375 0.2667361111111111 0.0677083333333334
14 0.8350520833333335 0.6828645833333333 0.12111111111111086 0.04395833333333332
2 0.3749131944444445 0.7231770833333333 0.1883333333333333 0.05
6 0.3973611111111111 0.5046875 0.2634722222222222 0.06125000000000007
5 0.36541666666666667 0.5415625000000001 0.19774305555555555 0.052187500000000143
0 0.31005208333333334 0.57765625 0.08045138888888888 0.039687499999999966
15 0.8366145833333334 0.7180729166666666 0.11486111111111086 0.04354166666666668
8 0.34953125 0.31817708333333333 0.1947916666666667 0.059791666666666646
7 0.30699652777777775 0.6858854166666667 0.058541666666666714 0.036666666666666715
16 0.4534548611111111 0.3609895833333333 0.3949305555555556 0.07937500000000001
13 0.3122916666666667 0.46781249999999996 0.09142361111111112 0.04197916666666668
4 0.3207118055555555 0.3903645833333333 0.12427083333333329 0.04572916666666664
3 0.6574479166666667 0.41359375 0.024027777777777714 0.028125