5 0.3640625 0.55625 0.1921875 0.034375
10 0.3984375 0.66328125 0.2578125 0.0359375
1 0.3875 0.4484375 0.240625 0.0359375
14 0.821875 0.628125 0.1125 0.0296875
11 0.35234375 0.62890625 0.1703125 0.034375
6 0.36875 0.521875 0.2078125 0.0375
9 0.4703125 0.2359375 0.4234375 0.0578125
2 0.36640625 0.734375 0.184375 0.0375
12 0.5234375 0.14609375 0.5078125 0.1046875
7 0.3 0.7 0.0578125 0.0328125
0 0.33125 0.59296875 0.125 0.0328125
15 0.821875 0.66640625 0.1125 0.0328125
13 0.3125 0.48671875 0.09375 0.0328125
16 0.42109375 0.3734375 0.3140625 0.0359375
4 0.34140625 0.4109375 0.1578125 0.03125
8 0.33203125 0.3390625 0.1328125 0.0328125
9 0.425 0.30234375 0.3265625 0.0390625
3 0.66171875 0.41171875 0.0203125 0.0203125