5 0.5431539351851852 0.6584027777777777 0.06469907407407405 0.1976736111111112
2 0.7217013888888889 0.6865972222222222 0.06267361111111107 0.18979166666666672
9 0.2609259259259259 0.5110590277777778 0.12674768518518514 0.4295138888888889
4 0.39986689814814813 0.6598263888888889 0.058067129629629656 0.1646527777777777
6 0.5073958333333334 0.6466840277777778 0.0671875 0.21336805555555555
15 0.7084490740740741 0.22628472222222223 0.050416666666666644 0.11444444444444449
14 0.6699363425925926 0.22067708333333336 0.050694444444444466 0.11913194444444439
10 0.6558275462962964 0.6400347222222222 0.07483796296296301 0.26357638888888885
7 0.6871701388888889 0.7481770833333333 0.03789351851851848 0.06090277777777775
12 0.1767534722222222 0.4449826388888889 0.18993055555555557 0.5227083333333333
11 0.6137037037037036 0.6786805555555555 0.058530092592592634 0.1724652777777777
8 0.3255497685185185 0.6417187500000001 0.0636805555555556 0.1804861111111112
16 0.36535300925925923 0.5507638888888889 0.09510416666666668 0.368888888888889
0 0.5786111111111112 0.7176388888888889 0.04240740740740741 0.08447916666666658
1 0.4384548611111111 0.6272569444444445 0.0746412037037036 0.23395833333333335
13 0.47005787037037033 0.7003472222222221 0.04792824074074069 0.09875000000000007
3 0.4141608796296296 0.34878472222222223 0.024641203703703596 0.021354166666666608