9 0.2880497685185185 0.42810185185185184 0.09898148148148148 0.4052430555555556
10 0.7030324074074075 0.42883101851851857 0.07026620370370366 0.3160069444444444
2 0.7805439814814814 0.36062500000000003 0.04768518518518512 0.17215277777777782
7 0.7536863425925926 0.29946180555555557 0.034398148148148164 0.05335648148148149
12 0.19956597222222222 0.47043402777777776 0.13991898148148146 0.4898842592592592
4 0.4340104166666666 0.3127256944444444 0.041319444444444464 0.11744212962962966
14 0.6398668981481481 0.7957118055555557 0.044351851851851976 0.11590277777777765
8 0.3538310185185185 0.3863831018518519 0.0662962962962963 0.2753703703703703
6 0.5728298611111111 0.3442361111111111 0.05190972222222214 0.164375
15 0.6747916666666667 0.7998784722222222 0.04241898148148149 0.10964120370370374
1 0.5064756944444444 0.32967592592592593 0.04748842592592588 0.1424768518518519
16 0.3914814814814815 0.3577430555555555 0.061122685185185245 0.2144212962962963
5 0.6041608796296296 0.3694791666666667 0.05165509259259267 0.21278935185185183
0 0.6455439814814815 0.3174189814814815 0.04673611111111118 0.1034259259259259
13 0.5417824074074075 0.3010185185185185 0.03799768518518505 0.08774305555555557
11 0.6819444444444445 0.30987268518518524 0.042314814814814736 0.08152777777777782
4 0.46732060185185187 0.33094907407407403 0.04979166666666668 0.1549884259259259
3 0.4329629629629629 0.6073784722222222 0.01792824074074062 0.012627314814814739