5 0.4964467592592593 0.382349537037037 0.07019675925925917 0.19785879629629638
2 0.6711863425925926 0.35367476851851853 0.06857638888888892 0.18998842592592596
9 0.23590277777777774 0.53125 0.14064814814814816 0.4300925925925926
4 0.35195023148148147 0.38168402777777777 0.062141203703703685 0.16475694444444447
6 0.4621701388888889 0.3943576388888889 0.07344907407407408 0.215162037037037
15 0.7284780092592593 0.8127025462962962 0.05396990740740737 0.11603009259259238
14 0.6910358796296296 0.8191261574074072 0.05399305555555554 0.11915509259259238
10 0.6121701388888889 0.39991319444444445 0.08318287037037031 0.26394675925925914
7 0.6262094907407407 0.291869212962963 0.03951388888888889 0.06238425925925926
12 0.16141782407407407 0.5980034722222223 0.2054050925925926 0.5262152777777777
11 0.5642418981481482 0.3614293981481481 0.06377314814814809 0.1741898148148148
8 0.2810185185185185 0.40092592592592596 0.06850694444444443 0.18061342592592594
16 0.3347974537037037 0.4911747685185185 0.10738425925925928 0.36793981481481486
0 0.5225578703703704 0.3223958333333333 0.04437499999999996 0.08599537037037042
1 0.395931712962963 0.4145543981481481 0.081400462962963 0.23420138888888892
13 0.41647569444444443 0.34111689814814816 0.050729166666666714 0.10028935185185191
3 0.4143923611111111 0.692505787037037 0.02516203703703699 0.022800925925925954