1 0.48583912037037036 0.6170196759259259 0.09246527777777783 0.2538078703703704
9 0.6689409722222223 0.5671238425925926 0.15459490740740733 0.4183564814814815
6 0.41489004629629633 0.6017013888888889 0.09246527777777765 0.2538078703703704
14 0.37214699074074076 0.15208912037037037 0.061840277777777786 0.1254861111111111
12 0.7605150462962963 0.539050925925926 0.20681712962962973 0.510474537037037
11 0.30225694444444445 0.6263368055555556 0.06997685185185185 0.1696990740740741
10 0.27513310185185186 0.5982696759259258 0.08275462962962958 0.20793981481481474
0 0.32609953703703703 0.6756828703703703 0.04744212962962964 0.07934027777777786
8 0.5654340277777777 0.7302199074074074 0.04581018518518505 0.06987268518518519
16 0.5666608796296296 0.5645949074074074 0.12306712962962969 0.3790046296296296
4 0.5001215277777777 0.6919212962962963 0.05710648148148145 0.1189583333333335
2 0.20014467592592594 0.6011516203703703 0.07475694444444443 0.18247685185185175
13 0.4290625 0.6914467592592592 0.04906250000000014 0.08724537037037035
7 0.22230324074074073 0.6669965277777778 0.04104166666666664 0.058657407407407366
5 0.372505787037037 0.6307638888888889 0.07636574074074076 0.18881944444444443
15 0.33549189814814817 0.1456712962962963 0.05869212962962962 0.12217592592592594
3 0.580619212962963 0.3669791666666667 0.02988425925925924 0.028321759259259238