9 0.7919155092592594 0.4559895833333333 0.1188310185185184 0.4298958333333333
6 0.547349537037037 0.3053125 0.05063657407407405 0.13572916666666668
10 0.39701967592592596 0.36942708333333335 0.06673611111111111 0.2660416666666666
12 0.8766608796296296 0.5028645833333334 0.17969907407407426 0.5227083333333333
11 0.43858217592592597 0.3243229166666667 0.05570601851851862 0.1734375
2 0.3314699074074074 0.32989583333333333 0.05799768518518515 0.18760416666666674
7 0.36827546296296293 0.26864583333333336 0.03572916666666668 0.05843749999999996
16 0.6864930555555555 0.4034375 0.07754629629629636 0.324375
1 0.6177835648148149 0.30296875 0.05031250000000007 0.12947916666666667
14 0.3781076388888889 0.7908854166666667 0.04341435185185185 0.11656250000000004
8 0.7252546296296296 0.3647916666666667 0.07020833333333343 0.24291666666666661
0 0.47393518518518524 0.28041666666666665 0.04171296296296312 0.08375000000000003
5 0.5065798611111111 0.33546875 0.059965277777777715 0.1955208333333333
15 0.3412673611111111 0.7909895833333334 0.04481481481481477 0.11354166666666679
4 0.6538020833333333 0.30213541666666666 0.0485069444444445 0.12468749999999992
13 0.5816550925925925 0.28656249999999994 0.04556712962962948 0.09802083333333336
3 0.63578125 0.6349479166666667 0.03427083333333343 0.030312499999999964