8 0.38359375 0.37421875 0.2453125 0.03125
2 0.34453125 0.7640625 0.1703125 0.0296875
14 0.7875 0.7046875 0.1125 0.03125
12 0.4921875 0.23046875 0.4828125 0.090625
10 0.4171875 0.6921875 0.3171875 0.03125
16 0.41640625 0.41015625 0.3171875 0.034375
1 0.3359375 0.48046875 0.1515625 0.0296875
7 0.284375 0.728125 0.0515625 0.028125
15 0.7875 0.740625 0.1078125 0.028125
9 0.43828125 0.3109375 0.40625 0.0546875
13 0.3 0.515625 0.084375 0.028125
4 0.32890625 0.4453125 0.1421875 0.0296875
6 0.35 0.55234375 0.1875 0.0296875
11 0.29921875 0.65859375 0.078125 0.028125
0 0.30859375 0.62109375 0.1 0.0296875
3 0.6171875 0.4453125 0.0234375 0.021875
5 0.3078125 0.58828125 0.0953125 0.028125