6 0.33671875 0.55234375 0.2 0.03125
14 0.79453125 0.7046875 0.115625 0.03125
8 0.34921875 0.37265625 0.2328125 0.0328125
11 0.3203125 0.65859375 0.1640625 0.03125
1 0.334375 0.47890625 0.2 0.0328125
12 0.49375 0.23046875 0.4875 0.090625
4 0.29140625 0.44609375 0.1125 0.0296875
13 0.278125 0.51640625 0.0828125 0.0296875
10 0.36328125 0.69296875 0.2453125 0.03125
2 0.328125 0.76640625 0.175 0.03125
0 0.2765625 0.621875 0.075 0.03125
15 0.79296875 0.73984375 0.1046875 0.0296875
9 0.44140625 0.31328125 0.4125 0.0546875
16 0.353125 0.41484375 0.228125 0.034375
7 0.26171875 0.72734375 0.0515625 0.028125
5 0.31796875 0.58984375 0.1640625 0.03125
3 0.61796875 0.4453125 0.0203125 0.021875