2 0.3370081018518518 0.6792534722222222 0.18798611111111113 0.06979166666666661
6 0.3291030092592592 0.45567708333333334 0.10662037037037031 0.05236111111111121
10 0.3857465277777778 0.6155034722222222 0.26313657407407404 0.09177083333333336
9 0.5235243055555555 0.2342534722222222 0.4322337962962964 0.14239583333333333
0 0.30855324074074075 0.5286458333333334 0.08627314814814815 0.047222222222222145
12 0.5893287037037037 0.15447916666666667 0.5311342592592592 0.20708333333333334
1 0.338744212962963 0.3863715277777778 0.1050694444444444 0.053888888888888965
14 0.8034953703703703 0.7005555555555556 0.11913194444444457 0.054201388888888855
16 0.41561342592592593 0.3240277777777778 0.24119212962962971 0.08190972222222222
11 0.34559606481481475 0.5732118055555555 0.17549768518518521 0.07107638888888897
8 0.409056712962963 0.2824826388888889 0.20837962962962955 0.08118055555555559
7 0.2765335648148148 0.6349479166666667 0.06280092592592598 0.04201388888888893
4 0.35487847222222224 0.35001736111111115 0.12381944444444448 0.05430555555555561
13 0.3272800925925926 0.42048611111111106 0.09879629629629631 0.05062500000000014
15 0.7975231481481482 0.7379166666666667 0.11443287037037031 0.05253472222222229
5 0.3379918981481482 0.4957118055555556 0.13476851851851848 0.056111111111111
3 0.6873726851851851 0.41989583333333336 0.033067129629629655 0.035104166666666714