5 0.47562499999999996 0.6150231481481482 0.08840277777777779 0.23182870370370381
2 0.3014236111111111 0.6686400462962963 0.07708333333333339 0.18800925925925932
9 0.7458680555555556 0.47400462962962964 0.15482638888888883 0.42600694444444437
6 0.5121006944444445 0.6202199074074073 0.08125 0.21146990740740748
10 0.36291666666666667 0.6205439814814815 0.09284722222222222 0.2615393518518518
14 0.3079861111111111 0.20468171296296295 0.059965277777777805 0.11915509259259256
7 0.34249999999999997 0.7284722222222222 0.043333333333333356 0.06123842592592599
16 0.6464236111111111 0.5325347222222222 0.11010416666666671 0.33351851851851855
1 0.57984375 0.6072222222222223 0.0813194444444445 0.21303240740740748
4 0.62265625 0.6279918981481482 0.06809027777777779 0.1613888888888889
12 0.8283680555555556 0.4101331018518518 0.22305555555555542 0.5202314814814816
15 0.2686111111111111 0.21200231481481482 0.05670138888888889 0.11600694444444448
11 0.40894097222222225 0.6569097222222222 0.07170138888888893 0.17234953703703706
0 0.4479340277777778 0.6933275462962962 0.04906250000000014 0.08471064814814824
8 0.6888368055555556 0.579861111111111 0.0870486111111111 0.23650462962962954
3 0.57546875 0.31906828703703705 0.027673611111111107 0.025196759259259238
13 0.5543402777777777 0.6714525462962962 0.05423611111111111 0.09568287037037031