14 0.3167476851851852 0.8024363425925927 0.04930555555555553 0.11790509259259281
9 0.7625983796296296 0.5254166666666666 0.1234375 0.4236574074074074
10 0.38311342592592595 0.3869675925925926 0.0753703703703704 0.2620254629629629
6 0.532355324074074 0.38605324074074077 0.06722222222222225 0.21659722222222227
2 0.3233101851851852 0.3384201388888889 0.062314814814814844 0.18684027777777779
11 0.4287094907407408 0.34935763888888893 0.059074074074074015 0.17116898148148146
1 0.5994849537037037 0.3948611111111111 0.0671875 0.2119097222222223
12 0.8425925925925926 0.5906712962962963 0.18358796296296304 0.529224537037037
7 0.364375 0.27964699074074073 0.03793981481481481 0.059930555555555556
5 0.495613425925926 0.38863425925925926 0.07203703703703716 0.2338541666666666
16 0.6637789351851853 0.47004050925925933 0.08846064814814802 0.3418981481481481
4 0.6450868055555555 0.3564699074074074 0.05090277777777778 0.1226157407407408
15 0.27850694444444446 0.796400462962963 0.04930555555555553 0.11790509259259281
0 0.4688541666666667 0.30932291666666667 0.04436342592592588 0.08346064814814813
8 0.7110706018518519 0.4144849537037037 0.06879629629629633 0.21818287037037046
13 0.5757118055555555 0.33434606481481477 0.04760416666666671 0.09913194444444447
3 0.5895486111111111 0.6814641203703704 0.03141203703703717 0.022337962962962976