16 0.66796875 0.4252604166666666 0.121875 0.3462847222222223
9 0.7609375 0.4814699074074074 0.1609375 0.42828703703703697
11 0.44609375 0.2923148148148148 0.071875 0.17613425925925927
10 0.3953125 0.33048032407407407 0.0953125 0.2665856481481482
2 0.33828125 0.27917245370370375 0.0765625 0.1904745370370371
5 0.50390625 0.3342013888888889 0.0890625 0.2365277777777778
14 0.27734375 0.7421585648148148 0.05625 0.12208333333333332
6 0.54453125 0.33726273148148145 0.0828125 0.22365740740740742
7 0.390625 0.2213831018518518 0.0421875 0.06343750000000004
8 0.7296875 0.3364467592592592 0.071875 0.15738425925925928
12 0.8375 0.5433391203703704 0.2203125 0.5271180555555557
15 0.2421875 0.7325231481481481 0.0578125 0.11905092592592581
1 0.5984375 0.39969328703703705 0.1140625 0.3239467592592593
0 0.4890625 0.25851851851851854 0.05 0.08890046296296301
4 0.66171875 0.30844328703703705 0.0625 0.12714120370370371
13 0.59375 0.2788773148148148 0.053125 0.10314814814814817
3 0.5671875 0.633576388888889 0.028125 0.02666666666666657