0 0.32265625 0.55625 0.1140625 0.03125
2 0.359375 0.69765625 0.184375 0.0328125
14 0.81953125 0.62890625 0.1125 0.0296875
9 0.4703125 0.2328125 0.4234375 0.0578125
7 0.29375 0.66484375 0.0578125 0.028125
10 0.39375 0.62890625 0.259375 0.0328125
8 0.35078125 0.30390625 0.175 0.034375
12 0.525 0.14296875 0.50625 0.0984375
13 0.31015625 0.44765625 0.0921875 0.0328125
6 0.33828125 0.48203125 0.146875 0.0328125
16 0.39765625 0.33984375 0.2765625 0.0328125
15 0.81875 0.6671875 0.1125 0.03125
11 0.3515625 0.58984375 0.16875 0.03125
1 0.371875 0.4140625 0.2125 0.0328125
5 0.38515625 0.51875 0.2359375 0.034375
3 0.65625 0.37734375 0.01875 0.0234375
4 0.321875 0.37578125 0.1203125 0.03125