14 0.8203125 0.625 0.1125 0.0296875
11 0.3515625 0.59453125 0.16875 0.03125
5 0.3625 0.52421875 0.1921875 0.0328125
0 0.3296875 0.55859375 0.125 0.03125
9 0.46875 0.23359375 0.4203125 0.0578125
2 0.36171875 0.69921875 0.184375 0.034375
7 0.2953125 0.6671875 0.05625 0.0296875
1 0.39765625 0.41640625 0.2671875 0.034375
6 0.36953125 0.48515625 0.209375 0.0328125
10 0.396875 0.6296875 0.259375 0.0359375
4 0.33828125 0.37890625 0.1625 0.03125
12 0.5125 0.14453125 0.5078125 0.10625
15 0.8203125 0.6640625 0.1125 0.03125
13 0.3109375 0.4515625 0.09375 0.0328125
16 0.3921875 0.34140625 0.271875 0.0328125
8 0.42578125 0.3046875 0.3328125 0.0390625
3 0.653125 0.3734375 0.015625 0.0234375