5 0.6763310185185185 0.5367013888888889 0.1941319444444444 0.04604166666666672
9 0.5419733796296297 0.2454513888888889 0.43152777777777784 0.08465277777777783
14 0.22134837962962967 0.6310590277777777 0.11420138888888882 0.03781250000000007
1 0.6253067129629629 0.42453124999999997 0.2739814814814814 0.05270833333333336
10 0.6451620370370371 0.6421006944444445 0.26156250000000014 0.053715277777777716
12 0.48747685185185186 0.15651041666666668 0.5220254629629629 0.14635416666666665
7 0.7494097222222222 0.6833680555555556 0.05630787037037024 0.03368055555555553
11 0.6893113425925925 0.6066493055555556 0.1690509259259258 0.04336805555555543
16 0.6263078703703704 0.3536458333333333 0.27858796296296295 0.05135416666666668
4 0.6835590277777778 0.39048611111111114 0.16115740740740742 0.041458333333333375
8 0.6408506944444444 0.31843750000000004 0.23960648148148156 0.051180555555555604
2 0.6832638888888889 0.7155034722222222 0.18483796296296298 0.04718750000000007
0 0.7313599537037037 0.57578125 0.07982638888888882 0.03628472222222214
15 0.2225925925925926 0.6700868055555556 0.1143634259259259 0.04093750000000007
6 0.6650520833333333 0.4995659722222222 0.2081134259259258 0.04510416666666668
13 0.718738425925926 0.46765624999999994 0.0939699074074074 0.03847222222222228
3 0.36681712962962965 0.3849826388888889 0.021527777777777767 0.024340277777777787