9 0.446875 0.3078125 0.4234375 0.0609375
2 0.3453125 0.76875 0.1796875 0.03125
11 0.29921875 0.659375 0.0828125 0.0296875
1 0.3375 0.475 0.1484375 0.0328125
12 0.4984375 0.21328125 0.50625 0.121875
8 0.33828125 0.36328125 0.140625 0.0328125
5 0.35859375 0.5890625 0.20625 0.03125
10 0.38515625 0.69609375 0.2515625 0.03125
0 0.29765625 0.62109375 0.0765625 0.03125
7 0.28671875 0.73046875 0.0546875 0.0296875
6 0.34921875 0.5515625 0.1796875 0.03125
16 0.38203125 0.4078125 0.240625 0.0328125
14 0.78359375 0.71953125 0.11875 0.0359375
15 0.78515625 0.759375 0.1125 0.034375
13 0.30703125 0.51328125 0.0890625 0.0296875
4 0.31953125 0.440625 0.121875 0.03125
3 0.628125 0.4546875 0.0203125 0.0265625