9 0.7983449074074074 0.47463541666666664 0.16571759259259267 0.4328125
5 0.5283217592592593 0.3122395833333333 0.07700231481481482 0.17010416666666667
2 0.35289930555555554 0.3035416666666667 0.08298611111111107 0.19229166666666667
7 0.3949247685185185 0.2450520833333333 0.04423611111111114 0.06364583333333336
14 0.35618055555555556 0.76921875 0.058414351851851884 0.11906250000000007
16 0.6961631944444444 0.43125 0.12542824074074072 0.35697916666666674
10 0.4144097222222222 0.3488541666666667 0.10130787037037034 0.2651041666666667
6 0.5633564814814814 0.3475520833333333 0.09127314814814813 0.2270833333333334
1 0.6313310185185186 0.35635416666666664 0.09145833333333328 0.2302083333333334
12 0.8828414351851851 0.5372395833333334 0.22945601851851832 0.5366666666666667
4 0.6743344907407407 0.3276041666666667 0.07359953703703699 0.16520833333333335
11 0.4599363425925926 0.30973958333333335 0.07737268518518511 0.17635416666666667
0 0.5000405092592592 0.27177083333333335 0.05380787037037038 0.09385416666666666
15 0.31895254629629627 0.7630729166666667 0.059976851851851795 0.11916666666666664
8 0.7543402777777778 0.31442708333333336 0.0631018518518518 0.11937499999999997
13 0.6068055555555556 0.28661458333333334 0.05730324074074069 0.10031249999999999
3 0.6297048611111111 0.6333333333333334 0.03144675925925924 0.03166666666666664