0 0.260625 0.5525462962962963 0.08343749999999997 0.035219907407407366
9 0.4411458333333334 0.22833912037037035 0.44385416666666655 0.08488425925925931
6 0.3101041666666667 0.4796469907407407 0.16802083333333337 0.040844907407407406
10 0.3908333333333333 0.630769675925926 0.3433333333333334 0.05071759259259245
8 0.3288541666666666 0.292332175925926 0.17770833333333336 0.045810185185185225
5 0.29359375 0.5159490740740742 0.1414583333333333 0.04005787037037045
16 0.3902083333333334 0.3348553240740741 0.30114583333333333 0.04946759259259252
14 0.7517708333333333 0.6414641203703704 0.12093750000000014 0.03633101851851848
4 0.31552083333333336 0.3631712962962963 0.16500000000000004 0.042314814814814826
12 0.5135416666666666 0.14046296296296296 0.5518750000000001 0.1379861111111111
11 0.2621875 0.587818287037037 0.08979166666666671 0.036967592592592524
2 0.27729166666666666 0.7017708333333333 0.12729166666666664 0.03807870370370381
7 0.24223958333333337 0.6639409722222223 0.061562499999999964 0.03457175925925924
1 0.3161458333333333 0.40076388888888886 0.16968750000000005 0.042453703703703737
3 0.6355208333333333 0.3890914351851852 0.027291666666666714 0.03511574074074071
13 0.26265625000000004 0.4398842592592592 0.07260416666666672 0.03645833333333322
15 0.7519270833333334 0.6743460648148148 0.11760416666666665 0.03311342592592599