0 0.325 0.5578125 0.109375 0.03125
9 0.46953125 0.23359375 0.4203125 0.0578125
2 0.3625 0.6984375 0.1828125 0.0328125
7 0.29609375 0.66640625 0.0546875 0.028125
14 0.821875 0.6265625 0.1140625 0.028125
10 0.39921875 0.63046875 0.259375 0.03125
12 0.51875 0.14296875 0.51875 0.0984375
16 0.3734375 0.340625 0.21875 0.03125
15 0.82109375 0.665625 0.1125 0.0328125
11 0.353125 0.590625 0.16875 0.03125
8 0.309375 0.3 0.0890625 0.0359375
6 0.3109375 0.48359375 0.0875 0.0328125
5 0.38203125 0.521875 0.2296875 0.034375
1 0.3109375 0.41640625 0.0859375 0.0328125
13 0.3109375 0.45 0.090625 0.0328125
3 0.65625 0.37890625 0.021875 0.0265625
4 0.3421875 0.37734375 0.1546875 0.03125