14 0.78984375 0.69609375 0.1125 0.0265625
1 0.39453125 0.4796875 0.2640625 0.0328125
9 0.440625 0.3078125 0.4046875 0.0546875
0 0.3015625 0.621875 0.08125 0.03125
15 0.7890625 0.7234375 0.1109375 0.0234375
7 0.290625 0.7296875 0.05625 0.034375
12 0.475 0.22578125 0.46875 0.0828125
4 0.34296875 0.44375 0.1609375 0.0328125
11 0.353125 0.6578125 0.1796875 0.034375
10 0.396875 0.69375 0.2703125 0.0359375
16 0.4640625 0.4078125 0.4078125 0.0359375
13 0.30859375 0.5171875 0.096875 0.028125
2 0.36328125 0.76484375 0.1984375 0.034375
6 0.390625 0.55390625 0.2578125 0.034375
8 0.31640625 0.37265625 0.103125 0.03125
5 0.340625 0.5890625 0.1625 0.034375
3 0.61640625 0.44453125 0.0171875 0.01875