9 0.4671875 0.246875 0.4203125 0.0609375
5 0.36953125 0.53046875 0.2265625 0.0390625
14 0.80546875 0.65859375 0.1171875 0.03125
1 0.35625 0.4203125 0.209375 0.0359375
12 0.515625 0.1609375 0.5078125 0.11875
6 0.3609375 0.4921875 0.2109375 0.0359375
10 0.3921875 0.63828125 0.275 0.0359375
2 0.34375 0.70703125 0.1828125 0.0359375
16 0.42890625 0.346875 0.3421875 0.040625
8 0.35390625 0.3140625 0.1953125 0.0328125
15 0.803125 0.6984375 0.1125 0.0328125
4 0.33359375 0.3828125 0.15625 0.034375
7 0.2796875 0.66953125 0.0546875 0.028125
0 0.29296875 0.56328125 0.0765625 0.0296875
11 0.33828125 0.6 0.16875 0.034375
3 0.6484375 0.4 0.021875 0.025
13 0.30078125 0.45546875 0.09375 0.0375