14 0.78359375 0.69921875 0.1171875 0.0328125
9 0.43828125 0.30859375 0.4046875 0.053125
1 0.41796875 0.471875 0.31875 0.03125
12 0.484375 0.22265625 0.48125 0.0859375
6 0.34140625 0.5484375 0.1765625 0.0296875
15 0.78359375 0.73515625 0.1078125 0.03125
5 0.36328125 0.58046875 0.215625 0.028125
10 0.37109375 0.68828125 0.228125 0.03125
11 0.2953125 0.65390625 0.0765625 0.028125
7 0.28046875 0.7234375 0.05 0.028125
2 0.34296875 0.7609375 0.1703125 0.028125
0 0.290625 0.61796875 0.0703125 0.028125
8 0.296875 0.371875 0.0875 0.0296875
16 0.36171875 0.40703125 0.2203125 0.0296875
4 0.30859375 0.4421875 0.1109375 0.0296875
13 0.2921875 0.5109375 0.0796875 0.028125
3 0.609375 0.440625 0.0171875 0.0203125