5 0.4640625 0.62890625 0.0671875 0.19780092592592596
9 0.7671875 0.5543981481481481 0.13125 0.4345486111111111
14 0.4390625 0.15483217592592594 0.05 0.11747685185185186
1 0.58046875 0.6003761574074075 0.0828125 0.27650462962962974
10 0.365625 0.5755208333333334 0.08125 0.26550925925925917
12 0.86171875 0.5180844907407407 0.2015625 0.5340277777777777
7 0.31015625 0.6713252314814815 0.0390625 0.060821759259259166
11 0.39296875 0.6268518518518518 0.0609375 0.17256944444444447
16 0.65 0.616550925925926 0.08125 0.28113425925925917
4 0.6046875 0.6658854166666666 0.0578125 0.1646412037037038
8 0.68125 0.6380497685185185 0.0765625 0.2434606481481481
2 0.2890625 0.5986689814814815 0.0671875 0.18842592592592594
0 0.4171875 0.6751736111111111 0.04375 0.08443287037037024
15 0.40078125 0.14765625 0.053125 0.11915509259259256
6 0.5015625 0.625173611111111 0.06875 0.2119212962962962
13 0.525 0.6852430555555555 0.0484375 0.09866898148148148
3 0.65703125 0.35066550925925927 0.0265625 0.02442129629629628