5 0.365625 0.51953125 0.19375 0.0328125
9 0.4703125 0.2328125 0.421875 0.05625
2 0.3625 0.6984375 0.184375 0.0328125
6 0.3578125 0.4828125 0.1828125 0.0328125
7 0.29609375 0.66640625 0.05625 0.0296875
14 0.82265625 0.62578125 0.1140625 0.028125
10 0.39921875 0.63046875 0.2609375 0.03125
1 0.35625 0.415625 0.18125 0.0328125
12 0.52265625 0.13984375 0.5125 0.09375
16 0.46640625 0.3390625 0.4 0.034375
11 0.3546875 0.59140625 0.1703125 0.0328125
15 0.821875 0.6640625 0.1109375 0.034375
4 0.340625 0.37734375 0.1546875 0.03125
0 0.3109375 0.5578125 0.0828125 0.03125
13 0.31171875 0.45 0.0921875 0.0328125
8 0.340625 0.3046875 0.1546875 0.0328125
3 0.65625 0.3734375 0.025 0.03125