0 0.45943865740740736 0.6777719907407407 0.050104166666666575 0.1128587962962964
5 0.4892708333333333 0.6150578703703704 0.07373842592592598 0.2317708333333334
14 0.32202546296296297 0.19837384259259258 0.05019675925925924 0.11910879629629631
6 0.524519675925926 0.6085474537037037 0.07219907407407397 0.2333217592592593
9 0.7599652777777777 0.48181712962962964 0.12814814814814818 0.4243402777777778
10 0.3759895833333333 0.6158969907407407 0.0757407407407408 0.2614699074074075
7 0.3557118055555556 0.7191608796296297 0.038402777777777786 0.061215277777777646
1 0.5910763888888889 0.5978993055555556 0.07224537037037031 0.23644675925925931
11 0.4191608796296296 0.6546354166666667 0.06035879629629637 0.1723032407407409
12 0.8420949074074073 0.4218402777777778 0.19045138888888893 0.5169791666666667
15 0.28443287037037035 0.20490162037037035 0.051712962962962995 0.1159953703703704
2 0.31593171296296296 0.6624305555555556 0.06527777777777785 0.18796296296296297
16 0.6578240740740741 0.5216319444444444 0.09284722222222222 0.36158564814814814
4 0.6350983796296296 0.6319444444444444 0.06021990740740755 0.16292824074074072
8 0.7028993055555556 0.5900405092592592 0.07208333333333332 0.2255092592592593
13 0.5681018518518519 0.6722800925925926 0.04831018518518526 0.09722222222222214
3 0.5905092592592592 0.31980902777777775 0.026909722222222144 0.023634259259259237