14 0.75859375 0.7212731481481481 0.1203125 0.05356481481481481
6 0.33046875 0.5191145833333334 0.2015625 0.06534722222222236
4 0.31953125 0.4108449074074074 0.153125 0.056099537037037094
16 0.41171875 0.38936342592592593 0.328125 0.08784722222222223
9 0.46640625 0.2924305555555556 0.4078125 0.12302083333333336
13 0.27890625 0.4768923611111111 0.090625 0.04487268518518519
11 0.29921875 0.6239467592592594 0.1640625 0.05798611111111107
0 0.25859375 0.582181712962963 0.078125 0.04137731481481488
10 0.3359375 0.6619212962962964 0.2453125 0.07289351851851862
1 0.37578125 0.44980324074074074 0.2703125 0.07832175925925924
15 0.753125 0.7573726851851852 0.1203125 0.05043981481481481
5 0.3046875 0.5534722222222223 0.165625 0.05803240740740741
12 0.52890625 0.2171412037037037 0.503125 0.17428240740740736
2 0.29375 0.7303587962962963 0.1765625 0.05991898148148156
7 0.2328125 0.6860706018518519 0.0546875 0.037557870370370415
8 0.33046875 0.33708333333333335 0.1484375 0.05596064814814809
3 0.62265625 0.4463946759259259 0.0234375 0.024131944444444463