14 0.7971932870370371 0.7186863425925927 0.14584490740740746 0.038090277777777716
9 0.4491145833333333 0.31596064814814817 0.41184027777777776 0.06702546296296293
8 0.3312326388888889 0.37279513888888893 0.17553240740740747 0.038530092592592526
12 0.4986689814814815 0.23390046296296294 0.4889120370370371 0.10253472222222229
4 0.3143518518518518 0.4459664351851852 0.14736111111111114 0.03498842592592588
13 0.2849247685185185 0.5158275462962963 0.08483796296296298 0.03249999999999993
1 0.3266145833333334 0.48285879629629636 0.16937499999999997 0.04468749999999986
11 0.2846875 0.6579803240740741 0.0801273148148148 0.03086805555555543
15 0.7969444444444445 0.7546122685185186 0.11611111111111114 0.034525462962962904
2 0.3355034722222222 0.7665219907407407 0.17394675925925931 0.036944444444444356
16 0.3693460648148148 0.41475694444444444 0.2552199074074074 0.039710648148148134
7 0.2677951388888889 0.7303703703703703 0.05046296296296297 0.0319907407407408
10 0.40553240740740737 0.6957002314814815 0.32870370370370383 0.04392361111111107
0 0.28022569444444445 0.6204224537037037 0.07392361111111115 0.03390046296296294
6 0.33545717592592594 0.552505787037037 0.18495370370370373 0.04179398148148152
3 0.6237962962962962 0.45523726851851853 0.020659722222222142 0.02373842592592599
5 0.28598958333333335 0.5877025462962964 0.08490740740740739 0.03718749999999993