9 0.39109375 0.22057291666666665 0.438125 0.18171296296296297
16 0.365 0.3321180555555555 0.35125 0.13796296296296298
12 0.43192708333333335 0.12115162037037037 0.5322916666666666 0.24155092592592595
10 0.37687499999999996 0.6204282407407408 0.28239583333333335 0.10798611111111107
11 0.32015625 0.5966435185185185 0.1794791666666667 0.08015046296296298
5 0.34 0.5205439814814815 0.24145833333333327 0.10028935185185191
6 0.3140625 0.48981481481481487 0.19854166666666676 0.0862268518518519
0 0.26625 0.5773148148148148 0.08583333333333334 0.051446759259259164
14 0.791875 0.5173900462962963 0.12395833333333339 0.06359953703703702
4 0.28161458333333333 0.3934895833333333 0.16520833333333335 0.07598379629629637
7 0.2708333333333333 0.6834780092592593 0.061979166666666606 0.043460648148148096
1 0.3338541666666667 0.4144965277777778 0.2575 0.10769675925925934
2 0.34145833333333336 0.6969039351851851 0.19375 0.08431712962962976
15 0.7926562500000001 0.5523148148148148 0.12083333333333339 0.06336805555555554
8 0.2543229166666666 0.3247685185185185 0.13218750000000004 0.07042824074074075
13 0.2554166666666667 0.4716145833333333 0.10031249999999999 0.05873842592592595
3 0.5947916666666667 0.3135416666666667 0.028541666666666642 0.03165509259259256