5 0.4702025462962963 0.3518923611111111 0.04104166666666664 0.2410069444444444
14 0.3380092592592593 0.7912268518518518 0.034502314814814826 0.115763888888889
6 0.5076562499999999 0.3530729166666667 0.04113425925925931 0.2472569444444445
9 0.7540740740740741 0.42382523148148155 0.08125 0.4257638888888888
8 0.6900347222222223 0.3201967592592593 0.048344907407407336 0.20703703703703713
15 0.29899305555555555 0.7901273148148149 0.03760416666666666 0.114363425925926
12 0.8385243055555556 0.46706597222222224 0.13562499999999994 0.5128935185185185
11 0.40038773148148155 0.3219444444444444 0.03846064814814802 0.17217592592592598
1 0.5780034722222223 0.3470833333333333 0.04894675925925931 0.24766203703703712
10 0.36070023148148145 0.3661574074074074 0.04444444444444447 0.25991898148148157
2 0.2932638888888889 0.33374421296296297 0.038668981481481526 0.1862384259259259
0 0.43548032407407405 0.27172453703703703 0.03240740740740744 0.07974537037037041
13 0.5455787037037038 0.26991898148148147 0.035671296296296263 0.08928240740740741
4 0.6169328703703704 0.3013483796296296 0.04298611111111121 0.16148148148148148
7 0.3278298611111111 0.2663773148148148 0.03208333333333328 0.05787037037037042
3 0.5974131944444444 0.6177430555555555 0.02842592592592581 0.02177083333333325
16 0.655166275 0.59505665 0.678435521875 0.2207825890625 0.641824421875 0.2185627578125 0.6201995421875 0.5966912703125 0.655166275 0.59505665