1 0.6252662037037038 0.4756944444444445 0.24270833333333322 0.08093749999999993
5 0.659681712962963 0.5821527777777777 0.19402777777777783 0.07409722222222222
14 0.21587962962962962 0.7597569444444445 0.1229861111111111 0.056909722222222216
9 0.5156539351851852 0.32439236111111114 0.4109259259259259 0.13829861111111114
0 0.7192824074074073 0.6106423611111111 0.07874999999999996 0.045590277777777646
11 0.7197222222222222 0.6474652777777778 0.08820601851851854 0.04756944444444446
6 0.6607233796296297 0.5469618055555555 0.17988425925925924 0.07190972222222225
12 0.4695428240740741 0.2471701388888889 0.4898379629629629 0.18701388888888887
16 0.5846354166666667 0.41359375 0.3013310185185185 0.09913194444444447
8 0.6977488425925926 0.3614583333333333 0.06929398148148139 0.04361111111111109
4 0.6813194444444445 0.43668402777777776 0.11501157407407411 0.05343750000000007
2 0.6825173611111112 0.7609201388888889 0.18284722222222208 0.06892361111111107
15 0.22022569444444443 0.7967534722222223 0.11978009259259262 0.055208333333333214
10 0.6461574074074073 0.6919618055555555 0.23810185185185198 0.08229166666666661
7 0.7428414351851852 0.7150520833333334 0.05655092592592599 0.03836805555555554
13 0.7028356481481481 0.5049826388888888 0.08500000000000014 0.04586805555555564
3 0.35953125 0.48111111111111116 0.020127314814814844 0.027395833333333286