1 0.42734375 0.496875 0.271875 0.0328125
5 0.3875 0.60625 0.1890625 0.0328125
2 0.3828125 0.78125 0.18125 0.0328125
8 0.34765625 0.3890625 0.1125 0.034375
9 0.503125 0.328125 0.4140625 0.05625
10 0.42578125 0.709375 0.2703125 0.0328125
12 0.54296875 0.24140625 0.4921875 0.1015625
6 0.39765625 0.5703125 0.2046875 0.0296875
11 0.3734375 0.67421875 0.16875 0.03125
15 0.83671875 0.7609375 0.10625 0.0296875
7 0.32109375 0.74765625 0.0546875 0.028125
14 0.834375 0.72421875 0.1109375 0.0265625
13 0.3375 0.53515625 0.090625 0.0328125
16 0.41953125 0.428125 0.25 0.034375
0 0.33203125 0.6390625 0.075 0.0296875
4 0.35234375 0.4609375 0.1171875 0.03125
3 0.6703125 0.46875 0.0234375 0.028125