6 0.4259201388888888 0.6580960648148148 0.051006944444444355 0.19906250000000014
12 0.7430381944444445 0.4792939814814815 0.13239583333333335 0.4844560185185184
11 0.32100694444444444 0.6822916666666666 0.04614583333333329 0.15995370370370382
10 0.2865451388888889 0.6320543981481481 0.05711805555555553 0.2662962962962963
0 0.35744791666666664 0.723130787037037 0.03458333333333332 0.07546296296296298
1 0.49885416666666665 0.6507696759259259 0.05107638888888886 0.20062499999999997
9 0.6629861111111112 0.5413773148148149 0.0879513888888889 0.3979166666666668
8 0.6034722222222222 0.65078125 0.048958333333333395 0.1881018518518518
5 0.38993055555555556 0.6773668981481482 0.04614583333333329 0.15995370370370382
7 0.2528125 0.7410763888888889 0.033611111111111036 0.053587962962962976
14 0.2722048611111111 0.21691550925925926 0.04107638888888889 0.11615740740740739
13 0.4617708333333333 0.7122164351851852 0.03677083333333329 0.08954861111111115
4 0.5312152777777778 0.6955729166666667 0.04093750000000007 0.11303240740740747
2 0.21560763888888887 0.6822916666666666 0.04840277777777775 0.17560185185185198
16 0.5672569444444444 0.5872974537037037 0.0692013888888889 0.32737268518518514
15 0.2370138888888889 0.2182175925925926 0.04243055555555557 0.11149305555555555
3 0.5268055555555555 0.37319444444444444 0.01930555555555564 0.012777777777777822