9 0.328125 0.45390625 0.1546875 0.44000000000000006
10 0.72421875 0.5045312500000001 0.096875 0.27989583333333334
5 0.6265625 0.45192708333333337 0.084375 0.23531249999999987
16 0.43671875 0.45958333333333334 0.115625 0.3623958333333334
12 0.22890625 0.48166666666666663 0.2109375 0.5375
11 0.703125 0.44453125 0.06875 0.17645833333333324
14 0.634375 0.9071354166666665 0.0578125 0.12572916666666673
6 0.590625 0.4425 0.0828125 0.23052083333333329
15 0.671875 0.9174479166666666 0.059375 0.12270833333333328
1 0.5171875 0.41729166666666667 0.084375 0.23375000000000004
2 0.8046875 0.4880208333333334 0.0765625 0.19260416666666663
4 0.4953125 0.3564583333333333 0.059375 0.13052083333333328
0 0.6734375 0.40739583333333335 0.05625 0.11937499999999997
13 0.57265625 0.36630208333333336 0.053125 0.10197916666666665
7 0.78828125 0.4150520833333333 0.0421875 0.06374999999999993
8 0.425 0.3244270833333333 0.0578125 0.11010416666666671
3 0.4234375 0.6766666666666666 0.03125 0.02864583333333339