8 0.6035532407407407 0.3910763888888889 0.11269675925925923 0.06594907407407398
1 0.5490219907407408 0.5146296296296297 0.27318287037037037 0.11289351851851848
9 0.43620949074074067 0.3600289351851852 0.4172685185185184 0.18538194444444453
2 0.6521585648148148 0.7844849537037037 0.18659722222222222 0.08592592592592574
7 0.7083506944444444 0.7369444444444444 0.05740740740740744 0.04239583333333332
15 0.20861689814814816 0.8568113425925926 0.11738425925925924 0.06622685185185198
12 0.371724537037037 0.29124999999999995 0.5078587962962964 0.24222222222222226
14 0.20115740740740745 0.8180208333333333 0.12050925925925923 0.06641203703703695
0 0.6728935185185185 0.6393634259259259 0.08429398148148141 0.054907407407407405
5 0.6118229166666667 0.6138310185185185 0.19293981481481487 0.08942129629629622
6 0.5980208333333333 0.5777951388888889 0.20704861111111122 0.09181712962962969
16 0.5385590277777779 0.4451388888888889 0.25438657407407417 0.11021990740740736
11 0.6758738425925926 0.6708449074074074 0.08898148148148159 0.055185185185185226
10 0.5638194444444444 0.7283796296296297 0.3314583333333333 0.13194444444444448
4 0.594207175925926 0.4687847222222222 0.15980324074074073 0.07653935185185183
13 0.6439409722222222 0.5335590277777778 0.09527777777777775 0.05711805555555553
3 0.3002083333333333 0.5390162037037036 0.025833333333333285 0.029606481481481595