5 0.456412037037037 0.3734895833333333 0.048078703703703596 0.23175925925925922
9 0.7376678240740742 0.4699247685185185 0.08887731481481467 0.41969907407407414
16 0.632638888888889 0.40815972222222224 0.054178240740740694 0.3083449074074073
6 0.49501736111111116 0.3685879629629629 0.04568287037037031 0.21767361111111114
10 0.3452835648148148 0.38826388888888885 0.04671296296296301 0.261400462962963
12 0.8218344907407408 0.5274710648148149 0.13018518518518504 0.5108564814814814
11 0.3878587962962963 0.3427604166666667 0.04281249999999996 0.16923611111111114
14 0.30690972222222224 0.8115046296296295 0.03819444444444446 0.11765046296296297
0 0.4250115740740741 0.2963946759259259 0.03597222222222225 0.08015046296296298
7 0.3194560185185185 0.2831018518518519 0.032928240740740744 0.05512731481481481
4 0.604681712962963 0.3389351851851852 0.04675925925925917 0.15680555555555564
8 0.6732812499999999 0.36888310185185186 0.05092592592592595 0.22711805555555548
2 0.28041087962962963 0.3482060185185185 0.04383101851851849 0.18642361111111114
15 0.2719849537037037 0.8070775462962964 0.039571759259259306 0.11454861111111114
1 0.5680613425925926 0.3235358796296296 0.04481481481481477 0.12399305555555555
13 0.5325462962962962 0.30267939814814815 0.03836805555555571 0.09423611111111115
3 0.5757291666666667 0.6559722222222222 0.024641203703703596 0.020659722222222142