5 0.40020833333333333 0.5323784722222222 0.19468750000000004 0.04888888888888889
10 0.43942708333333336 0.6382928240740741 0.26052083333333337 0.05590277777777786
1 0.4180208333333333 0.4230844907407407 0.24333333333333335 0.05488425925925924
14 0.8617708333333333 0.5850289351851852 0.11458333333333356 0.03791666666666664
11 0.3917708333333333 0.6058217592592593 0.17281249999999995 0.04759259259259263
6 0.4033854166666666 0.49767939814814816 0.21052083333333335 0.05293981481481484
9 0.49067708333333326 0.20700810185185184 0.42937499999999995 0.09081018518518516
2 0.41130208333333335 0.7105497685185185 0.18708333333333335 0.0515509259259261
12 0.5394791666666666 0.11548611111111111 0.5169791666666667 0.1442476851851852
7 0.34328125 0.6785011574074075 0.060104166666666715 0.03780092592592581
0 0.3690104166666667 0.570306712962963 0.12729166666666664 0.04178240740740744
15 0.8635416666666667 0.6233564814814815 0.11479166666666671 0.04104166666666664
13 0.3447395833333333 0.4650752314814815 0.09604166666666672 0.03993055555555554
16 0.4482291666666667 0.3467824074074074 0.3168749999999999 0.06079861111111118
4 0.37015624999999996 0.3874884259259259 0.16010416666666671 0.043726851851851836
8 0.3575520833333333 0.3160763888888889 0.13510416666666672 0.04224537037037042
9 0.4481770833333334 0.2754108796296296 0.32958333333333345 0.06466435185185179
3 0.6909375 0.3755381944444444 0.021666666666666678 0.021516203703703773