10 0.3340104166666667 0.4209837962962963 0.10010416666666666 0.26060185185185175
11 0.36333333333333334 0.36824074074074076 0.0755208333333333 0.17282407407407402
9 0.7402083333333334 0.42778356481481483 0.1740624999999998 0.4334027777777777
12 0.8341666666666667 0.4612384259259259 0.2445833333333333 0.5312268518518518
1 0.5485416666666667 0.3819328703703704 0.10843749999999996 0.2685300925925926
14 0.36838541666666663 0.8437847222222222 0.06125000000000007 0.12266203703703696
2 0.2551041666666667 0.3963541666666667 0.07822916666666666 0.1900347222222222
6 0.47744791666666675 0.39260995370370366 0.10031250000000007 0.26372685185185196
5 0.43546874999999996 0.36539930555555555 0.08197916666666671 0.19945601851851844
0 0.3903125 0.31546296296296295 0.050833333333333286 0.08348379629629629
15 0.33286458333333335 0.8487326388888888 0.0609375 0.11797453703703695
8 0.6565104166666667 0.32253472222222224 0.08968749999999996 0.19800925925925927
7 0.28171875 0.32558449074074075 0.046250000000000034 0.061562499999999964
16 0.6297395833333332 0.4308391203703703 0.13864583333333336 0.39385416666666656
13 0.5013541666666667 0.3038136574074074 0.0546875 0.09446759259259263
4 0.5795833333333333 0.3034085648148148 0.06312499999999996 0.1273726851851852
3 0.6097395833333333 0.6369965277777778 0.031458333333333324 0.02700231481481481