9 0.6967013888888889 0.4373726851851852 0.1424189814814815 0.43187499999999995
2 0.22456597222222224 0.3952893518518518 0.0661458333333333 0.18457175925925923
11 0.32303240740740746 0.33577546296296296 0.045370370370370415 0.08718750000000001
1 0.5116608796296296 0.35072916666666665 0.061863425925925954 0.15322916666666667
12 0.7996238425925926 0.4771006944444444 0.21921296296296297 0.524675925925926
8 0.6211805555555555 0.3368055555555555 0.06001157407407405 0.14537037037037043
5 0.40370370370370373 0.3857696759259259 0.07025462962962958 0.2112268518518518
10 0.3037326388888889 0.4257291666666667 0.0796875 0.2552083333333332
0 0.3602430555555555 0.3290740740740741 0.045196759259259346 0.08250000000000002
7 0.25112847222222223 0.33286458333333335 0.039699074074074046 0.06048611111111111
6 0.4390914351851851 0.37199074074074073 0.06614583333333321 0.18457175925925923
16 0.5863136574074075 0.3857175925925926 0.07928240740740726 0.24427083333333338
14 0.35749421296296297 0.823761574074074 0.059259259259259255 0.12505787037037025
15 0.3187210648148148 0.8304166666666667 0.055902777777777767 0.11871527777777757
13 0.4685763888888889 0.3252604166666667 0.0471643518518519 0.09348379629629626
4 0.542042824074074 0.3282175925925926 0.054629629629629764 0.12648148148148142
3 0.5877893518518519 0.6362673611111112 0.030555555555555714 0.02431712962962962