10 0.4 0.61875 0.2578125 0.0328125
11 0.35546875 0.58359375 0.1671875 0.0328125
6 0.3734375 0.4765625 0.2109375 0.0328125
2 0.36484375 0.69453125 0.1859375 0.0328125
9 0.4796875 0.228125 0.4203125 0.0640625
7 0.3015625 0.6578125 0.0546875 0.028125
12 0.53203125 0.14140625 0.5078125 0.1171875
5 0.36953125 0.5140625 0.196875 0.0328125
0 0.3125 0.55078125 0.078125 0.03125
14 0.82265625 0.63203125 0.1140625 0.03125
8 0.4109375 0.29609375 0.2875 0.04375
15 0.821875 0.6703125 0.1109375 0.03125
1 0.38046875 0.40546875 0.2171875 0.0390625
13 0.31796875 0.44375 0.0921875 0.0328125
4 0.3296875 0.36875 0.1171875 0.0328125
16 0.434375 0.33203125 0.334375 0.0375
3 0.66328125 0.3796875 0.0203125 0.0265625