6 0.325 0.54765625 0.1875 0.0296875
16 0.3859375 0.4046875 0.309375 0.034375
14 0.78125 0.70234375 0.115625 0.03125
9 0.434375 0.30703125 0.4015625 0.05
5 0.328125 0.5796875 0.1953125 0.028125
1 0.32421875 0.47421875 0.1859375 0.03125
12 0.49140625 0.22265625 0.49375 0.084375
0 0.26953125 0.61640625 0.071875 0.0296875
11 0.275 0.65234375 0.078125 0.028125
8 0.34921875 0.36953125 0.2328125 0.0359375
13 0.271875 0.51015625 0.0828125 0.028125
10 0.35546875 0.6859375 0.2390625 0.0328125
15 0.7796875 0.73828125 0.1125 0.0296875
7 0.25625 0.7203125 0.0484375 0.028125
4 0.284375 0.43984375 0.1125 0.028125
2 0.31875 0.759375 0.1734375 0.0296875
3 0.61015625 0.44140625 0.025 0.01875