14 0.7491145833333333 0.78359375 0.06593750000000007 0.121875
10 0.6199479166666666 0.38125 0.11187500000000003 0.271875
2 0.6808333333333334 0.321875 0.08604166666666657 0.1890625
11 0.5717187499999999 0.3375 0.08187500000000014 0.1734375
1 0.40817708333333336 0.3921875 0.09375 0.2109375
6 0.4727083333333333 0.37578125 0.09052083333333343 0.209375
9 0.26515625000000004 0.53203125 0.18135416666666665 0.4234375
8 0.29572916666666665 0.39296875 0.08166666666666664 0.1703125
5 0.5119270833333334 0.378125 0.09854166666666657 0.2359375
4 0.36312500000000003 0.37265625 0.07802083333333334 0.1625
12 0.19255208333333335 0.603125 0.25677083333333334 0.5234375
16 0.3558854166666666 0.475 0.1319791666666667 0.3390625
15 0.7851041666666666 0.77265625 0.06739583333333332 0.1203125
0 0.5270312500000001 0.3 0.054062500000000034 0.084375
7 0.6253645833333333 0.26328125 0.046250000000000034 0.0609375
3 0.4609895833333333 0.68046875 0.0298958333333335 0.0265625
13 0.4250520833333333 0.32890625 0.059687500000000074 0.0984375