1 0.72765625 0.4425 0.1364583333333334 0.03722222222222218
6 0.7349479166666667 0.5166145833333333 0.14447916666666671 0.0406944444444445
9 0.57984375 0.2821701388888889 0.40989583333333324 0.07274305555555553
13 0.7591666666666667 0.4802777777777778 0.08166666666666664 0.03322916666666664
0 0.7717708333333333 0.5870659722222222 0.07395833333333339 0.0344444444444445
12 0.5242708333333332 0.20079861111111114 0.4979166666666668 0.1078125
8 0.6909375 0.33835069444444443 0.20354166666666665 0.03864583333333336
5 0.7138020833333334 0.55203125 0.19020833333333337 0.048958333333333215
16 0.6271354166666667 0.38036458333333334 0.33791666666666664 0.044618055555555536
15 0.2616145833333333 0.7272743055555555 0.10812499999999999 0.03284722222222207
10 0.73109375 0.658611111111111 0.16010416666666671 0.04138888888888879
14 0.26083333333333336 0.6920486111111112 0.11604166666666664 0.03475694444444457
4 0.7404166666666667 0.4105902777777778 0.10979166666666665 0.03447916666666675
11 0.76796875 0.6240625 0.08197916666666671 0.03791666666666664
7 0.7888020833333333 0.6897395833333333 0.05364583333333321 0.03354166666666671
2 0.7310416666666667 0.7283506944444444 0.1772916666666667 0.04215277777777775
3 0.4178125 0.4257118055555555 0.013854166666666678 0.020868055555555643