16 0.35965277777777777 0.4508333333333333 0.0739583333333333 0.3320833333333333
2 0.7124479166666667 0.3793229166666666 0.048680555555555574 0.18395833333333336
11 0.6015451388888888 0.3727083333333333 0.04975694444444443 0.17312500000000003
9 0.26255208333333335 0.491875 0.10163194444444441 0.4289583333333333
5 0.5358506944444444 0.4018229166666667 0.060416666666666785 0.23770833333333333
10 0.6472395833333333 0.41937499999999994 0.05847222222222222 0.2640625
14 0.7026736111111112 0.8429166666666668 0.04270833333333339 0.11968749999999986
12 0.18401041666666665 0.5473958333333333 0.1618402777777778 0.5217708333333333
1 0.4227256944444444 0.34520833333333334 0.048958333333333395 0.12010416666666668
15 0.7391145833333332 0.8391145833333333 0.047395833333333214 0.11999999999999993
6 0.49619791666666674 0.3859375 0.052569444444444356 0.20135416666666667
7 0.6690798611111111 0.3148958333333333 0.03375000000000004 0.058333333333333307
8 0.32015625000000003 0.42093749999999996 0.06541666666666668 0.28010416666666665
4 0.3860763888888889 0.3443229166666667 0.044340277777777715 0.12135416666666661
0 0.5645833333333334 0.3297395833333333 0.039548611111111145 0.08364583333333338
13 0.4579340277777778 0.33119791666666665 0.04194444444444443 0.10250000000000004
3 0.43133680555555554 0.6791666666666667 0.024409722222222284 0.0234375