10 0.6318692129629631 0.40444444444444444 0.09292824074074062 0.2648958333333333
5 0.5365972222222222 0.35324652777777776 0.07644675925925917 0.20638888888888882
9 0.23357060185185183 0.4127777777777778 0.15939814814814818 0.43024305555555564
11 0.6069097222222222 0.3501215277777777 0.0697337962962962 0.17486111111111108
6 0.49837384259259265 0.3510416666666667 0.078125 0.21427083333333333
7 0.6910821759259259 0.30734374999999997 0.03996527777777779 0.06267361111111107
15 0.5904976851851852 0.8255381944444444 0.0564004629629629 0.11805555555555572
12 0.1392071759259259 0.45835069444444443 0.21708333333333335 0.5296180555555555
2 0.712662037037037 0.3789930555555555 0.07309027777777785 0.190625
8 0.3041261574074074 0.3932465277777778 0.12712962962962965 0.3601041666666666
0 0.584201388888889 0.30194444444444446 0.048101851851851764 0.08489583333333331
14 0.5569965277777778 0.8207812499999999 0.05642361111111107 0.11961805555555571
16 0.3472222222222222 0.38274305555555554 0.1064004629629629 0.33107638888888885
1 0.43810763888888893 0.30843750000000003 0.06465277777777771 0.14809027777777778
4 0.40401041666666665 0.2912152777777778 0.05805555555555557 0.12437500000000004
13 0.4766203703703704 0.2911111111111111 0.051458333333333425 0.10065972222222222
3 0.3413715277777778 0.6195659722222222 0.030034722222222233 0.02475694444444443