5 0.5820023148148148 0.5052604166666667 0.23703703703703702 0.08155092592592598
2 0.622337962962963 0.6787037037037036 0.1924768518518519 0.06996527777777786
14 0.1570023148148148 0.6890162037037036 0.12291666666666665 0.05800925925925924
9 0.46154513888888893 0.24146990740740742 0.4351851851851851 0.14379629629629626
6 0.5871238425925925 0.4677951388888889 0.22106481481481488 0.0766319444444445
10 0.5784143518518519 0.6170486111111112 0.26684027777777786 0.08355324074074062
4 0.6069444444444445 0.35859375 0.16701388888888893 0.06334490740740736
8 0.5442708333333334 0.2966608796296296 0.26863425925925916 0.08670138888888887
1 0.5651909722222223 0.40490162037037036 0.24797453703703703 0.08171296296296297
7 0.685792824074074 0.6350636574074074 0.06238425925925917 0.04150462962962962
12 0.39947916666666666 0.16077546296296297 0.5380208333333333 0.20462962962962958
16 0.5693576388888889 0.3275347222222222 0.23524305555555572 0.07840277777777782
11 0.6186053240740741 0.5707175925925926 0.17650462962962976 0.06504629629629619
15 0.16197916666666665 0.7274131944444444 0.1229166666666667 0.05800925925925924
0 0.6583333333333333 0.5306365740740742 0.0877314814814815 0.04656249999999993
13 0.6435474537037036 0.42405092592592586 0.10057870370370381 0.051435185185185264
3 0.29713541666666665 0.4126620370370371 0.028877314814814793 0.031643518518518474