6 0.4772743055555555 0.6783159722222222 0.062638888888889 0.14666666666666667
9 0.2701388888888889 0.5160185185185184 0.1473958333333333 0.40516203703703707
4 0.3680381944444444 0.6808622685185185 0.05336805555555557 0.11344907407407412
16 0.3528645833333333 0.6013657407407408 0.09305555555555553 0.2698379629629629
11 0.5814756944444445 0.6838252314814814 0.06659722222222228 0.16557870370370367
10 0.6252256944444444 0.6464814814814815 0.08909722222222224 0.25092592592592594
13 0.43486111111111114 0.703119212962963 0.047638888888888786 0.08976851851851855
8 0.30418402777777775 0.6444212962962963 0.06795138888888888 0.16097222222222224
15 0.7715104166666666 0.23124421296296296 0.058333333333333216 0.1199421296296296
1 0.40718750000000004 0.6593460648148148 0.06815972222222229 0.16565972222222225
0 0.5416493055555556 0.7030381944444445 0.057048611111111217 0.12611111111111112
12 0.20203125000000002 0.45251736111111107 0.2058680555555556 0.5282291666666665
2 0.6879166666666666 0.691556712962963 0.07190972222222225 0.17988425925925924
5 0.5129166666666667 0.6655555555555555 0.07055555555555557 0.18449074074074084
7 0.6363020833333334 0.7480150462962962 0.039999999999999855 0.05819444444444457
14 0.7358854166666666 0.2260763888888889 0.05 0.07274305555555553
3 0.4414409722222222 0.3621585648148148 0.017881944444444464 0.016516203703703703