9 0.43984375 0.30625 0.4 0.053125
6 0.32734375 0.54765625 0.1859375 0.028125
14 0.78359375 0.70234375 0.1171875 0.03125
5 0.33046875 0.5796875 0.1953125 0.0296875
12 0.4875 0.22265625 0.4765625 0.0875
8 0.26015625 0.36796875 0.05625 0.0296875
11 0.27578125 0.65234375 0.078125 0.028125
0 0.27109375 0.6171875 0.0703125 0.03125
15 0.78203125 0.73828125 0.1125 0.03125
16 0.39609375 0.40703125 0.3203125 0.0296875
7 0.2578125 0.72109375 0.05 0.0296875
4 0.2875 0.440625 0.109375 0.028125
1 0.32734375 0.47421875 0.1859375 0.0296875
10 0.35234375 0.6875 0.2421875 0.0296875
13 0.2734375 0.51015625 0.0828125 0.028125
2 0.31953125 0.76015625 0.1734375 0.0296875
3 0.6109375 0.43984375 0.01875 0.0234375