10 0.35625 0.57421875 0.26875 0.0359375
9 0.4359375 0.16171875 0.4453125 0.0703125
14 0.7921875 0.58515625 0.11875 0.034375
15 0.79140625 0.62265625 0.1171875 0.034375
2 0.3234375 0.6515625 0.1921875 0.0359375
6 0.29921875 0.425 0.146875 0.034375
5 0.29375 0.459375 0.140625 0.034375
11 0.315625 0.53828125 0.1765625 0.034375
16 0.36953125 0.2671875 0.3 0.0375
1 0.30390625 0.34453125 0.1546875 0.034375
4 0.303125 0.303125 0.1671875 0.034375
13 0.2703125 0.3828125 0.0921875 0.034375
7 0.25625 0.6125 0.059375 0.03125
12 0.490625 0.065625 0.53125 0.1171875
8 0.3796875 0.22890625 0.3265625 0.0390625
0 0.26796875 0.4984375 0.0828125 0.034375
3 0.6296875 0.31796875 0.0171875 0.021875