9 0.24362268518518518 0.43787615740740743 0.12196759259259257 0.4315509259259258
14 0.5948090277777778 0.842986111111111 0.04861111111111107 0.11857638888888893
2 0.7202141203703704 0.39728587962962963 0.060590277777777854 0.189212962962963
11 0.6127372685185185 0.3714351851851852 0.0587731481481482 0.17197916666666657
16 0.3611168981481482 0.36788773148148146 0.07422453703703705 0.2661458333333333
10 0.6438657407407408 0.4333217592592593 0.07601851851851844 0.28181712962962957
15 0.6338136574074074 0.8480497685185184 0.050150462962962904 0.11706018518518527
12 0.1500636574074074 0.47496527777777775 0.184224537037037 0.5224189814814816
6 0.5093518518518518 0.3332002314814815 0.05194444444444457 0.1327314814814815
8 0.3273553240740741 0.32546296296296295 0.06359953703703702 0.18149305555555556
7 0.6931192129629629 0.3269212962962963 0.036793981481481455 0.05887731481481477
4 0.40416087962962965 0.3113252314814815 0.048680555555555574 0.12326388888888892
0 0.5861574074074074 0.31906249999999997 0.04341435185185176 0.08406249999999993
1 0.43603587962962964 0.3755787037037037 0.07079861111111115 0.24574074074074073
5 0.5447800925925926 0.3686400462962963 0.06385416666666668 0.19868055555555558
3 0.3649247685185185 0.6384317129629629 0.026909722222222144 0.024224537037036954
13 0.47927662037037033 0.3057349537037037 0.04674768518518526 0.09821759259259259