10 0.4434895833333334 0.6467534722222222 0.10083333333333329 0.27399305555555564
9 0.8633333333333333 0.6584027777777778 0.17687500000000006 0.4565277777777778
14 0.4803645833333333 0.2184201388888889 0.06291666666666665 0.12586805555555552
15 0.4424479166666666 0.21050347222222224 0.06281250000000008 0.12430555555555553
2 0.3634895833333333 0.661892361111111 0.08177083333333339 0.1983680555555555
6 0.5864583333333333 0.7348958333333334 0.06937499999999996 0.15263888888888885
5 0.55125 0.7325520833333334 0.06739583333333332 0.14631944444444436
11 0.47546874999999994 0.6941319444444444 0.07604166666666679 0.18253472222222236
16 0.7508333333333334 0.7001388888888889 0.10916666666666668 0.30552083333333346
1 0.6667708333333333 0.7478125 0.07145833333333336 0.16052083333333336
4 0.7079166666666666 0.7574305555555555 0.07385416666666664 0.1730902777777777
13 0.6255729166666667 0.7724652777777777 0.05645833333333332 0.09909722222222221
7 0.39489583333333333 0.7357291666666667 0.04489583333333336 0.06586805555555557
12 0.9213541666666668 0.6248611111111112 0.15729166666666644 0.5516666666666665
8 0.7904687499999999 0.6987847222222222 0.1171875 0.3323611111111111
0 0.50953125 0.7493923611111111 0.05427083333333336 0.08965277777777772
3 0.7284895833333334 0.43508680555555557 0.02635416666666668 0.02142361111111111