5 0.36484375 0.55625 0.190625 0.0328125
10 0.3984375 0.66171875 0.2578125 0.0375
11 0.35234375 0.6296875 0.1703125 0.03125
9 0.4703125 0.23515625 0.4234375 0.05625
6 0.36953125 0.521875 0.209375 0.0359375
0 0.32578125 0.59375 0.1109375 0.03125
14 0.821875 0.62578125 0.1125 0.028125
8 0.37890625 0.3046875 0.2375 0.0328125
12 0.52109375 0.146875 0.5109375 0.1078125
7 0.30078125 0.7015625 0.0546875 0.028125
2 0.36640625 0.73359375 0.184375 0.0359375
15 0.821875 0.66328125 0.1109375 0.03125
16 0.42890625 0.3390625 0.3359375 0.0328125
13 0.3125 0.4859375 0.0921875 0.03125
4 0.3234375 0.37734375 0.115625 0.03125
1 0.44140625 0.43125 0.3484375 0.071875
3 0.65390625 0.375 0.0171875 0.025