9 0.41557870370370376 0.29806134259259254 0.4062152777777778 0.11811342592592596
10 0.4221354166666666 0.6878761574074075 0.2759722222222223 0.07581018518518512
16 0.4023321759259259 0.4064236111111111 0.31512731481481476 0.08350694444444447
11 0.37169560185185185 0.6600405092592593 0.1836226851851852 0.06145833333333339
0 0.3345138888888889 0.630150462962963 0.12413194444444446 0.051446759259259164
1 0.37837384259259255 0.477662037037037 0.25255787037037036 0.07650462962962959
14 0.8113194444444444 0.62890625 0.11781250000000014 0.046527777777777855
15 0.8164236111111112 0.6568576388888889 0.11153935185185163 0.04473379629629619
8 0.3081886574074074 0.38333333333333336 0.13047453703703704 0.057928240740740745
6 0.35140625000000003 0.5568287037037036 0.17266203703703703 0.05949074074074083
12 0.43932870370370375 0.2127604166666667 0.48337962962962955 0.16157407407407404
13 0.30875578703703704 0.5271412037037038 0.10221064814814813 0.047511574074074046
5 0.34175925925925926 0.591579861111111 0.14603009259259264 0.05381944444444429
2 0.3974768518518519 0.7646122685185185 0.20085648148148144 0.06521990740740743
4 0.317042824074074 0.4533564814814815 0.1319907407407408 0.05486111111111107
7 0.3189351851851852 0.739380787037037 0.058368055555555555 0.03964120370370381
3 0.6079398148148147 0.40818865740740745 0.020659722222222142 0.02418981481481488