1 0.49447337962962956 0.5596354166666667 0.11163194444444428 0.27413194444444444
5 0.6105034722222221 0.5672048611111111 0.08831018518518512 0.19243055555555558
2 0.7823206018518519 0.522795138888889 0.08489583333333321 0.18454861111111107
8 0.4070023148148148 0.6661805555555556 0.06684027777777786 0.11857638888888893
9 0.3127604166666667 0.5340104166666666 0.1762731481481481 0.4176388888888889
10 0.7019386574074075 0.5011631944444443 0.11157407407407405 0.2725694444444445
12 0.21958912037037037 0.52046875 0.24357638888888883 0.5065625
6 0.5730324074074075 0.5672569444444444 0.08883101851851852 0.20649305555555558
11 0.6793981481481481 0.5617708333333333 0.07974537037037024 0.1719444444444445
15 0.6608796296296295 0.09225694444444445 0.06035879629629619 0.1121875
7 0.7626157407407408 0.5911458333333333 0.04282407407407405 0.060277777777777784
14 0.6252893518518519 0.10475694444444446 0.05891203703703703 0.11527777777777777
13 0.5517939814814815 0.6348611111111111 0.05821759259259256 0.09652777777777785
16 0.42948495370370365 0.5860590277777777 0.10769675925925917 0.25218749999999995
0 0.6549189814814815 0.6114930555555556 0.05138888888888893 0.08076388888888886
4 0.4765914351851851 0.6419965277777778 0.06545138888888893 0.12322916666666668
3 0.4130497685185185 0.33428819444444446 0.033912037037037025 0.030416666666666713