1 0.512980324074074 0.6988310185185185 0.05814814814814824 0.1382407407407406
6 0.43880208333333337 0.7102430555555556 0.061736111111111214 0.14609953703703696
9 0.6676909722222222 0.5423900462962963 0.1351967592592594 0.41101851851851856
13 0.4758333333333334 0.7319039351851852 0.0455324074074074 0.0834143518518518
0 0.3699421296296296 0.7506655092592592 0.045069444444444426 0.0756018518518518
12 0.7470833333333333 0.48257523148148146 0.18275462962962977 0.5022685185185185
8 0.615619212962963 0.65578125 0.06984953703703703 0.20398148148148146
5 0.4024131944444445 0.6909375000000001 0.0769212962962964 0.19159722222222228
16 0.5715277777777779 0.5949189814814815 0.09656249999999993 0.3386342592592591
15 0.2110590277777778 0.2517824074074074 0.04866898148148149 0.10999999999999996
10 0.296244212962963 0.714386574074074 0.06578703703703699 0.16177083333333328
14 0.24644675925925927 0.24839699074074076 0.05225694444444447 0.1178587962962963
4 0.5451909722222222 0.7094733796296296 0.05032407407407398 0.11158564814814813
11 0.3324884259259259 0.7493287037037037 0.05031249999999998 0.0850462962962963
7 0.2676793981481481 0.7741724537037037 0.040740740740740744 0.05524305555555564
2 0.22638888888888892 0.7188252314814815 0.06836805555555561 0.17898148148148146
3 0.5180324074074074 0.38925925925925925 0.022800925925925954 0.015949074074074154