9 0.691556712962963 0.4705729166666667 0.1528240740740742 0.41135416666666663
11 0.3837210648148148 0.7033854166666667 0.06469907407407405 0.1526041666666668
12 0.765150462962963 0.4024479166666667 0.2089236111111113 0.5103125000000001
0 0.42707754629629624 0.7270312499999999 0.04644675925925927 0.07958333333333342
14 0.23110532407407408 0.25776041666666666 0.0595949074074074 0.12416666666666662
5 0.44828124999999996 0.6655208333333333 0.07456018518518519 0.18604166666666674
10 0.3383333333333333 0.6588020833333333 0.09596064814814813 0.2608333333333334
2 0.275 0.71921875 0.07607638888888886 0.18302083333333333
4 0.590769675925926 0.6357291666666667 0.06630787037037038 0.15583333333333335
1 0.5335300925925927 0.5482291666666667 0.13027777777777771 0.36458333333333337
15 0.1966261574074074 0.26708333333333334 0.05789351851851854 0.11468749999999997
8 0.6642303240740741 0.6292708333333333 0.0627893518518519 0.12906250000000002
6 0.4821412037037037 0.6453125 0.08106481481481484 0.2036458333333334
7 0.32415509259259256 0.7729166666666667 0.04306712962962962 0.062187500000000104
16 0.6128935185185185 0.5647916666666667 0.10883101851851862 0.28666666666666674
13 0.5298726851851852 0.6897395833333333 0.04975694444444443 0.09229166666666674
3 0.5224768518518518 0.3460416666666667 0.026840277777777644 0.02052083333333332