14 0.40484375000000006 0.8269618055555557 0.06166666666666672 0.12229166666666665
9 0.6889409722222222 0.3965914351851852 0.1570486111111112 0.4057175925925926
10 0.2621527777777778 0.41225694444444444 0.08034722222222221 0.19115740740740747
12 0.7826215277777778 0.4295023148148148 0.21548611111111118 0.4904976851851853
8 0.6075868055555556 0.3245138888888889 0.08034722222222221 0.19115740740740747
6 0.4021354166666667 0.37917824074074075 0.08197916666666671 0.19273148148148148
5 0.3672222222222222 0.38490740740740736 0.07524305555555558 0.18174768518518522
15 0.37006944444444445 0.8358159722222223 0.058194444444444396 0.11445601851851847
2 0.19456597222222222 0.4213541666666666 0.0749652777777778 0.17549768518518505
11 0.28203125 0.3495891203703704 0.048993055555555554 0.08314814814814815
16 0.5736458333333333 0.35211805555555553 0.08784722222222215 0.21932870370370364
0 0.3167013888888889 0.3383912037037037 0.047083333333333324 0.07532407407407407
7 0.21185763888888892 0.3532349537037037 0.04156250000000004 0.05653935185185181
13 0.42140625 0.3204224537037037 0.04756944444444446 0.08626157407407406
4 0.5280208333333334 0.31025462962962963 0.05847222222222222 0.12070601851851848
1 0.4719444444444444 0.3849131944444445 0.08975694444444446 0.22715277777777781
3 0.5739930555555556 0.606105324074074 0.02604166666666661 0.023622685185185156