1 0.35546875 0.496875 0.2109375 0.0328125
13 0.29609375 0.5359375 0.0921875 0.03125
9 0.459375 0.328125 0.4109375 0.05625
10 0.38125 0.71015625 0.2546875 0.0328125
2 0.34296875 0.78203125 0.18125 0.0328125
6 0.35703125 0.571875 0.209375 0.0328125
8 0.3609375 0.38828125 0.2078125 0.03125
0 0.290625 0.64375 0.0796875 0.03125
12 0.51484375 0.2421875 0.5015625 0.0953125
11 0.33671875 0.675 0.16875 0.03125
16 0.4359375 0.4296875 0.365625 0.034375
5 0.31796875 0.60703125 0.1265625 0.03125
14 0.80078125 0.72265625 0.1109375 0.0296875
15 0.8 0.759375 0.109375 0.0296875
7 0.2796875 0.74921875 0.0546875 0.028125
4 0.3109375 0.46171875 0.1171875 0.0328125
3 0.640625 0.471875 0.021875 0.021875