10 0.6116840277777778 0.5714409722222222 0.04947916666666678 0.2597569444444444
5 0.5058506944444445 0.62765625 0.04284722222222222 0.17204861111111108
0 0.5416493055555556 0.6674305555555555 0.03454861111111107 0.07958333333333342
9 0.22010416666666668 0.52640625 0.0765625 0.424861111111111
4 0.36260416666666667 0.6465104166666666 0.03788194444444439 0.15934027777777776
2 0.6858333333333333 0.6063888888888889 0.044756944444444356 0.18774305555555557
6 0.4697916666666666 0.5996006944444444 0.047222222222222145 0.22843750000000007
14 0.6187152777777778 0.1496701388888889 0.036979166666666785 0.11871527777777775
1 0.3986805555555556 0.6035416666666666 0.04892361111111114 0.23475694444444456
16 0.3250868055555555 0.54359375 0.04861111111111107 0.36118055555555556
12 0.13225694444444444 0.47567708333333336 0.12218749999999998 0.5111805555555555
11 0.5761631944444444 0.6245312500000001 0.04121527777777771 0.16885416666666658
8 0.28664930555555557 0.6928124999999999 0.0421180555555555 0.06899305555555557
13 0.4338541666666667 0.6714409722222222 0.036354166666666646 0.09059027777777776
7 0.65078125 0.6735069444444444 0.03097222222222218 0.05913194444444443
15 0.6561805555555555 0.14956597222222223 0.03531249999999986 0.11395833333333334
3 0.3665798611111111 0.32711805555555556 0.02545138888888889 0.02142361111111111