6 0.6927083333333333 0.4767534722222223 0.1042476851851852 0.04832175925925917
1 0.6793981481481481 0.4100694444444445 0.10755787037037053 0.051539351851851836
9 0.4950925925925926 0.24785300925925924 0.42072916666666665 0.12476851851851851
8 0.6369328703703704 0.2988483796296296 0.1566435185185185 0.0639120370370371
10 0.6527488425925926 0.6315451388888889 0.24607638888888878 0.07280092592592595
0 0.7165451388888889 0.5499884259259259 0.08365740740740737 0.043032407407407366
12 0.42304398148148153 0.1638310185185185 0.5336226851851851 0.18738425925925925
14 0.23112847222222221 0.6759837962962963 0.11821759259259261 0.04717592592592581
2 0.6932175925925926 0.6959143518518518 0.1877083333333333 0.061712962962963046
15 0.23574074074074072 0.7143344907407407 0.11684027777777777 0.050254629629629476
16 0.605931712962963 0.34160300925925924 0.2366087962962963 0.07096064814814813
11 0.7193634259259258 0.5843865740740741 0.08999999999999986 0.044780092592592524
4 0.6670196759259259 0.3722685185185185 0.12318287037037053 0.05200231481481481
13 0.6922337962962963 0.44242476851851853 0.0995601851851852 0.04818287037037035
7 0.7493113425925927 0.6554629629629629 0.05994212962962955 0.037650462962962906
5 0.6856481481481481 0.5155381944444445 0.13577546296296283 0.05393518518518512
3 0.339375 0.4101331018518518 0.027314814814814882 0.0398032407407408