5 0.5160763888888888 0.3544675925925926 0.07297453703703702 0.19929398148148145
9 0.7920023148148149 0.47507523148148145 0.15184027777777764 0.43949074074074074
14 0.3374421296296296 0.7704513888888889 0.05995370370370372 0.12833333333333333
11 0.4492418981481482 0.2911226851851852 0.04790509259259253 0.09018518518518519
8 0.7396064814814814 0.34435185185185185 0.05843749999999996 0.12980324074074073
12 0.8729456018518519 0.5391493055555555 0.22028935185185183 0.5386921296296296
2 0.33828703703703705 0.32352430555555556 0.07104166666666671 0.18670138888888896
6 0.5538541666666666 0.36162037037037037 0.0763310185185185 0.2072916666666666
0 0.48761574074074077 0.2919791666666667 0.047673611111111035 0.08237268518518519
16 0.6969907407407407 0.38522569444444443 0.07964120370370367 0.21372685185185186
1 0.627337962962963 0.3588310185185185 0.07081018518518523 0.17888888888888896
7 0.38048611111111114 0.26858796296296295 0.04082175925925924 0.061689814814814795
15 0.298287037037037 0.7696412037037037 0.05655092592592599 0.11877314814814817
4 0.6646527777777778 0.3503587962962963 0.06561342592592592 0.16142361111111114
13 0.5961458333333333 0.30980902777777775 0.04965277777777786 0.09652777777777777
10 0.3963946759259259 0.40929976851851857 0.10503472222222224 0.333773148148148
3 0.6153819444444444 0.6420659722222222 0.02891203703703695 0.028229166666666573