0 0.36657407407407405 0.26515046296296296 0.031770833333333304 0.07052083333333332
6 0.43244791666666665 0.3201099537037037 0.040972222222222146 0.1877314814814815
9 0.6672800925925926 0.4300462962962963 0.0741087962962963 0.40508101851851847
14 0.25702546296296297 0.7813888888888888 0.038969907407407425 0.11899305555555557
1 0.5091319444444444 0.3171990740740741 0.039247685185185156 0.18459490740740742
12 0.7488599537037037 0.48332754629629626 0.1113773148148148 0.49126157407407406
11 0.3303935185185185 0.2701041666666667 0.03225694444444445 0.07989583333333332
4 0.5419328703703703 0.30211805555555554 0.037546296296296335 0.1517824074074074
15 0.22018518518518518 0.7840046296296296 0.03700231481481477 0.1111689814814815
5 0.3978298611111111 0.32505208333333335 0.03833333333333337 0.19708333333333333
16 0.5725983796296296 0.34328125 0.042002314814814666 0.2377199074074074
13 0.4725405092592593 0.2698321759259259 0.032662037037037094 0.08770833333333332
7 0.261712962962963 0.2542129629629629 0.032199074074074116 0.048657407407407406
8 0.6118750000000001 0.35392361111111115 0.044375000000000143 0.2533564814814815
2 0.2206886574074074 0.32245949074074076 0.0403240740740741 0.1752314814814815
10 0.2888773148148148 0.3930208333333334 0.04834490740740742 0.32991898148148147
3 0.526255787037037 0.6044618055555555 0.022847222222222286 0.018912037037036988