14 0.59765625 0.7966145833333333 0.0390625 0.11793981481481489
2 0.71015625 0.33916666666666667 0.05 0.188900462962963
9 0.23828125 0.4311921296296296 0.0921875 0.428900462962963
7 0.6828125 0.2759432870370371 0.0328125 0.058194444444444396
15 0.6359375 0.7966898148148147 0.040625 0.11646990740740737
6 0.4953125 0.34642939814814816 0.0515625 0.2233680555555555
11 0.6046875 0.32666666666666666 0.046875 0.17309027777777786
10 0.6390625 0.3800983796296296 0.05625 0.2783333333333333
12 0.14609375 0.4796238425925926 0.1484375 0.5306712962962962
5 0.53828125 0.31732060185185185 0.0484375 0.16537037037037033
1 0.428125 0.34416087962962966 0.0515625 0.2296180555555556
16 0.34765625 0.4020543981481481 0.0625 0.35214120370370383
0 0.575 0.2823321759259259 0.0390625 0.09137731481481488
4 0.39453125 0.28990162037037037 0.0421875 0.12281250000000003
8 0.321875 0.27076967592592593 0.0421875 0.08843750000000003
3 0.36484375 0.6252546296296296 0.025 0.023356481481481596
13 0.4671875 0.27934606481481483 0.0390625 0.09762731481481479