6 0.49781250000000005 0.3163715277777778 0.07895833333333328 0.20194444444444448
12 0.7978125 0.5188368055555556 0.19968749999999993 0.4924537037037037
11 0.3954687499999999 0.2841782407407408 0.06854166666666668 0.1626504629629629
10 0.35562499999999997 0.3323263888888889 0.0942708333333333 0.26789351851851856
0 0.43604166666666666 0.24696759259259257 0.04572916666666664 0.07776620370370377
1 0.5698958333333334 0.3291087962962963 0.07906249999999986 0.2035069444444444
9 0.7236458333333333 0.45136574074074076 0.14375 0.40190972222222215
8 0.6753645833333334 0.33772569444444445 0.07510416666666657 0.1909143518518519
5 0.4635416666666667 0.29546875000000006 0.06854166666666668 0.1626504629629629
7 0.3325520833333333 0.22107060185185184 0.039687499999999966 0.05731481481481478
14 0.3 0.7425925925925926 0.05625 0.11862268518518526
13 0.5390625 0.2658333333333333 0.04822916666666668 0.09187499999999993
4 0.60703125 0.28730324074074076 0.05604166666666668 0.11549768518518526
2 0.2892708333333333 0.2763657407407407 0.07270833333333329 0.17836805555555557
16 0.6324479166666667 0.39848958333333334 0.11552083333333343 0.32934027777777775
15 0.26447916666666665 0.7381655092592593 0.057499999999999926 0.11398148148148142
3 0.5704687500000001 0.6077662037037037 0.02124999999999986 0.014664351851851975