14 0.790625 0.70625 0.1171875 0.03125
10 0.3328125 0.6953125 0.2015625 0.0328125
5 0.3265625 0.58828125 0.1859375 0.03125
0 0.27109375 0.6203125 0.071875 0.0296875
4 0.28828125 0.44453125 0.109375 0.0296875
15 0.7953125 0.740625 0.1109375 0.0296875
6 0.321875 0.55078125 0.1734375 0.03125
1 0.31953125 0.48125 0.1703125 0.0296875
9 0.440625 0.31171875 0.4046875 0.0515625
12 0.48828125 0.228125 0.5015625 0.0890625
11 0.27421875 0.6578125 0.0796875 0.028125
8 0.33515625 0.371875 0.2015625 0.03125
13 0.27578125 0.515625 0.084375 0.0296875
16 0.38671875 0.4125 0.30625 0.0328125
3 0.61796875 0.44609375 0.0203125 0.021875
2 0.32109375 0.76484375 0.175 0.03125
7 0.26015625 0.728125 0.0515625 0.0296875