10 0.4103298611111111 0.42848958333333337 0.059837962962962975 0.26208333333333333
5 0.5142071759259259 0.40354166666666663 0.05075231481481488 0.20239583333333327
9 0.8061342592592593 0.5349479166666666 0.10613425925925916 0.4253125000000001
11 0.4442997685185185 0.38333333333333336 0.0484375 0.17114583333333339
6 0.5528935185185185 0.41156249999999994 0.051446759259259164 0.2117708333333333
7 0.3674189814814815 0.32145833333333335 0.0338541666666667 0.058229166666666644
15 0.38107638888888895 0.8416666666666666 0.04259259259259256 0.11322916666666671
12 0.8935185185185185 0.6021875 0.15347222222222215 0.5186458333333335
2 0.33399884259259255 0.38453125000000005 0.04959490740740744 0.18677083333333327
8 0.7389756944444444 0.499375 0.08240740740740744 0.35687499999999994
0 0.4747106481481482 0.34260416666666665 0.03859953703703702 0.08031249999999997
14 0.4155671296296296 0.8455208333333333 0.041145833333333215 0.11468750000000014
16 0.698582175925926 0.47880208333333335 0.06481481481481488 0.32927083333333335
1 0.6193287037037037 0.3848958333333333 0.04791666666666661 0.14312500000000003
4 0.6568576388888889 0.3772916666666667 0.043055555555555715 0.11947916666666662
13 0.5839409722222222 0.3584375 0.03975694444444446 0.09593750000000005
3 0.6641493055555555 0.7066145833333334 0.02795138888888893 0.02052083333333332