14 0.8265625 0.6068865740740741 0.1484375 0.06799768518518512
9 0.403125 0.3116319444444445 0.4109375 0.15271990740740743
8 0.30078125 0.39979745370370373 0.178125 0.07534722222222215
12 0.43359375 0.21831597222222224 0.49375 0.20422453703703702
4 0.3 0.47482638888888895 0.15 0.06493055555555571
13 0.28515625 0.5511574074074075 0.0890625 0.05017361111111107
1 0.31953125 0.5076967592592593 0.1734375 0.07986111111111108
11 0.31484375 0.6891203703703703 0.084375 0.046875
15 0.8328125 0.6418113425925925 0.1203125 0.05914351851851851
2 0.3875 0.7801793981481481 0.1765625 0.0737268518518519
16 0.34609375 0.429369212962963 0.25625 0.09230324074074066
7 0.3140625 0.7633680555555555 0.0546875 0.04108796296296298
10 0.440625 0.6922743055555556 0.328125 0.11215277777777785
0 0.303125 0.6536168981481482 0.078125 0.04820601851851851
6 0.3421875 0.572482638888889 0.1875 0.08038194444444428
3 0.60234375 0.3987847222222222 0.025 0.02748842592592595
5 0.3015625 0.6200810185185185 0.0890625 0.05486111111111107