14 0.8280844907407406 0.6261979166666667 0.11788194444444429 0.05295138888888893
9 0.43159143518518517 0.26318865740740743 0.4235648148148147 0.1359375
10 0.410775462962963 0.6655439814814814 0.26195601851851863 0.08228009259259253
6 0.3659953703703704 0.5217071759259259 0.21655092592592595 0.07368055555555557
2 0.38158564814814816 0.7359606481481482 0.18679398148148146 0.06745370370370374
11 0.36046875 0.6308796296296297 0.17114583333333327 0.06508101851851862
1 0.3544907407407408 0.45387152777777773 0.21184027777777778 0.071875
12 0.4712847222222222 0.16986111111111113 0.5290856481481482 0.19761574074074076
7 0.3123784722222222 0.7104803240740741 0.058368055555555555 0.04049768518518526
5 0.3787673611111111 0.5567708333333333 0.2337847222222223 0.07769675925925927
16 0.4080613425925925 0.37377314814814816 0.3418055555555554 0.09734953703703705
4 0.3041724537037037 0.41998842592592595 0.12256944444444447 0.0531944444444445
15 0.8337789351851852 0.6640219907407408 0.11788194444444464 0.05295138888888893
0 0.31086226851851856 0.601724537037037 0.08187499999999996 0.046400462962963115
8 0.34130208333333334 0.34138310185185183 0.2181365740740741 0.07532407407407415
13 0.30310763888888886 0.49186342592592586 0.0975462962962963 0.05033564814814824
3 0.632175925925926 0.39243055555555556 0.022337962962962976 0.03238425925925927