6 0.590005787037037 0.6200115740740741 0.07327546296296283 0.19332175925925926
5 0.6203993055555556 0.6080497685185184 0.07489583333333343 0.20122685185185177
14 0.6317824074074074 0.1399826388888889 0.060277777777777784 0.12539351851851852
9 0.32946180555555554 0.5830844907407406 0.143587962962963 0.4083333333333332
0 0.6707812499999999 0.6566493055555556 0.04429398148148138 0.07603009259259252
11 0.7034895833333333 0.6406423611111111 0.04747685185185198 0.08402777777777785
12 0.24105324074074072 0.5711284722222223 0.19261574074074073 0.49089120370370376
8 0.4330324074074074 0.742644675925926 0.039456018518518474 0.05543981481481488
4 0.49034722222222216 0.6720312500000001 0.06362268518518518 0.1552662037037038
1 0.5167013888888888 0.642332175925926 0.07327546296296283 0.19332175925925926
16 0.4374074074074074 0.5946643518518518 0.10709490740740737 0.33120370370370367
10 0.7096006944444444 0.5160069444444444 0.10552083333333329 0.329548611111111
2 0.7959201388888889 0.5624768518518518 0.06848379629629626 0.17898148148148146
13 0.5662384259259259 0.6823842592592593 0.045960648148148306 0.09018518518518519
15 0.6676504629629629 0.12847800925925928 0.05711805555555553 0.12052083333333333
7 0.7761631944444444 0.6386805555555556 0.039456018518518474 0.05543981481481488
3 0.4186284722222222 0.3808391203703704 0.029872685185185155 0.02675925925925924