5 0.5069907407407408 0.38126736111111115 0.08621527777777764 0.2321412037037037
14 0.7301273148148149 0.7892650462962962 0.05644675925925924 0.12037037037037042
2 0.674056712962963 0.32530671296296293 0.07619212962962969 0.1881134259259259
4 0.35693287037037036 0.3729166666666667 0.06957175925925921 0.16292824074074072
6 0.4687789351851851 0.38482060185185185 0.081388888888889 0.22262731481481488
15 0.7666608796296297 0.7778530092592593 0.05483796296296291 0.11719907407407408
10 0.6154918981481481 0.3782349537037037 0.09290509259259264 0.2620138888888889
11 0.5673032407407408 0.3408854166666667 0.06817129629629637 0.1738194444444444
7 0.6248437499999999 0.27152777777777776 0.03994212962962962 0.06053240740740744
0 0.5238136574074075 0.3044560185185185 0.04973379629629626 0.08893518518518517
1 0.3878009259259259 0.3480613425925926 0.061134259259259235 0.12050925925925923
3 0.44270833333333337 0.680792824074074 0.02849537037037031 0.025833333333333285
13 0.4211053240740741 0.329525462962963 0.05453703703703709 0.09688657407407408
8 0.34638920624999997 0.5463547328125 0.2785944609375 0.3045604109375 0.2438988234375 0.31447715781249996 0.308141990625 0.5594951 0.34638920624999997 0.5463547328125
16 0.40662646562500004 0.6318791765625 0.314692790625 0.303076884375 0.2844677140625 0.30645299062500003 0.375292065625 0.6387808390624999 0.40662646562500004 0.6318791765625
12 0.295949221875 0.8217283640625 0.1523160703125 0.334168171875 0.0639468296875 0.36043439374999997 0.2111785125 0.845267525 0.295949221875 0.8217283640625
9 0.34014395625 0.72113360625 0.2226399140625 0.31913217656250004 0.170853571875 0.3303050109375 0.2846136015625 0.737281371875 0.34014395625 0.72113360625