6 0.3210821759259259 0.540943287037037 0.19884259259259257 0.06203703703703702
14 0.7523726851851851 0.7624421296296297 0.12064814814814824 0.04976851851851851
9 0.4532407407407407 0.31765046296296295 0.3991782407407408 0.11475694444444447
11 0.24848958333333332 0.63515625 0.08310185185185182 0.042129629629629586
12 0.5170833333333333 0.24421296296296297 0.5042013888888889 0.16394675925925925
8 0.31850694444444444 0.3611111111111111 0.1534953703703703 0.05567129629629628
5 0.3067708333333333 0.5740162037037038 0.18162037037037032 0.05671296296296298
4 0.3125231481481482 0.43043981481481486 0.1534953703703703 0.05567129629629619
15 0.7466435185185185 0.7973958333333334 0.11596064814814824 0.04959490740740726
1 0.3013599537037037 0.4605034722222222 0.13783564814814814 0.05040509259259256
0 0.2659317129629629 0.6014178240740741 0.10498842592592598 0.04450231481481488
16 0.3947337962962963 0.40925925925925927 0.3129976851851852 0.07876157407407405
7 0.22767939814814814 0.7015914351851851 0.05181712962962966 0.03628472222222214
13 0.270625 0.4953125 0.0893518518518519 0.04236111111111107
10 0.36921875 0.6888599537037037 0.3317824074074074 0.0841435185185185
2 0.28827546296296297 0.7499421296296296 0.1769444444444445 0.058101851851851904
3 0.6153935185185185 0.4760416666666667 0.023680555555555573 0.03368055555555553