14 0.78984375 0.70546875 0.11875 0.0328125
5 0.3234375 0.59140625 0.1859375 0.0296875
10 0.3328125 0.69609375 0.2015625 0.03125
11 0.271875 0.6625 0.0796875 0.03125
4 0.28359375 0.446875 0.1109375 0.0296875
0 0.26640625 0.62421875 0.0734375 0.028125
1 0.31953125 0.48046875 0.171875 0.03125
6 0.31875 0.5546875 0.175 0.03125
12 0.4859375 0.23203125 0.49375 0.0890625
13 0.27109375 0.51875 0.0859375 0.028125
15 0.7953125 0.74140625 0.1140625 0.03125
2 0.31796875 0.76953125 0.1765625 0.0328125
9 0.43671875 0.31328125 0.409375 0.0546875
16 0.40625 0.41484375 0.3484375 0.03125
7 0.25625 0.73203125 0.053125 0.028125
8 0.26953125 0.37421875 0.078125 0.03125
3 0.61328125 0.446875 0.01875 0.01875