6 0.66015625 0.6000578703703704 0.2015625 0.05413194444444436
14 0.1953125 0.7006365740740741 0.1171875 0.04444444444444447
8 0.65703125 0.41940393518518515 0.234375 0.05920138888888893
11 0.67109375 0.7077372685185186 0.165625 0.04887731481481481
1 0.66640625 0.5269907407407407 0.2015625 0.05569444444444436
12 0.5203125 0.26208333333333333 0.4921875 0.1447916666666666
4 0.7109375 0.4991608796296296 0.1140625 0.04269675925925931
13 0.72109375 0.5708564814814816 0.084375 0.03937500000000007
10 0.6265625 0.7371296296296297 0.246875 0.058379629629629545
2 0.6578125 0.8139814814814816 0.1765625 0.051087962962962766
0 0.71640625 0.6760474537037038 0.0765625 0.03891203703703709
15 0.19453125 0.7357465277777777 0.10625 0.04067129629629633
9 0.56796875 0.35006365740740736 0.4140625 0.10109953703703703
16 0.65078125 0.4612210648148148 0.2296875 0.06048611111111111
7 0.72578125 0.7828530092592592 0.053125 0.034398148148148164
5 0.67734375 0.6393576388888889 0.165625 0.04887731481481481
3 0.38515625 0.46188657407407413 0.021875 0.02473379629629626