14 0.8125 0.63828125 0.1734375 0.0671875
16 0.415625 0.34296875 0.271875 0.06875
11 0.365625 0.653125 0.1640625 0.03125
10 0.4109375 0.68828125 0.25 0.0390625
9 0.4625 0.21875 0.4359375 0.059375
2 0.37734375 0.76328125 0.178125 0.0328125
8 0.3828125 0.28984375 0.20625 0.034375
12 0.51484375 0.11953125 0.5625 0.1
7 0.31640625 0.7265625 0.0578125 0.0296875
15 0.81640625 0.696875 0.1125 0.03125
0 0.325 0.61796875 0.078125 0.03125
6 0.36640625 0.54765625 0.165625 0.03125
3 0.65078125 0.39765625 0.025 0.0265625
5 0.44375 0.58046875 0.3140625 0.0390625
1 0.45390625 0.45390625 0.3421875 0.06875
4 0.35546875 0.39609375 0.153125 0.0328125
13 0.373170740625 0.49488980156249995 0.284684125 0.4935948984375 0.283694996875 0.5250651046875 0.36856438125 0.5246270875 0.373170740625 0.49488980156249995