14 0.4072048611111111 0.7932581018518519 0.04121527777777771 0.1206134259259258
10 0.39871527777777777 0.37320023148148146 0.059965277777777805 0.2618865740740741
9 0.7913888888888889 0.4342766203703704 0.0890625 0.42552083333333324
5 0.5032986111111111 0.3301909722222222 0.05079861111111121 0.19593750000000004
2 0.325 0.3355208333333334 0.047395833333333304 0.18952546296296297
15 0.3681770833333333 0.7960648148148148 0.041006944444444395 0.11592592592592581
8 0.7219791666666666 0.3525231481481481 0.05954861111111107 0.2525115740740741
4 0.6471701388888889 0.30785300925925924 0.046215277777777786 0.16296296296296298
0 0.4658159722222222 0.27967013888888886 0.037986111111111144 0.0830324074074074
12 0.8779861111111111 0.4799016203703704 0.13527777777777777 0.5183333333333333
6 0.5387326388888889 0.299380787037037 0.04618055555555554 0.12710648148148146
16 0.6859375 0.3520428240740741 0.05833333333333339 0.26024305555555555
11 0.4333506944444444 0.3244212962962963 0.045069444444444426 0.1722569444444444
13 0.5746180555555556 0.27872685185185186 0.04010416666666679 0.0956134259259259
7 0.35649305555555555 0.268894675925926 0.03388888888888886 0.060995370370370415
1 0.6117013888888889 0.37311921296296297 0.0594444444444445 0.2852430555555555
3 0.6540625 0.6214988425925926 0.029097222222222285 0.023333333333333428