14 0.7212094907407407 0.18026041666666667 0.04820601851851851 0.12322916666666668
6 0.5127604166666666 0.6321354166666666 0.05740740740740726 0.2033333333333333
4 0.40434027777777776 0.6557291666666667 0.04936342592592595 0.15447916666666667
16 0.3842881944444444 0.5658854166666667 0.07309027777777777 0.3321875
9 0.2876736111111111 0.5232291666666666 0.1041666666666667 0.41374999999999995
13 0.47013888888888894 0.68875 0.04079861111111107 0.09156250000000003
11 0.6172743055555555 0.6508854166666668 0.05133101851851851 0.16552083333333342
0 0.5750578703703704 0.6965625 0.0387731481481481 0.07895833333333328
10 0.6562210648148149 0.6093229166666667 0.0622106481481481 0.24885416666666665
1 0.4447916666666666 0.5945833333333332 0.06626157407407404 0.27406250000000015
15 0.75703125 0.18098958333333331 0.0450231481481481 0.12145833333333331
5 0.547048611111111 0.6532291666666667 0.05138888888888893 0.16708333333333342
12 0.21328125 0.4697395833333333 0.15138888888888893 0.5104166666666666
2 0.7243055555555555 0.64375 0.05335648148148149 0.178125
7 0.6782407407407407 0.7091666666666667 0.036400462962962975 0.05697916666666671
8 0.3311631944444445 0.65359375 0.04918981481481488 0.14979166666666668
3 0.44453125 0.34911458333333334 0.02268518518518512 0.023333333333333338