9 0.7173263888888888 0.5907465277777778 0.10239583333333328 0.41142361111111114
14 0.33307870370370374 0.20031249999999998 0.050856481481481454 0.16906250000000006
15 0.29693865740740744 0.19480902777777778 0.04653935185185185 0.11586805555555557
2 0.23021412037037034 0.65171875 0.05142361111111118 0.18000000000000008
11 0.3359143518518518 0.6759027777777777 0.04996527777777775 0.15187500000000007
10 0.30199652777777775 0.6681597222222223 0.050289351851851904 0.15812500000000007
8 0.6556192129629629 0.6784201388888889 0.056331018518518405 0.2145138888888889
12 0.8043229166666667 0.554861111111111 0.15122685185185175 0.5414236111111113
7 0.26244212962962965 0.7170659722222222 0.0340046296296296 0.05451388888888893
16 0.6174942129629629 0.6346354166666666 0.06736111111111107 0.3069791666666667
0 0.3685821759259259 0.7046354166666667 0.04136574074074071 0.10628472222222207
4 0.5809895833333334 0.727326388888889 0.04341435185185176 0.11572916666666658
6 0.441400462962963 0.7109895833333333 0.04168981481481478 0.11253472222222208
3 0.5897569444444445 0.40034722222222224 0.03254629629629626 0.026388888888888927
5 0.40519097222222217 0.6891145833333333 0.04783564814814802 0.14086805555555557
1 0.5303530092592593 0.5925694444444444 0.12108796296296305 0.38107638888888895
13 0.4763831018518518 0.7242361111111111 0.0436805555555555 0.09079861111111107