0 0.325 0.55703125 0.109375 0.03125
2 0.3625 0.69765625 0.184375 0.0328125
5 0.36484375 0.51953125 0.1921875 0.034375
9 0.47109375 0.23515625 0.425 0.0578125
6 0.37109375 0.4828125 0.2109375 0.0328125
4 0.3421875 0.37578125 0.1578125 0.0328125
8 0.40234375 0.303125 0.278125 0.0375
14 0.82109375 0.628125 0.1140625 0.028125
7 0.29609375 0.66484375 0.05625 0.028125
1 0.378125 0.41328125 0.2234375 0.0375
10 0.3984375 0.6265625 0.259375 0.0359375
12 0.52734375 0.14296875 0.50625 0.0984375
16 0.434375 0.33984375 0.3390625 0.034375
15 0.82109375 0.66640625 0.1109375 0.0328125
11 0.353125 0.58984375 0.16875 0.03125
13 0.3125 0.44765625 0.0921875 0.0328125
3 0.65859375 0.378125 0.0203125 0.0234375