9 0.21932870370370372 0.47479166666666667 0.09849537037037041 0.4252777777777778
6 0.48046875 0.3484548611111111 0.04392361111111107 0.13211805555555553
10 0.6214409722222222 0.4266493055555555 0.055034722222222145 0.26350694444444434
12 0.1287615740740741 0.5134375 0.15480324074074076 0.5123958333333334
11 0.5857060185185186 0.3781597222222222 0.04849537037037042 0.17124999999999996
2 0.6914351851851851 0.39458333333333334 0.04901620370370381 0.18531249999999994
7 0.6633680555555556 0.3290625 0.033333333333333215 0.056944444444444464
16 0.33032407407407405 0.4334722222222222 0.061863425925925954 0.3214236111111111
1 0.4103877314814815 0.3406423611111111 0.04369212962962958 0.12586805555555552
14 0.5878761574074074 0.84734375 0.03859953703703702 0.11482638888888914
8 0.2959201388888889 0.3912673611111111 0.05879629629629628 0.2386111111111111
0 0.5561631944444445 0.3313715277777778 0.03888888888888893 0.08048611111111112
5 0.517505787037037 0.3828993055555555 0.04930555555555553 0.19312500000000005
15 0.6245081018518519 0.8505034722222222 0.04004629629629619 0.11173611111111122
4 0.3745949074074074 0.3359375 0.04201388888888893 0.12270833333333338
13 0.4484085648148149 0.3274131944444444 0.040972222222222146 0.09458333333333328
3 0.3513599537037037 0.6677256944444444 0.033796296296296366 0.027291666666666714