11 0.6897685185185185 0.3651273148148148 0.05349537037037031 0.15814814814814815
9 0.34464699074074073 0.48674189814814817 0.11414351851851859 0.42412037037037037
5 0.6232581018518518 0.3927488425925926 0.0641435185185184 0.21289351851851848
8 0.3975 0.36140046296296297 0.051712962962962995 0.12377314814814806
14 0.7758969907407407 0.8062210648148149 0.0500694444444445 0.12219907407407397
16 0.4470254629629629 0.44298611111111114 0.07576388888888878 0.2863888888888889
1 0.5174594907407407 0.4458506944444444 0.07517361111111107 0.3051273148148148
12 0.2662731481481481 0.5416087962962963 0.1639120370370371 0.5103935185185187
10 0.7269733796296297 0.3747743055555556 0.05815972222222214 0.18785879629629623
6 0.5860821759259259 0.39872106481481484 0.06306712962962954 0.2222569444444445
15 0.8039814814814814 0.8056481481481482 0.04662037037037052 0.11592592592592581
0 0.6536111111111111 0.3304976851851852 0.0436805555555555 0.0893518518518519
2 0.8022164351851853 0.3800173611111111 0.06209490740740762 0.2035069444444444
4 0.47437500000000005 0.3830555555555556 0.0575925925925926 0.17692129629629622
13 0.5472685185185184 0.3429861111111111 0.04597222222222221 0.10342592592592599
7 0.7597106481481481 0.3133217592592593 0.04082175925925924 0.06434027777777782
3 0.5113310185185186 0.6590046296296297 0.0227662037037037 0.017349537037037167