9 0.47109375 0.2359375 0.4234375 0.05625
14 0.82421875 0.62578125 0.1109375 0.028125
15 0.82421875 0.66328125 0.1109375 0.03125
2 0.365625 0.6984375 0.184375 0.034375
7 0.30234375 0.665625 0.0546875 0.0296875
6 0.35625 0.484375 0.1765625 0.0328125
5 0.3828125 0.5203125 0.2296875 0.034375
10 0.4015625 0.63125 0.2609375 0.0328125
12 0.52578125 0.14453125 0.5046875 0.1015625
1 0.35625 0.41640625 0.178125 0.0328125
11 0.35625 0.5921875 0.16875 0.0328125
4 0.325 0.378125 0.1171875 0.03125
16 0.4140625 0.340625 0.303125 0.0328125
0 0.31171875 0.55859375 0.084375 0.03125
13 0.3140625 0.45 0.090625 0.0328125
8 0.3515625 0.30390625 0.1765625 0.034375
3 0.6578125 0.378125 0.0203125 0.021875