6 0.5771875 0.3375 0.05843750000000014 0.103125
1 0.64375 0.3515625 0.06177083333333329 0.10625
9 0.8006249999999999 0.53671875 0.1682291666666668 0.4140625
8 0.7536979166666666 0.3953125 0.07895833333333328 0.153125
10 0.42041666666666666 0.3765625 0.0989583333333334 0.2421875
0 0.5036979166666666 0.31328125 0.050833333333333286 0.0828125
12 0.8807552083333334 0.61015625 0.23848958333333314 0.5234375
14 0.3616666666666667 0.79609375 0.05927083333333334 0.115625
2 0.35666666666666663 0.334375 0.08104166666666668 0.184375
15 0.3230208333333333 0.790625 0.060833333333333336 0.115625
16 0.7096354166666666 0.42578125 0.09520833333333342 0.2328125
11 0.46989583333333335 0.31015625 0.05437499999999993 0.0890625
4 0.6805729166666666 0.36484375 0.06437500000000007 0.121875
13 0.6116145833333333 0.33828125 0.05812500000000007 0.0984375
7 0.39911458333333333 0.2796875 0.043020833333333286 0.059375
5 0.5378125 0.34453125 0.06833333333333336 0.134375
3 0.6327604166666666 0.690625 0.04083333333333332 0.0265625