11 0.3078125 0.66015625 0.1453125 0.03125
14 0.7875 0.70703125 0.1140625 0.0296875
5 0.3265625 0.58671875 0.1859375 0.03125
6 0.3328125 0.55390625 0.1953125 0.03125
4 0.309375 0.446875 0.15 0.03125
0 0.271875 0.6234375 0.071875 0.0296875
9 0.4390625 0.31328125 0.40625 0.053125
15 0.7875 0.7421875 0.1125 0.0296875
2 0.3234375 0.765625 0.175 0.03125
10 0.396875 0.69375 0.325 0.03125
1 0.3578125 0.48046875 0.2390625 0.03125
12 0.48828125 0.22890625 0.4828125 0.0890625
16 0.34765625 0.415625 0.234375 0.0296875
8 0.32265625 0.378125 0.178125 0.03125
7 0.26015625 0.72890625 0.0515625 0.028125
13 0.27890625 0.51875 0.0859375 0.0296875
3 0.61640625 0.4484375 0.0234375 0.025