1 0.5540162037037037 0.7171354166666667 0.044201388888888894 0.13781250000000006
6 0.4799247685185185 0.7224305555555556 0.04902777777777771 0.1473958333333334
9 0.7056886574074074 0.5731944444444445 0.09668981481481484 0.4134027777777778
13 0.5177719907407408 0.7475347222222222 0.03714120370370359 0.08284722222222225
0 0.41174189814814816 0.7576562499999999 0.03861111111111111 0.07666666666666658
12 0.7837500000000001 0.5196701388888888 0.1355092592592591 0.5041319444444443
8 0.6557812500000001 0.6826215277777777 0.04988425925925917 0.20520833333333321
5 0.44368634259259265 0.7005208333333334 0.05907407407407419 0.19312499999999985
16 0.6103240740740741 0.6181423611111111 0.06437500000000007 0.3401388888888889
15 0.24253472222222222 0.24500000000000002 0.03909722222222225 0.10947916666666666
10 0.33850694444444446 0.7153645833333334 0.05082175925925929 0.1630902777777777
14 0.2776678240740741 0.24500000000000002 0.0407754629629629 0.11736111111111107
4 0.5862326388888889 0.7310590277777778 0.04068287037037024 0.11111111111111108
11 0.3749768518518518 0.7528993055555555 0.04185185185185185 0.08461805555555557
7 0.31046874999999996 0.7726736111111111 0.03674768518518512 0.05628472222222225
2 0.2682175925925926 0.7138020833333334 0.05261574074074069 0.17878472222222222
3 0.5525578703703704 0.40789930555555554 0.022083333333333323 0.015034722222222286