9 0.46796875 0.24765625 0.425 0.0671875
2 0.346875 0.70859375 0.184375 0.0328125
10 0.3875 0.6390625 0.2625 0.0328125
8 0.30234375 0.30546875 0.09375 0.034375
12 0.515625 0.16015625 0.5078125 0.115625
16 0.36484375 0.34609375 0.2203125 0.040625
14 0.8078125 0.65859375 0.1140625 0.03125
11 0.3421875 0.59765625 0.1703125 0.03125
1 0.30390625 0.42109375 0.0890625 0.0328125
7 0.28359375 0.66953125 0.05625 0.028125
15 0.803125 0.69765625 0.115625 0.0328125
6 0.3015625 0.48984375 0.0890625 0.0328125
0 0.2953125 0.5640625 0.078125 0.0296875
4 0.33671875 0.38359375 0.1546875 0.03125
3 0.65 0.40078125 0.0203125 0.0234375
5 0.3265625 0.5296875 0.1390625 0.034375
13 0.3015625 0.45546875 0.090625 0.0328125