9 0.4359375 0.309375 0.403125 0.0546875
10 0.41171875 0.7234375 0.3140625 0.0359375
2 0.3390625 0.79375 0.1703125 0.028125
7 0.2796875 0.76015625 0.0515625 0.028125
12 0.4828125 0.22578125 0.4859375 0.0859375
4 0.3125 0.4421875 0.115625 0.028125
14 0.78046875 0.7015625 0.1140625 0.03125
8 0.38984375 0.3703125 0.2734375 0.0359375
6 0.33515625 0.584375 0.1625 0.034375
15 0.7828125 0.73671875 0.1078125 0.0296875
1 0.325 0.51640625 0.140625 0.03125
16 0.359375 0.4046875 0.2125 0.0375
5 0.35859375 0.61875 0.2109375 0.028125
0 0.30390625 0.65390625 0.1015625 0.0359375
13 0.29375 0.5484375 0.0859375 0.028125
11 0.29453125 0.68984375 0.0796875 0.0328125
4 0.328125 0.47734375 0.153125 0.0328125
3 0.60546875 0.47421875 0.0109375 0.0171875