0 0.4191319444444444 0.26342013888888893 0.04445601851851855 0.07781249999999992
6 0.4741493055555555 0.33307870370370374 0.07108796296296305 0.1863194444444444
5 0.44005208333333334 0.3226851851851852 0.06947916666666672 0.18471064814814814
14 0.22175925925925927 0.7494097222222222 0.055034722222222235 0.11871527777777775
9 0.6843402777777777 0.4964756944444444 0.14177083333333335 0.4116550925925925
10 0.33012152777777776 0.33819444444444446 0.08714120370370368 0.25392361111111106
8 0.6495081018518519 0.3789351851851852 0.07306712962962969 0.20042824074074073
11 0.37427083333333333 0.2996238425925926 0.06575231481481483 0.16430555555555557
12 0.7558101851851852 0.5650578703703705 0.19422453703703688 0.49594907407407407
2 0.2684375 0.28241319444444446 0.06929398148148155 0.17846064814814816
4 0.5886979166666666 0.3200520833333333 0.054895833333333324 0.11402777777777776
13 0.5214699074074074 0.29303819444444446 0.04799768518518519 0.0919675925925926
1 0.5466898148148148 0.33913773148148146 0.06745370370370374 0.1690393518518519
16 0.5980266203703704 0.4274537037037037 0.09969907407407419 0.3089351851851852
15 0.18835069444444447 0.7421643518518518 0.05324074074074074 0.1108564814814816
7 0.31927662037037036 0.22918402777777777 0.04068287037037042 0.05584490740740744
3 0.515925925925926 0.6384895833333333 0.02886574074074062 0.025833333333333285