5 0.36640625 0.521875 0.23125 0.034375
9 0.45859375 0.23515625 0.41875 0.0640625
16 0.3984375 0.34375 0.3078125 0.0359375
6 0.3609375 0.48359375 0.2171875 0.0328125
10 0.3828125 0.63203125 0.2609375 0.03125
12 0.51484375 0.14765625 0.509375 0.1
11 0.33671875 0.5921875 0.16875 0.0328125
14 0.80625 0.6453125 0.1171875 0.03125
0 0.28984375 0.5578125 0.0796875 0.03125
7 0.278125 0.6640625 0.0546875 0.0296875
4 0.3296875 0.37578125 0.15625 0.0375
8 0.35859375 0.30546875 0.2265625 0.0375
2 0.34375 0.69921875 0.1859375 0.0328125
15 0.80234375 0.68046875 0.1140625 0.0328125
1 0.31484375 0.41328125 0.1234375 0.0375
13 0.29453125 0.45 0.09375 0.0328125
3 0.646875 0.3859375 0.0203125 0.0234375