14 0.2799363425925926 0.77234375 0.05443287037037035 0.11885416666666675
11 0.41531250000000003 0.30864583333333334 0.06828703703703702 0.17583333333333337
5 0.48132523148148143 0.32682291666666663 0.07575231481481488 0.19968750000000002
0 0.45518518518518525 0.29041666666666666 0.05976851851851848 0.13166666666666665
9 0.7412326388888889 0.4644270833333334 0.1516435185185184 0.43208333333333326
2 0.31107060185185187 0.30703125 0.07534722222222215 0.19187499999999993
7 0.35711805555555554 0.24479166666666669 0.04222222222222225 0.06354166666666661
1 0.5785300925925926 0.3740625 0.09362268518518527 0.27406250000000004
6 0.5180960648148147 0.33838541666666666 0.0797685185185184 0.21708333333333343
10 0.3703587962962963 0.34979166666666667 0.09321759259259262 0.26625
4 0.6289004629629631 0.31854166666666667 0.06796296296296304 0.16958333333333328
12 0.8178819444444445 0.5177083333333334 0.21908564814814824 0.5315625
15 0.24201967592592594 0.7678645833333333 0.05599537037037035 0.11895833333333332
13 0.5637789351851852 0.2831770833333333 0.05354166666666664 0.10166666666666666
16 0.6531655092592592 0.37609375 0.09386574074074083 0.27874999999999994
8 0.681568287037037 0.41390625000000003 0.1142129629629629 0.3408333333333333
3 0.5635590277777778 0.6327604166666667 0.027534722222222287 0.0205208333333335