5 0.4615682870370371 0.5989583333333334 0.07984953703703716 0.2351273148148149
14 0.43556134259259255 0.14728587962962963 0.05399305555555554 0.11876157407407409
2 0.28332754629629625 0.5886111111111111 0.06856481481481484 0.18792824074074072
9 0.7589814814814815 0.5573263888888889 0.1406365740740739 0.42751157407407414
7 0.3026099537037037 0.6599305555555556 0.04108796296296298 0.06370370370370378
10 0.3558159722222222 0.5638020833333334 0.08318287037037031 0.26334490740740757
6 0.4930613425925926 0.6308449074074074 0.06696759259259259 0.18319444444444458
1 0.5580729166666666 0.6515798611111111 0.0636921296296297 0.1627893518518519
12 0.8556018518518519 0.5200810185185185 0.2023148148148149 0.5293171296296297
11 0.38666666666666666 0.6144618055555556 0.0653240740740741 0.17221064814814824
4 0.5910995370370371 0.679513888888889 0.054016203703703705 0.12188657407407408
15 0.3987962962962963 0.1421238425925926 0.052418981481481455 0.11715277777777774
0 0.41125 0.662962962962963 0.04436342592592588 0.08410879629629626
16 0.6489351851851852 0.5754340277777777 0.09940972222222229 0.34505787037037033
13 0.5184201388888889 0.6785416666666666 0.050729166666666714 0.0999189814814816
3 0.6527372685185184 0.3502719907407408 0.028310185185185334 0.025833333333333285
8 0.6841261574074075 0.5790798611111111 0.10256944444444435 0.3498379629629628