14 0.16145833333333334 0.6261284722222221 0.11695601851851851 0.04450231481481488
2 0.6204282407407407 0.6451099537037037 0.18605324074074084 0.05896990740740744
9 0.51171875 0.1934895833333333 0.42766203703703703 0.1033564814814815
5 0.599681712962963 0.4690104166666666 0.23443287037037042 0.06099537037037024
8 0.6069733796296296 0.251099537037037 0.22991898148148132 0.0653356481481481
16 0.606394675925926 0.2877604166666667 0.22511574074074084 0.061863425925925954
6 0.6096643518518519 0.43087384259259254 0.21244212962962977 0.05625
12 0.4610243055555555 0.11076388888888888 0.521701388888889 0.1601851851851852
0 0.6710648148148148 0.49800347222222224 0.0825231481481481 0.04039351851851851
10 0.5870949074074074 0.5774594907407407 0.25949074074074086 0.06440972222222215
7 0.6858506944444445 0.6036458333333333 0.05902777777777786 0.03709490740740744
11 0.6283564814814815 0.5362268518518519 0.17181712962962958 0.05324074074074083
15 0.16316550925925927 0.6641782407407407 0.11701388888888893 0.04606481481481488
1 0.6114583333333334 0.36140046296296297 0.20943287037037023 0.05914351851851851
13 0.6688078703703704 0.39065393518518515 0.09664351851851852 0.04299768518518521
4 0.6581886574074074 0.3197627314814815 0.1232060185185185 0.044965277777777854
3 0.32332175925925927 0.3578125 0.022743055555555537 0.025057870370370418