9 0.4877893518518519 0.2526736111111111 0.43431712962962976 0.13136574074074076
2 0.6550925925925926 0.6952372685185185 0.1896412037037038 0.060590277777777854
10 0.6074363425925926 0.6312152777777778 0.2666087962962962 0.07266203703703696
8 0.6583912037037037 0.2895949074074074 0.09861111111111107 0.04831018518518526
12 0.43136574074074074 0.1721064814814815 0.525636574074074 0.19362268518518516
16 0.600318287037037 0.3379803240740741 0.2260416666666666 0.07362268518518515
14 0.19126157407407407 0.7032175925925925 0.11892361111111112 0.04861111111111107
11 0.6482349537037038 0.5849189814814816 0.175462962962963 0.05725694444444436
1 0.6689814814814815 0.40465856481481477 0.09386574074074083 0.04667824074074076
7 0.714670138888889 0.6484375 0.06070601851851869 0.036817129629629616
15 0.2 0.7416493055555555 0.12054398148148149 0.05019675925925924
6 0.6781828703703704 0.47280092592592593 0.09386574074074083 0.04667824074074076
0 0.6918981481481481 0.5457002314814815 0.08275462962962976 0.0418287037037036
4 0.6319155092592592 0.3712789351851852 0.15978009259259257 0.05546296296296296
3 0.3218460648148148 0.42765625000000007 0.024421296296296368 0.026909722222222144
5 0.6570601851851852 0.5154803240740741 0.14415509259259257 0.05523148148148138
13 0.6747685185185185 0.43835648148148143 0.09542824074074083 0.04670138888888893