16 0.3252025462962963 0.41796875 0.21180555555555552 0.046875
9 0.4023842592592593 0.315625 0.40445601851851853 0.0859375
14 0.7609317129629629 0.678125 0.12093749999999996 0.0421875
0 0.2658622685185185 0.6734375 0.075300925925926 0.0359375
15 0.7637962962962963 0.71328125 0.11773148148148138 0.040625
6 0.32147569444444446 0.5953125 0.19930555555555554 0.046875
7 0.2587905092592592 0.7796875 0.05326388888888882 0.0328125
2 0.32221643518518517 0.80703125 0.17241898148148138 0.040625
12 0.4468460648148148 0.2265625 0.4909375000000001 0.1265625
4 0.28008680555555554 0.459375 0.12233796296296298 0.0390625
1 0.2966319444444444 0.53203125 0.13976851851851854 0.04375
11 0.31049768518518517 0.7015625 0.15687499999999996 0.0421875
5 0.3172685185185185 0.63125 0.18195601851851856 0.04375
8 0.2556481481481482 0.38828125 0.06584490740740741 0.034375
13 0.2659837962962963 0.565625 0.08623842592592598 0.0359375
10 0.3550520833333334 0.73125 0.25579861111111113 0.0515625
1 0.2933912037037037 0.4890625 0.14124999999999996 0.0421875
3 0.5689062500000001 0.4640625 0.014872685185185119 0.015625