6 0.5189351851851851 0.31367476851851855 0.077986111111111 0.20378472222222221
14 0.7765972222222223 0.7179398148148148 0.05803240740740741 0.12197916666666657
8 0.3478472222222222 0.3718923611111111 0.08784722222222215 0.23687500000000003
11 0.6183449074074074 0.27086805555555554 0.06966435185185187 0.16917824074074073
1 0.44728009259259255 0.33064814814814814 0.079548611111111 0.20383101851851854
12 0.2441550925925926 0.5476967592592592 0.20577546296296295 0.5011921296296297
4 0.40535300925925927 0.29671875 0.0564004629629629 0.11724537037037042
13 0.47056134259259264 0.26664930555555555 0.04817129629629626 0.08888888888888893
10 0.6618229166666667 0.3039699074074074 0.08957175925925931 0.24785879629629629
2 0.7251331018518519 0.2512905092592593 0.07295138888888886 0.1802083333333333
0 0.5725231481481481 0.23783564814814814 0.04805555555555561 0.08107638888888893
15 0.8100520833333335 0.7075694444444445 0.054745370370370236 0.11094907407407409
9 0.311875 0.4761284722222222 0.15144675925925927 0.4183680555555556
16 0.3899421296296296 0.3643923611111111 0.08777777777777782 0.23218750000000005
7 0.6711747685185185 0.19661458333333331 0.03989583333333328 0.05740740740740739
5 0.5513541666666667 0.2861400462962963 0.06966435185185187 0.16917824074074073
3 0.48273148148148143 0.6133159722222222 0.02693287037037031 0.025787037037036952