5 0.5027546296296297 0.3401967592592593 0.09543981481481474 0.23298611111111106
14 0.2623668981481481 0.7423553240740741 0.060254629629629616 0.12182870370370366
2 0.33842592592592596 0.27921296296296294 0.08262731481481485 0.19015046296296295
4 0.6527256944444444 0.33632523148148147 0.07619212962962969 0.16482638888888887
6 0.5409837962962962 0.34524305555555557 0.0906944444444445 0.22493055555555558
15 0.22575231481481478 0.7301967592592593 0.060231481481481455 0.11870370370370367
10 0.39502893518518517 0.33406828703703706 0.10347222222222223 0.2630787037037036
11 0.4444907407407408 0.2987037037037037 0.0746990740740742 0.17412037037037037
7 0.3903587962962963 0.22653935185185184 0.04106481481481481 0.06148148148148156
0 0.4892708333333333 0.2628009259259259 0.05221064814814813 0.09017361111111111
1 0.6232407407407408 0.31052083333333336 0.06494212962962961 0.12207175925925924
3 0.5536226851851852 0.6421296296296296 0.02988425925925924 0.028101851851851833
13 0.5905844907407408 0.2911284722222222 0.05696759259259245 0.09979166666666668
8 0.6929368874999999 0.524859753125 0.7679985484375 0.2813455046875 0.7338560328125 0.2703618734375 0.65539871875 0.510539334375 0.6929368874999999 0.524859753125
16 0.6224293171874999 0.602257034375 0.7279158328124999 0.27208025 0.6979359671875 0.267784153125 0.59150208125 0.5943955265625 0.6224293171874999 0.602257034375
12 0.7767511859375 0.8140760296874999 0.9453279875 0.3328264265625 0.8584128828124999 0.303841059375 0.693300871875 0.7879314171875 0.7767511859375 0.8140760296874999
9 0.70839855 0.703675928125 0.8401063750000001 0.29941044375 0.78898245 0.2866516875 0.653765878125 0.6858201187499999 0.70839855 0.703675928125