9 0.2244675925925926 0.507824074074074 0.12541666666666665 0.4367708333333333
4 0.35381944444444446 0.6537731481481481 0.05803240740740741 0.16601851851851848
1 0.39101851851851854 0.6433391203703704 0.06019675925925929 0.18634259259259256
8 0.27997106481481476 0.6668229166666666 0.055173611111111145 0.12225694444444457
0 0.5402719907407407 0.6961516203703704 0.04873842592592581 0.11596064814814824
16 0.32703125 0.5672337962962963 0.08651620370370364 0.33650462962962957
11 0.5761574074074074 0.6677546296296296 0.05831018518518505 0.17539351851851848
13 0.42931134259259257 0.6961921296296296 0.04657407407407419 0.09563657407407397
14 0.6568460648148149 0.19986689814814812 0.05209490740740748 0.12379629629629632
12 0.13341435185185185 0.4412962962962963 0.17653935185185182 0.5277546296296297
15 0.6968518518518518 0.20504050925925926 0.05351851851851848 0.11912037037037031
6 0.4690972222222222 0.6411979166666667 0.06557870370370367 0.20981481481481482
2 0.6888194444444444 0.6723900462962963 0.06180555555555554 0.18791666666666665
10 0.6106481481481482 0.67140625 0.059826388888888894 0.17384259259259255
3 0.38428819444444445 0.33707175925925925 0.03516203703703695 0.026817129629629656
7 0.6476099537037037 0.7320833333333333 0.0393518518518519 0.06277777777777764
5 0.5018981481481481 0.6933101851851852 0.04846064814814817 0.10658564814814823