1 0.3203877314814815 0.465306712962963 0.242025462962963 0.05354166666666664
5 0.28353009259259265 0.5726678240740741 0.19193287037037035 0.05123842592592602
14 0.7233506944444444 0.7379166666666667 0.12115740740740737 0.04238425925925924
9 0.4335069444444445 0.3113773148148148 0.40978009259259257 0.09193287037037035
0 0.22308449074074072 0.6030497685185185 0.07556712962962964 0.03702546296296294
11 0.2216898148148148 0.6397800925925926 0.08494212962962963 0.03716435185185176
6 0.2825347222222222 0.5366840277777778 0.17796296296296293 0.052592592592592524
12 0.4819791666666666 0.23233796296296294 0.48709490740740746 0.13210648148148146
16 0.36246527777777776 0.4018113425925926 0.3004861111111111 0.0653356481481481
8 0.25039930555555556 0.3532349537037037 0.06766203703703706 0.0353472222222222
4 0.2647511574074074 0.42773148148148155 0.11325231481481488 0.040706018518518405
2 0.25569444444444445 0.7521006944444444 0.18090277777777777 0.04951388888888886
15 0.7180497685185185 0.7745891203703703 0.11803240740740736 0.042337962962962904
10 0.29350115740740745 0.6815046296296297 0.2374305555555556 0.055034722222222145
7 0.19656828703703705 0.7074363425925926 0.05350694444444444 0.03357638888888879
13 0.2419270833333333 0.4962037037037037 0.08328703703703706 0.03557870370370377
3 0.5863831018518518 0.4629918981481482 0.017199074074074082 0.026793981481481488