14 0.6752256944444445 0.8122395833333333 0.03965277777777772 0.1200231481481481
5 0.5739756944444444 0.34366319444444443 0.04107638888888889 0.18715277777777778
10 0.6783159722222222 0.3553530092592593 0.043333333333333356 0.20283564814814808
11 0.6466493055555556 0.29314236111111114 0.036354166666666646 0.08090277777777777
4 0.4303298611111111 0.30078125 0.03618055555555557 0.11209490740740743
0 0.608576388888889 0.28703703703703703 0.032951388888889 0.07453703703703703
1 0.46314236111111107 0.33721064814814816 0.04201388888888893 0.1731481481481481
6 0.5374305555555555 0.33839699074074076 0.04215277777777793 0.1762731481481481
12 0.21022569444444444 0.49921875 0.12045138888888891 0.4989583333333334
13 0.5027951388888889 0.290162037037037 0.033506944444444464 0.08703703703703702
15 0.7117013888888889 0.819068287037037 0.03788194444444439 0.11527777777777785
2 0.7524826388888889 0.3416666666666667 0.04378472222222225 0.1778935185185185
9 0.2929513888888889 0.45141782407407405 0.08076388888888886 0.4132523148148149
16 0.39515625 0.42311921296296295 0.05298611111111109 0.34982638888888895
7 0.7169097222222222 0.2793113425925926 0.032048611111111215 0.05422453703703702
8 0.35822916666666665 0.2855902777777778 0.03628472222222214 0.07934027777777777
3 0.4219270833333333 0.6307002314814815 0.019583333333333286 0.019444444444444466