9 0.26879050925925924 0.5220196759259259 0.1192013888888889 0.408773148148148
6 0.48959490740740746 0.6451736111111112 0.05798611111111107 0.19027777777777785
14 0.7170833333333333 0.19572916666666668 0.05087962962962962 0.12290509259259257
5 0.5216261574074075 0.6432754629629629 0.06166666666666672 0.19983796296296283
12 0.1939988425925926 0.47039930555555554 0.1661111111111111 0.4909606481481482
8 0.300787037037037 0.7046296296296296 0.039456018518518474 0.06150462962962955
11 0.5843287037037037 0.7018402777777778 0.04075231481481474 0.08337962962962955
0 0.5491261574074073 0.7047048611111111 0.04341435185185176 0.07575231481481488
15 0.7519155092592593 0.19911458333333334 0.0490393518518518 0.11812500000000004
16 0.3616898148148148 0.5702314814814814 0.08157407407407406 0.3255787037037038
7 0.6492534722222223 0.7229050925925926 0.03752314814814817 0.05516203703703706
4 0.3769444444444444 0.6806539351851851 0.045636574074074066 0.11325231481481488
1 0.41662037037037036 0.641712962962963 0.05954861111111107 0.19037037037037036
10 0.6316030092592593 0.6266377314814815 0.0691319444444444 0.24699074074074084
13 0.44366319444444446 0.6977199074074074 0.04103009259259256 0.08806712962962955
2 0.697945601851852 0.6631886574074073 0.05724537037037045 0.17777777777777787
3 0.42883101851851857 0.35683449074074075 0.026296296296296262 0.023356481481481416