6 0.47840856481481475 0.3479629629629629 0.05707175925925938 0.1997800925925926
12 0.795306712962963 0.536724537037037 0.14745370370370364 0.4878935185185185
11 0.37380208333333337 0.3199074074074074 0.0516319444444445 0.16062500000000002
10 0.3385300925925926 0.36955439814814817 0.06574074074074066 0.2671064814814814
0 0.4097222222222222 0.28119791666666666 0.037256944444444426 0.07597222222222219
1 0.5507002314814815 0.35712384259259256 0.05716435185185187 0.2013425925925926
9 0.7150868055555556 0.4727372685185185 0.10173611111111107 0.4007523148148149
8 0.6562152777777778 0.36103009259259256 0.05486111111111107 0.18879629629629627
5 0.4421412037037037 0.32817129629629627 0.0516319444444445 0.16062500000000002
7 0.3054861111111111 0.25939236111111114 0.034398148148148164 0.054050925925925954
14 0.3232696759259259 0.7832175925925926 0.044351851851851885 0.11673611111111129
13 0.5142766203703704 0.29521412037037037 0.03965277777777772 0.09008101851851853
4 0.5832175925925925 0.31363425925925925 0.044166666666666646 0.11361111111111111
2 0.2675520833333333 0.3167592592592593 0.05412037037037036 0.17629629629629626
16 0.6193402777777777 0.4231076388888889 0.07872685185185198 0.3283217592592592
15 0.28802083333333334 0.780613425925926 0.045636574074074066 0.11209490740740727
3 0.578119212962963 0.6355729166666666 0.019490740740740798 0.013055555555555643