9 0.5847569444444444 0.36508101851851854 0.42822916666666655 0.16734953703703698
16 0.6321527777777778 0.48486111111111113 0.27229166666666665 0.10307870370370367
0 0.6699479166666666 0.7199016203703703 0.08385416666666679 0.051168981481481524
5 0.6560243055555556 0.6777256944444444 0.14194444444444443 0.06666666666666679
2 0.5897569444444445 0.8440162037037038 0.19065972222222224 0.0816782407407409
15 0.14703125 0.7045196759259259 0.12159722222222222 0.0640509259259261
12 0.555 0.2610763888888889 0.5265625 0.23799768518518521
1 0.6772048611111111 0.5693229166666667 0.14194444444444443 0.06666666666666661
10 0.5665625000000001 0.7614699074074075 0.26291666666666663 0.10259259259259253
6 0.658420138888889 0.6403067129629629 0.1419791666666665 0.0682291666666666
4 0.6780555555555555 0.5310416666666666 0.16552083333333342 0.07413194444444446
13 0.6910937500000001 0.6130613425925926 0.09802083333333336 0.05658564814814824
8 0.7326215277777778 0.4689525462962963 0.08701388888888886 0.05289351851851851
11 0.6178993055555555 0.7391030092592592 0.17645833333333344 0.0746990740740742
7 0.6574479166666667 0.82484375 0.06343750000000004 0.04542824074074083
14 0.15729166666666666 0.665162037037037 0.12468750000000002 0.06265046296296291
3 0.37302083333333336 0.460474537037037 0.025590277777777715 0.027858796296296263