10 0.3984375 0.62109375 0.259375 0.0328125
14 0.81875 0.62578125 0.115625 0.03125
5 0.3640625 0.5171875 0.1921875 0.0328125
9 0.46953125 0.2328125 0.425 0.0578125
8 0.38203125 0.3 0.2421875 0.0390625
2 0.359375 0.6953125 0.184375 0.0328125
4 0.3375 0.37421875 0.1609375 0.034375
0 0.30625 0.5546875 0.0796875 0.03125
6 0.3671875 0.48125 0.2078125 0.034375
15 0.81796875 0.6640625 0.1125 0.0328125
16 0.3984375 0.3375 0.2796875 0.034375
12 0.521875 0.1421875 0.50625 0.103125
11 0.34765625 0.5890625 0.16875 0.034375
13 0.31015625 0.44609375 0.0921875 0.0328125
7 0.29296875 0.66328125 0.05625 0.028125
1 0.325 0.4109375 0.1234375 0.0375
3 0.65546875 0.37578125 0.0234375 0.028125