0 0.3556770833333333 0.30604745370370373 0.04729166666666664 0.07781249999999992
9 0.7006249999999999 0.41607060185185185 0.16291666666666665 0.4087152777777778
14 0.41536458333333337 0.8271006944444445 0.06416666666666657 0.12041666666666657
5 0.4055208333333333 0.3519675925925926 0.07937499999999993 0.18480324074074073
6 0.43203125 0.3285821759259259 0.06895833333333332 0.14550925925925923
8 0.6058854166666666 0.2931886574074074 0.06697916666666667 0.13921296296296298
4 0.53609375 0.31061342592592595 0.06937500000000014 0.15175925925925923
1 0.52015625 0.3756365740740741 0.10583333333333336 0.2775925925925926
11 0.32375 0.3183564814814815 0.04947916666666661 0.08723379629629627
13 0.45916666666666667 0.29118055555555555 0.05291666666666668 0.09201388888888892
16 0.58390625 0.36115162037037035 0.10385416666666672 0.27129629629629637
12 0.7938020833333332 0.4453414351851852 0.22062500000000007 0.5024305555555555
7 0.25177083333333333 0.3146643518518518 0.044479166666666715 0.05901620370370368
15 0.38140625 0.8323321759259258 0.060833333333333336 0.1171990740740739
2 0.23229166666666665 0.38504050925925926 0.0807291666666667 0.18172453703703706
10 0.32171875 0.43993055555555555 0.12010416666666668 0.3279166666666667
3 0.6184375 0.6101215277777777 0.02979166666666657 0.025833333333333285