9 0.45546875 0.2125 0.43125 0.0609375
4 0.325 0.3546875 0.1625 0.0328125
1 0.3390625 0.390625 0.1828125 0.0328125
8 0.303125 0.2828125 0.11875 0.0375
0 0.30390625 0.54375 0.1125 0.03125
16 0.4078125 0.3203125 0.334375 0.0359375
11 0.3359375 0.5765625 0.171875 0.0328125
13 0.29140625 0.43359375 0.0921875 0.0328125
14 0.81171875 0.61328125 0.1203125 0.034375
12 0.5109375 0.11640625 0.51875 0.0984375
15 0.8109375 0.65390625 0.115625 0.0359375
6 0.35078125 0.46796875 0.20625 0.034375
2 0.34453125 0.6890625 0.184375 0.034375
10 0.33671875 0.61171875 0.1703125 0.034375
3 0.64375 0.35546875 0.0234375 0.03125
7 0.28046875 0.65390625 0.059375 0.03125
5 0.30234375 0.50546875 0.103125 0.0328125