14 0.821875 0.6265625 0.1140625 0.0296875
2 0.36328125 0.69921875 0.184375 0.034375
9 0.46796875 0.234375 0.4203125 0.05625
7 0.30078125 0.66640625 0.0546875 0.028125
15 0.82109375 0.66484375 0.1125 0.03125
6 0.3765625 0.484375 0.21875 0.0328125
11 0.35390625 0.5921875 0.16875 0.0328125
10 0.40625 0.63125 0.2734375 0.0328125
12 0.51953125 0.14609375 0.515625 0.103125
5 0.34609375 0.525 0.159375 0.034375
1 0.3765625 0.4171875 0.225 0.0328125
16 0.4359375 0.34140625 0.346875 0.0328125
0 0.3109375 0.55859375 0.0859375 0.03125
4 0.3234375 0.37890625 0.1171875 0.0328125
8 0.30625 0.30390625 0.0828125 0.034375
3 0.6578125 0.378125 0.0203125 0.0234375
13 0.3109375 0.45078125 0.0921875 0.03125