5 0.34968750000000004 0.6595891203703703 0.07607638888888886 0.2025347222222223
0 0.30302083333333335 0.7151909722222223 0.046238425925925954 0.07874999999999996
9 0.6433101851851852 0.6060821759259258 0.1430208333333333 0.4096180555555556
14 0.3397395833333333 0.1879861111111111 0.0578819444444445 0.12263888888888888
10 0.25532407407407404 0.6097164351851851 0.08836805555555553 0.2589236111111111
8 0.5714293981481482 0.6503645833333334 0.10289351851851851 0.29817129629629624
12 0.7374826388888889 0.5691666666666666 0.19796296296296295 0.5056712962962961
11 0.2776504629629629 0.6616493055555555 0.06648148148148145 0.16804398148148145
3 0.5567650462962963 0.4054282407407407 0.03427083333333343 0.028611111111111143
4 0.4797569444444444 0.7295370370370371 0.05427083333333336 0.11321759259259245
15 0.3026041666666667 0.18039930555555556 0.057800925925925915 0.12107638888888887
6 0.3841550925925926 0.6733912037037036 0.07206018518518516 0.18530092592592595
1 0.45074652777777774 0.7009606481481481 0.06936342592592588 0.16340277777777779
2 0.17335648148148147 0.6374305555555556 0.07033564814814816 0.18215277777777777
13 0.4077604166666666 0.7308159722222223 0.046643518518518515 0.08656249999999996
7 0.19803819444444443 0.7042534722222221 0.04049768518518517 0.058368055555555645
16 0.537662037037037 0.6381365740740741 0.10370370370370381 0.31379629629629624