1 0.384375 0.4265625 0.228125 0.0359375
10 0.3984375 0.6453125 0.259375 0.034375
5 0.384375 0.53515625 0.23125 0.0359375
0 0.325 0.56875 0.1125 0.0328125
6 0.38046875 0.49453125 0.2265625 0.034375
12 0.528125 0.15546875 0.5125 0.1140625
2 0.36484375 0.71328125 0.1875 0.0359375
9 0.4796875 0.240625 0.4265625 0.0671875
8 0.36640625 0.3109375 0.203125 0.0375
13 0.3171875 0.4578125 0.09375 0.034375
7 0.3 0.67734375 0.0578125 0.0328125
11 0.353125 0.6015625 0.171875 0.0328125
16 0.446875 0.3484375 0.3578125 0.0375
4 0.33125 0.38359375 0.125 0.034375
14 0.82421875 0.6578125 0.1203125 0.0328125
15 0.8234375 0.696875 0.1171875 0.034375
3 0.6640625 0.39453125 0.0265625 0.03125