14 0.1425462962962963 0.5644270833333334 0.12188657407407408 0.055798611111111104
9 0.5677777777777778 0.23097222222222222 0.4288425925925926 0.1391319444444444
6 0.6131018518518518 0.49307291666666664 0.21609953703703705 0.0735069444444445
5 0.5956770833333334 0.5278125 0.23503472222222221 0.08017361111111114
15 0.1359664351851852 0.6020486111111112 0.1187152777777778 0.054166666666666786
2 0.5778530092592593 0.7077777777777777 0.1895370370370369 0.07291666666666678
1 0.6292476851851851 0.4224479166666667 0.21784722222222222 0.07979166666666657
10 0.5559027777777777 0.6317534722222222 0.26490740740740737 0.08708333333333336
16 0.5809201388888889 0.3407638888888889 0.34179398148148155 0.09972222222222218
7 0.6465162037037037 0.6828298611111111 0.06204861111111111 0.038854166666666676
4 0.665306712962963 0.3911979166666667 0.16274305555555557 0.0645138888888889
12 0.5410069444444445 0.13319444444444445 0.5211805555555555 0.1989583333333333
11 0.608275462962963 0.6032638888888889 0.17377314814814823 0.06788194444444447
13 0.6778587962962963 0.4682118055555556 0.09831018518518526 0.05059027777777771
3 0.3551388888888889 0.34578125000000004 0.02900462962962962 0.030312499999999964
8 0.639542824074074 0.31213541666666667 0.2429861111111112 0.08503472222222222
0 0.6574768518518519 0.57640625 0.0857175925925926 0.04718750000000007