6 0.35546875 0.5484375 0.2484375 0.0359375
5 0.3203125 0.58515625 0.18125 0.03125
14 0.784375 0.70078125 0.1171875 0.0328125
0 0.2671875 0.61953125 0.071875 0.0296875
11 0.271875 0.65546875 0.0796875 0.028125
9 0.43515625 0.30625 0.40625 0.05625
1 0.35703125 0.475 0.2484375 0.0359375
12 0.484375 0.22421875 0.4984375 0.0859375
16 0.41796875 0.40625 0.375 0.034375
10 0.328125 0.68984375 0.1984375 0.0328125
8 0.26484375 0.36953125 0.0734375 0.03125
15 0.78515625 0.7375 0.115625 0.03125
2 0.32265625 0.7625 0.1765625 0.03125
4 0.284375 0.44296875 0.109375 0.0296875
7 0.25703125 0.72421875 0.05 0.028125
13 0.27265625 0.51328125 0.0859375 0.0296875
3 0.6140625 0.43984375 0.0203125 0.0234375