14 0.8207812499999999 0.6492881944444445 0.11368055555555542 0.03322916666666664
1 0.41585069444444445 0.4563078703703704 0.26552083333333326 0.04846064814814817
9 0.45430555555555563 0.2817013888888889 0.4071180555555555 0.07866898148148146
0 0.32920138888888884 0.6040046296296296 0.08263888888888893 0.03606481481481474
15 0.8212152777777778 0.6766782407407408 0.11197916666666678 0.030011574074074156
7 0.32305555555555554 0.7124652777777778 0.05777777777777775 0.03770833333333332
12 0.4850347222222222 0.19763310185185187 0.47243055555555563 0.11059027777777777
4 0.36269097222222224 0.42342592592592593 0.16239583333333335 0.04234953703703699
11 0.3823611111111111 0.6368865740740741 0.18121527777777774 0.0450231481481481
10 0.42770833333333336 0.6702314814814814 0.27190972222222226 0.05195601851851848
16 0.48218750000000005 0.38031249999999994 0.40940972222222205 0.060104166666666715
13 0.3315798611111111 0.498900462962963 0.09812500000000002 0.03386574074074069
2 0.39727430555555554 0.7433159722222222 0.19996527777777784 0.0461342592592592
6 0.41524305555555563 0.5307581018518519 0.25934027777777774 0.04965277777777786
8 0.33296875000000004 0.35390625 0.10451388888888893 0.03736111111111109
5 0.36680555555555555 0.5688773148148148 0.16402777777777783 0.04400462962962966
3 0.6361631944444445 0.4080034722222223 0.018020833333333285 0.01976851851851862