10 0.6502662037037037 0.6974884259259259 0.07334490740740733 0.19896990740740747
14 0.7566435185185185 0.25766203703703705 0.0587037037037037 0.12074074074074073
11 0.6022395833333334 0.7478414351851852 0.04437499999999996 0.08469907407407398
1 0.43479166666666663 0.6787731481481482 0.06202546296296294 0.14732638888888888
2 0.7156944444444445 0.7235648148148147 0.06693287037037052 0.17704861111111114
9 0.2992766203703704 0.5172858796296296 0.13894675925925926 0.40725694444444455
4 0.39796296296296296 0.6938888888888888 0.05239583333333338 0.11288194444444458
16 0.38132523148148145 0.6197974537037038 0.0830324074074074 0.24122685185185197
8 0.32850115740740743 0.6850289351851852 0.050729166666666714 0.09880787037037031
12 0.2309895833333333 0.45529513888888895 0.19276620370370362 0.5014004629629628
13 0.4641840277777778 0.7183969907407407 0.04597222222222221 0.08939814814814824
7 0.6660648148148148 0.7793981481481482 0.03790509259259256 0.05496527777777782
6 0.5049884259259259 0.6938773148148148 0.06047453703703702 0.1488773148148148
15 0.7909664351851852 0.26443865740740746 0.05555555555555571 0.11759259259259255
0 0.5687789351851851 0.7301215277777777 0.05234953703703695 0.10663194444444439
3 0.46674189814814815 0.37308449074074074 0.02835648148148149 0.031458333333333324
5 0.5611226851851852 0.6036226851851852 0.10570601851851862 0.3492013888888888