9 0.6756712962962963 0.4424189814814815 0.07798611111111117 0.415162037037037
14 0.2688483796296296 0.788136574074074 0.04480324074074069 0.178125
2 0.22370370370370374 0.3262731481481481 0.04179398148148152 0.18582175925925926
0 0.36598958333333337 0.27488425925925924 0.03553240740740744 0.07939814814814819
16 0.5796354166666667 0.3443576388888889 0.043888888888889 0.22181712962962968
12 0.7639583333333333 0.4923032407407407 0.14261574074074074 0.561226851851852
5 0.4027488425925926 0.32902199074074073 0.04193287037037052 0.19519675925925917
8 0.6230266203703703 0.31851851851851853 0.03981481481481488 0.15763888888888894
11 0.33324652777777775 0.280787037037037 0.035648148148148096 0.08721064814814809
4 0.5476446759259259 0.29551504629629627 0.03774305555555557 0.1232060185185185
10 0.2961226851851852 0.3603298611111111 0.04584490740740747 0.2484375
15 0.19302083333333334 0.787818287037037 0.037696759259259235 0.12008101851851868
1 0.5110011574074074 0.3547164351851852 0.04425925925925931 0.2468171296296296
13 0.47552662037037036 0.2817708333333333 0.03576388888888893 0.09502314814814809
6 0.4396238425925926 0.2854456018518518 0.03576388888888893 0.09502314814814809
7 0.26264467592592594 0.26385995370370374 0.033645833333333285 0.05746527777777786
3 0.5314930555555556 0.6298900462962963 0.0412268518518518 0.042129629629629586
14 0.25164930555555554 0.7879918981481482 0.0807407407407407 0.1794560185185185