5 0.5296875 0.35368055555555555 0.08767361111111108 0.2380208333333334
14 0.7363715277777778 0.7617534722222222 0.05711805555555553 0.11969907407407412
2 0.6988715277777777 0.2978530092592592 0.0747106481481481 0.18909722222222225
9 0.2714988425925926 0.4996064814814815 0.15480324074074076 0.4298379629629629
7 0.6530092592592592 0.23984375 0.04369212962962958 0.06452546296296298
10 0.6421875 0.3478472222222222 0.09276620370370363 0.2647453703703704
6 0.48761574074074077 0.336255787037037 0.07436342592592596 0.18440972222222224
1 0.41886574074074073 0.3398206018518518 0.06973379629629636 0.16393518518518527
12 0.19673032407407406 0.5701446759259259 0.21990740740740738 0.5312731481481482
11 0.592476851851852 0.31199652777777775 0.07042824074074083 0.17331018518518518
4 0.3778645833333333 0.3262615740740741 0.057349537037037025 0.12282407407407411
15 0.7734085648148148 0.7535590277777777 0.0570023148148147 0.11813657407407412
0 0.5505787037037038 0.27574074074074073 0.04820601851851851 0.08343749999999997
16 0.3661747685185185 0.44372106481481477 0.11140046296296298 0.3482060185185185
13 0.444994212962963 0.30082175925925925 0.054166666666666606 0.10086805555555553
3 0.4530671296296296 0.6533159722222223 0.02986111111111107 0.02489583333333343
8 0.33153935185185185 0.4525752314814815 0.11331018518518521 0.3529745370370371