10 0.5814351851851851 0.6283680555555555 0.044606481481481455 0.2699537037037036
9 0.1692013888888889 0.5530439814814814 0.0847453703703704 0.4491898148148149
14 0.5937268518518518 0.191875 0.037696759259259235 0.11981481481481482
15 0.63046875 0.19234953703703703 0.037673611111111074 0.11825231481481487
2 0.6584953703703704 0.659693287037037 0.04190972222222218 0.19334490740740745
6 0.43223379629629627 0.68671875 0.03967592592592588 0.1479861111111111
5 0.46592013888888884 0.6919733796296297 0.039583333333333214 0.14173611111111112
11 0.545306712962963 0.6692997685185185 0.04011574074074069 0.1776736111111111
16 0.2741261574074074 0.6187152777777778 0.04663194444444443 0.3012499999999999
1 0.3516724537037037 0.6828530092592593 0.03979166666666663 0.1557986111111111
4 0.31027777777777776 0.6848611111111111 0.03997685185185187 0.1682986111111111
13 0.38968171296296295 0.716116898148148 0.03730324074074076 0.09325231481481495
7 0.6196354166666667 0.7272800925925926 0.03369212962962962 0.06034722222222229
12 0.07305555555555555 0.4996180555555556 0.13445601851851852 0.5365625000000002
8 0.23568287037037033 0.608912037037037 0.050150462962962904 0.3279050925925926
0 0.5053761574074074 0.7173784722222223 0.03716435185185176 0.08387731481481495
3 0.3257523148148148 0.35769675925925926 0.022129629629629655 0.017835648148148132