14 0.6049768518518519 0.1404398148148148 0.03991898148148145 0.11765046296296297
2 0.7024016203703705 0.5883391203703703 0.05292824074074076 0.1870486111111111
9 0.23109374999999996 0.536244212962963 0.09065972222222225 0.4310995370370371
5 0.5219965277777778 0.5891030092592593 0.05328703703703699 0.23548611111111112
8 0.30542824074074076 0.622199074074074 0.057939814814814826 0.23104166666666667
16 0.34217013888888886 0.6171701388888888 0.054780092592592575 0.2261921296296297
6 0.48596643518518523 0.6034664351851852 0.0484375 0.21336805555555555
12 0.14001736111111113 0.4964525462962963 0.14447916666666663 0.5276041666666667
0 0.5644560185185185 0.655625 0.03810185185185198 0.08319444444444457
10 0.6291782407407407 0.5632407407407408 0.055034722222222145 0.2605671296296297
7 0.6722106481481481 0.6578472222222222 0.034803240740740725 0.0595949074074074
11 0.5952546296296296 0.6095138888888888 0.04657407407407419 0.17266203703703695
15 0.6432638888888889 0.13767361111111112 0.04148148148148145 0.11773148148148146
1 0.4171701388888889 0.61328125 0.051539351851851836 0.21040509259259252
13 0.4558275462962963 0.665943287037037 0.03976851851851855 0.09733796296296297
4 0.3832060185185185 0.6650231481481481 0.03996527777777779 0.12390046296296298
3 0.3638136574074074 0.3310011574074074 0.02516203703703699 0.023171296296296263