4 0.30859375 0.4717013888888889 0.159375 0.06291666666666665
12 0.45546875 0.21715277777777775 0.534375 0.22750000000000004
6 0.33203125 0.5808159722222223 0.1640625 0.06614583333333339
15 0.8296875 0.71609375 0.121875 0.057395833333333354
9 0.4125 0.3193229166666667 0.43125 0.14708333333333332
2 0.378125 0.7959027777777778 0.1859375 0.07131944444444453
8 0.30234375 0.39265625 0.175 0.07107638888888887
7 0.30625 0.7661805555555555 0.059375 0.04194444444444443
11 0.31015625 0.6943923611111111 0.09375 0.048958333333333215
1 0.33671875 0.5027951388888889 0.2 0.07319444444444442
16 0.35546875 0.4258680555555555 0.275 0.08892361111111118
14 0.82109375 0.6784027777777778 0.121875 0.057395833333333354
5 0.33828125 0.6137673611111112 0.175 0.06795138888888878
0 0.3125 0.6569444444444444 0.115625 0.05413194444444436
10 0.4390625 0.7128819444444445 0.3421875 0.10291666666666668
3 0.62265625 0.43805555555555553 0.0359375 0.04454861111111104
13 0.2875 0.5477951388888889 0.1 0.05065972222222222