14 0.3937210648148148 0.18730902777777778 0.046643518518518515 0.12218750000000003
10 0.3518229166666667 0.6001909722222222 0.06637731481481488 0.27593750000000006
2 0.27077546296296295 0.6333680555555555 0.05538194444444446 0.18965277777777773
11 0.37942708333333336 0.6577604166666667 0.05324074074074074 0.17395833333333321
1 0.5552662037037037 0.6640104166666667 0.059375 0.21322916666666672
6 0.4882233796296296 0.6571180555555556 0.05775462962962976 0.21159722222222221
9 0.745920138888889 0.5871875 0.11099537037037024 0.42767361111111113
8 0.6617766203703703 0.7039583333333332 0.053125 0.17083333333333323
5 0.45124421296296297 0.6413888888888889 0.06030092592592595 0.23822916666666671
4 0.5899884259259259 0.6984201388888889 0.0528356481481481 0.1630208333333334
12 0.8436631944444445 0.5469270833333333 0.17239583333333322 0.5271180555555557
16 0.637962962962963 0.6074305555555556 0.07517361111111107 0.34496527777777786
15 0.35546875 0.1848263888888889 0.04814814814814818 0.1206944444444444
0 0.406568287037037 0.7067013888888889 0.040567129629629585 0.08447916666666658
7 0.29861111111111105 0.7058159722222223 0.03657407407407405 0.06090277777777775
3 0.622829861111111 0.3821701388888889 0.025868055555555713 0.024548611111111108
13 0.5142071759259259 0.7161805555555556 0.044212962962962975 0.09868055555555558