14 0.66453125 0.26711226851851855 0.05936342592592592 0.12306712962962969
8 0.24085648148148148 0.6274189814814815 0.08332175925925922 0.19443287037037038
9 0.1951273148148148 0.5122453703703703 0.17087962962962963 0.44050925925925916
11 0.5212442129629629 0.7492766203703705 0.05486111111111107 0.09634259259259252
16 0.27659143518518514 0.6331886574074075 0.0850462962962963 0.19763888888888878
1 0.35021412037037036 0.6636400462962964 0.0777430555555556 0.17700231481481482
12 0.12582175925925926 0.42874999999999996 0.24093749999999997 0.5594560185185184
10 0.5789178240740741 0.6794155092592592 0.09906249999999997 0.2575810185185185
6 0.41979745370370375 0.6813483796296296 0.07601851851851862 0.1737962962962964
4 0.3048726851851852 0.6769560185185185 0.0642939814814815 0.12799768518518526
5 0.4529976851851852 0.705787037037037 0.0682291666666666 0.14378472222222224
0 0.4848900462962963 0.7403414351851852 0.056099537037037094 0.09017361111111111
15 0.6953356481481482 0.2773263888888889 0.05771990740740733 0.12142361111111111
7 0.5900983796296296 0.7810474537037038 0.045347222222222074 0.06312499999999996
2 0.6314409722222222 0.754207175925926 0.06626157407407404 0.13589120370370367
3 0.3906365740740741 0.35239583333333335 0.02942129629629626 0.02645833333333334
13 0.37344328703703705 0.7141956018518518 0.05453703703703709 0.09009259259259253