14 0.5594270833333332 0.17574074074074075 0.06159722222222221 0.12197916666666667
10 0.6652256944444445 0.5900520833333334 0.09888888888888889 0.2588425925925925
9 0.2729861111111111 0.5948148148148148 0.1720833333333333 0.4310995370370371
2 0.7473784722222222 0.6127719907407407 0.08177083333333321 0.1896759259259259
5 0.5684548611111111 0.6246354166666667 0.09663194444444442 0.2431712962962962
11 0.6466319444444444 0.6456770833333334 0.07468749999999993 0.17074074074074072
6 0.5303472222222222 0.6274074074074074 0.09684027777777775 0.2478587962962962
12 0.17078125000000002 0.5597974537037037 0.23725694444444442 0.5282175925925925
1 0.4678298611111111 0.6427199074074075 0.09868055555555558 0.2541550925925925
8 0.34234375 0.59296875 0.1427083333333333 0.40214120370370365
15 0.5974305555555556 0.17062499999999997 0.06302083333333339 0.118900462962963
7 0.7334201388888889 0.6849189814814814 0.04170138888888886 0.06053240740740744
0 0.6252777777777778 0.6918576388888888 0.050555555555555645 0.08420138888888892
16 0.3790625 0.5940567129629629 0.13725694444444442 0.38481481481481483
4 0.44755208333333335 0.713119212962963 0.06159722222222221 0.12197916666666657
13 0.5201041666666667 0.7129282407407407 0.05409722222222228 0.09366898148148159
3 0.3611284722222222 0.38364583333333335 0.03243055555555561 0.02748842592592595