0 0.29765625 0.54765625 0.08125 0.03125
9 0.45078125 0.215625 0.4375 0.0640625
6 0.340625 0.47265625 0.165625 0.0328125
10 0.434375 0.61875 0.340625 0.034375
8 0.34375 0.284375 0.175 0.0375
5 0.32734375 0.509375 0.1390625 0.0328125
16 0.40859375 0.32421875 0.2984375 0.0359375
14 0.7953125 0.6125 0.11875 0.03125
4 0.33671875 0.35625 0.1625 0.034375
12 0.515625 0.125 0.5421875 0.1125
11 0.30234375 0.58203125 0.0875 0.0328125
2 0.3265625 0.6953125 0.125 0.0328125
7 0.2890625 0.659375 0.059375 0.03125
1 0.340625 0.39375 0.1671875 0.034375
3 0.6578125 0.36640625 0.025 0.034375
13 0.290625 0.43515625 0.0703125 0.0328125
15 0.79765625 0.6453125 0.115625 0.028125