14 0.6220138888888889 0.8672743055555557 0.06043981481481477 0.1254050925925924
9 0.25754050925925925 0.4390625 0.15451388888888884 0.4500578703703704
2 0.7378645833333334 0.44126157407407407 0.07342592592592592 0.1866898148148149
6 0.5214814814814814 0.38101851851851853 0.0633912037037037 0.14890046296296297
12 0.1596238425925926 0.47051504629629626 0.2172337962962963 0.5350115740740741
16 0.36804976851851856 0.4096354166666667 0.09432870370370372 0.2763310185185185
15 0.6622280092592593 0.875 0.06034722222222229 0.12384259259259274
8 0.3366261574074074 0.3266203703703704 0.05878472222222229 0.12378472222222223
1 0.45199074074074075 0.36597222222222225 0.0633912037037037 0.14890046296296297
11 0.630179398148148 0.4131076388888889 0.06615740740740747 0.1692708333333332
10 0.6695659722222222 0.4200231481481481 0.06781250000000014 0.1708912037037038
0 0.6008391203703705 0.36524884259259255 0.04875000000000007 0.08599537037037042
7 0.7106770833333333 0.37711226851851853 0.042581018518518476 0.060821759259259346
5 0.5604513888888889 0.38090277777777776 0.059525462962962905 0.13628472222222232
4 0.41094328703703703 0.3441840277777778 0.05869212962962962 0.12222222222222232
13 0.48975694444444445 0.34554398148148147 0.050868055555555534 0.09542824074074074
3 0.386400462962963 0.6535300925925925 0.03126157407407408 0.027662037037037023