9 0.5358622685185186 0.2800636574074074 0.4269444444444444 0.09710648148148149
16 0.587494212962963 0.3872395833333333 0.31531249999999994 0.06545138888888893
2 0.6315798611111111 0.7491030092592592 0.18543981481481478 0.04959490740740744
12 0.4846643518518519 0.18466435185185187 0.5141782407407408 0.14722222222222223
14 0.1746990740740741 0.6573206018518519 0.11347222222222224 0.041145833333333215
6 0.6278125 0.5327256944444445 0.2089236111111111 0.05289351851851851
5 0.6376388888888889 0.5710358796296295 0.19320601851851862 0.04861111111111107
10 0.5921643518518518 0.6788483796296296 0.2729861111111111 0.05763888888888893
11 0.6449074074074075 0.642824074074074 0.16820601851851863 0.04675925925925917
0 0.6927777777777777 0.6127025462962963 0.07909722222222229 0.03859953703703702
13 0.6913078703703703 0.5037615740740741 0.09320601851851862 0.04120370370370381
15 0.17358796296296294 0.6948206018518519 0.11195601851851852 0.04259259259259274
1 0.6195775462962964 0.46712962962962956 0.23548611111111112 0.05486111111111107
7 0.6989814814814814 0.7204282407407407 0.05556712962962962 0.03373842592592595
8 0.7089178240740741 0.3586516203703704 0.062002314814814774 0.040451388888888926
4 0.679375 0.43084490740740744 0.11815972222222229 0.04149305555555553
3 0.34483796296296293 0.41154513888888894 0.024270833333333287 0.02986111111111107