6 0.4776273148148148 0.37931712962962966 0.034236111111111 0.19388888888888892
9 0.23158564814814814 0.4790162037037037 0.0625 0.42495370370370367
14 0.6325868055555556 0.845769675925926 0.03053240740740737 0.11560185185185183
11 0.5861574074074074 0.37635416666666666 0.034062499999999926 0.17045138888888883
10 0.6216493055555555 0.4234895833333333 0.03474537037037031 0.262638888888889
2 0.6963831018518519 0.39144097222222224 0.03575231481481467 0.1877199074074074
5 0.5151099537037037 0.3789178240740741 0.03424768518518526 0.19545138888888883
16 0.33746527777777774 0.4345254629629629 0.03833333333333329 0.3253009259259258
4 0.3720138888888889 0.3543171296296296 0.03244212962962969 0.16255787037037042
12 0.13586805555555553 0.5248148148148148 0.1022337962962963 0.5176041666666666
1 0.40909143518518515 0.4046585648148149 0.03932870370370374 0.24881944444444457
7 0.6607291666666667 0.32243055555555555 0.028553240740740726 0.05927083333333334
15 0.6708854166666667 0.8500983796296296 0.03518518518518512 0.1111574074074074
0 0.5530266203703704 0.3316840277777778 0.031874999999999966 0.08599537037037042
8 0.298275462962963 0.3098842592592593 0.03490740740740739 0.07365740740740741
13 0.4452256944444445 0.32765625 0.033472222222222216 0.09076388888888882
3 0.38139467592592596 0.671869212962963 0.025150462962962906 0.02160879629629626