9 0.43515625 0.3109375 0.4015625 0.0515625
11 0.30234375 0.6578125 0.1453125 0.028125
12 0.47890625 0.225 0.490625 0.0859375
0 0.26640625 0.621875 0.071875 0.028125
14 0.78359375 0.70234375 0.115625 0.03125
5 0.31953125 0.5875 0.1796875 0.0296875
10 0.36015625 0.69140625 0.2546875 0.03125
2 0.3203125 0.765625 0.175 0.03125
4 0.3046875 0.44453125 0.1484375 0.0296875
1 0.4078125 0.4796875 0.3578125 0.0390625
15 0.78515625 0.7375 0.10625 0.03125
8 0.2890625 0.3734375 0.1203125 0.0328125
6 0.32890625 0.55078125 0.196875 0.03125
7 0.253125 0.73046875 0.053125 0.0296875
16 0.3671875 0.4078125 0.2796875 0.0375
13 0.27109375 0.51484375 0.084375 0.028125
3 0.60859375 0.44375 0.0140625 0.0234375