2 0.6102430555555556 0.6674768518518519 0.18820601851851854 0.05063657407407405
6 0.6545196759259259 0.44516782407407407 0.10506944444444458 0.041319444444444464
10 0.5725231481481481 0.5979166666666667 0.26385416666666667 0.0659143518518519
9 0.5001736111111111 0.20370370370370366 0.43546296296296294 0.09722222222222224
0 0.6623495370370371 0.5197337962962962 0.08467592592592581 0.039004629629629584
12 0.448582175925926 0.11594328703703702 0.530324074074074 0.15219907407407404
1 0.6573842592592593 0.3748842592592593 0.10358796296296298 0.04282407407407405
14 0.14778935185185185 0.638599537037037 0.11913194444444444 0.04184027777777786
16 0.5916608796296297 0.30402199074074077 0.2415740740740741 0.0572916666666667
11 0.6189178240740741 0.560329861111111 0.1743055555555557 0.05324074074074083
8 0.6054456018518518 0.26374421296296297 0.20744212962962968 0.06070601851851851
7 0.6769502314814815 0.6291377314814814 0.0611574074074074 0.03657407407407405
4 0.646869212962963 0.33706597222222223 0.1238194444444444 0.04201388888888893
13 0.6625925925925926 0.40978009259259257 0.0972569444444444 0.041030092592592736
15 0.14814814814814814 0.6767939814814815 0.11444444444444449 0.04166666666666661
5 0.6392534722222223 0.4839409722222222 0.13475694444444458 0.04241898148148149
3 0.309056712962963 0.370630787037037 0.031307870370370416 0.032349537037037024