9 0.2616898148148148 0.4065104166666666 0.14554398148148148 0.4358101851851853
16 0.3693576388888889 0.3750752314814815 0.10810185185185181 0.3509606481481481
12 0.16785300925925925 0.4520023148148148 0.19733796296296297 0.5293055555555556
10 0.6629340277777778 0.3741203703703704 0.08373842592592595 0.2824768518518518
11 0.6295717592592592 0.31894097222222223 0.06585648148148149 0.17851851851851858
5 0.5560474537037037 0.34208912037037037 0.07910879629629619 0.2416666666666666
6 0.5206886574074074 0.3175636574074074 0.06967592592592595 0.19745370370370371
0 0.6010127314814815 0.2666087962962963 0.045196759259259166 0.08375000000000003
14 0.6266782407407407 0.7904571759259259 0.0528356481481481 0.12162037037037052
4 0.41866319444444444 0.2899421296296296 0.0622106481481481 0.1642708333333333
7 0.7090277777777778 0.26568865740740744 0.03807870370370381 0.05994212962962964
1 0.4479456018518519 0.34066550925925926 0.08587962962962976 0.25609953703703703
2 0.7335358796296296 0.3354861111111111 0.06793981481481488 0.19267361111111114
15 0.6626736111111111 0.7898900462962962 0.052719907407407264 0.11849537037037035
8 0.3441550925925926 0.2653877314814815 0.059432870370370414 0.13136574074074076
13 0.4927372685185185 0.2604976851851852 0.05046296296296297 0.09965277777777777
3 0.3895833333333333 0.604068287037037 0.029050925925925952 0.02666666666666657