14 0.6285879629629629 0.2221064814814815 0.06172453703703695 0.12037037037037032
6 0.36425347222222226 0.62828125 0.08740740740740742 0.21159722222222221
2 0.5723668981481481 0.6821875000000001 0.08151620370370374 0.1911458333333332
10 0.5118634259259259 0.6334375 0.10121527777777786 0.2603587962962962
9 0.150625 0.4693402777777778 0.1753703703703704 0.43256944444444445
5 0.4020775462962963 0.6239236111111112 0.09513888888888893 0.23678240740740755
11 0.4659375 0.6688599537037037 0.07746527777777779 0.17542824074074073
15 0.6663599537037037 0.23183449074074075 0.06319444444444429 0.11885416666666666
12 0.09748842592592592 0.39910300925925923 0.19497685185185185 0.5232060185185186
13 0.31538194444444445 0.6737905092592593 0.05583333333333336 0.0999189814814816
0 0.42452546296296295 0.6809375 0.06559027777777775 0.1329629629629629
1 0.2917881944444444 0.6096990740740741 0.08740740740740742 0.21159722222222221
8 0.2036400462962963 0.5123900462962963 0.13167824074074072 0.353287037037037
16 0.2383738425925926 0.5337673611111111 0.1294675925925926 0.3423032407407408
7 0.5188483796296296 0.7400810185185185 0.042766203703703806 0.06365740740740744
4 0.24434606481481486 0.6442939814814814 0.06190972222222228 0.12349537037037042
3 0.3402141203703704 0.32078125 0.029699074074074083 0.027395833333333286