4 0.6796122685185185 0.4168576388888889 0.15657407407407398 0.047222222222222145
6 0.6639699074074074 0.525 0.2003587962962964 0.052881944444444426
11 0.6881944444444444 0.6291319444444444 0.16283564814814824 0.04892361111111114
10 0.6496354166666667 0.6674826388888888 0.24570601851851848 0.05857638888888879
5 0.6754282407407407 0.5598958333333334 0.18627314814814824 0.04944444444444436
14 0.2227025462962963 0.7269618055555556 0.1190509259259259 0.04326388888888886
9 0.5359780092592593 0.29897569444444444 0.4131597222222222 0.09822916666666667
8 0.6778182870370371 0.3426909722222222 0.137824074074074 0.046805555555555586
2 0.6913194444444445 0.7345138888888889 0.17221064814814824 0.049131944444444464
0 0.7322453703703704 0.5875347222222222 0.07525462962962966 0.03604166666666657
15 0.2247800925925926 0.7628472222222222 0.1190509259259259 0.04326388888888886
7 0.7517939814814815 0.6902083333333333 0.05336805555555557 0.03399305555555543
16 0.6219965277777778 0.3915798611111111 0.2628935185185185 0.058958333333333356
12 0.48188657407407404 0.2197222222222222 0.49629629629629635 0.1438194444444445
13 0.7197395833333333 0.4831423611111111 0.08464120370370373 0.03781250000000007
1 0.5793055555555555 0.4604861111111111 0.359837962962963 0.07048611111111107
3 0.3747337962962963 0.4494097222222222 0.022025462962962906 0.020798611111111143