6 0.39102430555555556 0.338744212962963 0.08857638888888894 0.20445601851851852
14 0.32935185185185184 0.8213541666666666 0.06405092592592591 0.12245370370370381
8 0.5699884259259258 0.30092592592592593 0.09965277777777785 0.23761574074074074
11 0.28346643518518516 0.35286458333333337 0.07898148148148146 0.1697916666666667
1 0.4631307870370371 0.3165798611111111 0.09013888888888885 0.20451388888888894
12 0.7379166666666667 0.40075231481481477 0.2319328703703704 0.5029513888888889
4 0.48681712962962964 0.26579861111111114 0.06224537037037035 0.1177083333333333
13 0.41548032407407404 0.273119212962963 0.0529745370370371 0.08929398148148149
10 0.2582175925925926 0.40370370370370373 0.1017824074074074 0.24861111111111106
2 0.17938078703703703 0.39024884259259257 0.08267361111111113 0.18084490740740744
0 0.31114004629629627 0.3003761574074074 0.052569444444444446 0.08148148148148149
15 0.2946122685185185 0.8296585648148149 0.06035879629629637 0.11140046296296298
9 0.6465682870370371 0.3729456018518519 0.17459490740740743 0.41973379629629626
16 0.5294155092592593 0.31646412037037036 0.10097222222222228 0.23298611111111117
7 0.20510416666666664 0.3152199074074074 0.04197916666666668 0.05769675925925925
5 0.35084490740740737 0.3316550925925926 0.07898148148148146 0.1697916666666667
3 0.5500578703703705 0.5800347222222222 0.027858796296296263 0.025983796296296192