9 0.5774421296296296 0.24484953703703702 0.43173611111111115 0.12504629629629632
2 0.624375 0.7216550925925926 0.1893518518518519 0.06388888888888893
5 0.645775462962963 0.5476331018518519 0.1972569444444444 0.06707175925925916
10 0.5971296296296297 0.6456886574074074 0.2648611111111112 0.08163194444444458
16 0.6331886574074075 0.36008101851851854 0.2773148148148149 0.08016203703703706
6 0.6438831018518518 0.5101273148148148 0.21453703703703705 0.07032407407407408
14 0.1779282407407407 0.5746296296296296 0.1169675925925926 0.04616898148148145
8 0.7262442129629629 0.337337962962963 0.10138888888888893 0.04761574074074071
4 0.6877025462962962 0.407349537037037 0.16425925925925924 0.06057870370370377
0 0.6955092592592592 0.5917418981481481 0.08567129629629626 0.04437499999999996
11 0.6463425925925925 0.6194965277777778 0.17377314814814823 0.0653356481481481
12 0.5370717592592593 0.14769675925925924 0.5224189814814814 0.18039351851851854
7 0.6940625 0.7010821759259259 0.05887731481481477 0.036365740740740726
1 0.6236689814814815 0.4342129629629629 0.28204861111111124 0.08175925925925931
15 0.17278935185185187 0.6120833333333333 0.11393518518518517 0.049270833333333285
13 0.7079629629629629 0.4848263888888889 0.09826388888888893 0.04759259259259263
3 0.37298611111111113 0.3565914351851852 0.02422453703703704 0.02673611111111107