0 0.33909722222222227 0.5153125000000001 0.08724537037037035 0.05218749999999996
10 0.4130787037037037 0.6066493055555556 0.2630902777777777 0.10052083333333321
12 0.6224479166666667 0.18194444444444444 0.5503819444444445 0.2675694444444444
11 0.3744560185185185 0.5597395833333334 0.1760416666666666 0.07795138888888893
5 0.36854166666666666 0.48623263888888885 0.13642361111111115 0.06684027777777786
7 0.3083969907407408 0.6152430555555556 0.06168981481481488 0.04170138888888886
15 0.8191666666666666 0.7797569444444444 0.11905092592592581 0.06295138888888889
2 0.3675636574074074 0.6669618055555555 0.192037037037037 0.08489583333333339
8 0.44230324074074073 0.2845833333333333 0.20325231481481473 0.09006944444444445
6 0.367193287037037 0.4503298611111111 0.12373842592592599 0.06315972222222221
16 0.44461805555555556 0.3236458333333333 0.22843750000000007 0.09430555555555556
4 0.3891145833333333 0.3468923611111111 0.1253009259259259 0.06322916666666671
14 0.824207175925926 0.7464756944444444 0.1220833333333335 0.061527777777777716
13 0.3610185185185185 0.41187500000000005 0.10011574074074074 0.05899305555555543
1 0.38076388888888885 0.37690972222222224 0.12686342592592598 0.06329861111111104
3 0.7125 0.45243055555555556 0.025196759259259238 0.030729166666666786
9 0.7694124390625 0.295698921875 0.3639323125 0.1560820828125 0.3534083828125 0.21699327968749998 0.75996899375 0.35016315468750003 0.7694124390625 0.295698921875