9 0.43359375 0.30625 0.4078125 0.053125
6 0.35859375 0.546875 0.2515625 0.034375
14 0.784375 0.703125 0.1171875 0.03125
1 0.35546875 0.47421875 0.25625 0.0328125
0 0.26875 0.61796875 0.0765625 0.028125
10 0.35625 0.68828125 0.2453125 0.034375
12 0.48671875 0.22265625 0.484375 0.0859375
16 0.42109375 0.40625 0.378125 0.034375
11 0.3140625 0.65390625 0.1625 0.03125
4 0.3078125 0.440625 0.1515625 0.0296875
8 0.2703125 0.36875 0.0828125 0.0296875
13 0.271875 0.5109375 0.0796875 0.028125
15 0.784375 0.73828125 0.1109375 0.0296875
2 0.32109375 0.75859375 0.175 0.034375
7 0.2578125 0.72265625 0.05 0.028125
5 0.40234375 0.58359375 0.346875 0.0359375
3 0.6109375 0.44375 0.015625 0.0234375