10 0.334375 0.69453125 0.196875 0.03125
14 0.78515625 0.70390625 0.115625 0.034375
11 0.27578125 0.6578125 0.0796875 0.028125
1 0.309375 0.47890625 0.14375 0.03125
2 0.321875 0.7640625 0.1734375 0.0296875
9 0.43984375 0.31171875 0.4046875 0.053125
4 0.2875 0.44609375 0.109375 0.0296875
16 0.35625 0.4140625 0.2390625 0.0328125
8 0.28203125 0.3765625 0.09375 0.03125
12 0.48671875 0.23125 0.4921875 0.0890625
13 0.2765625 0.51640625 0.084375 0.028125
7 0.2578125 0.72734375 0.05 0.028125
6 0.30859375 0.55078125 0.1453125 0.0296875
15 0.7859375 0.7390625 0.1125 0.03125
0 0.2859375 0.62109375 0.1015625 0.03125
3 0.6140625 0.44453125 0.0265625 0.0234375
5 0.4078125 0.58671875 0.35 0.03125