8 0.35390625 0.38671875 0.10625 0.034375
1 0.434375 0.496875 0.2703125 0.0328125
9 0.5125 0.32578125 0.409375 0.0640625
2 0.38984375 0.7796875 0.18125 0.0328125
7 0.325 0.74296875 0.0515625 0.028125
15 0.84140625 0.76796875 0.1109375 0.0328125
12 0.5609375 0.24609375 0.49375 0.0953125
14 0.840625 0.72890625 0.1140625 0.0328125
0 0.3390625 0.64140625 0.078125 0.03125
5 0.39375 0.60546875 0.1890625 0.0328125
6 0.39921875 0.56796875 0.203125 0.03125
16 0.4296875 0.42734375 0.25 0.0359375
11 0.3421875 0.67265625 0.0828125 0.03125
10 0.46484375 0.70859375 0.3296875 0.034375
4 0.3796875 0.4609375 0.1546875 0.03125
13 0.34453125 0.5328125 0.0890625 0.03125
3 0.68359375 0.475 0.0203125 0.0234375