5 0.3859375 0.5171875 0.1921875 0.03125
9 0.46796875 0.22421875 0.428125 0.0578125
14 0.81953125 0.62734375 0.1203125 0.034375
11 0.33203125 0.59375 0.0828125 0.0296875
8 0.34609375 0.29765625 0.121875 0.0328125
12 0.5203125 0.13359375 0.515625 0.1078125
2 0.37890625 0.6984375 0.1796875 0.03125
6 0.3875 0.47890625 0.2 0.0328125
0 0.328125 0.55546875 0.075 0.03125
16 0.3921875 0.3328125 0.20625 0.034375
1 0.375 0.40625 0.171875 0.0328125
7 0.31875 0.665625 0.0546875 0.0296875
15 0.8234375 0.66640625 0.1109375 0.0328125
4 0.36171875 0.37109375 0.1546875 0.03125
13 0.33125 0.4453125 0.0890625 0.0296875
10 0.45546875 0.62734375 0.328125 0.0328125
3 0.65625 0.37265625 0.021875 0.025