1 0.4396238425925926 0.3526446759259259 0.07511574074074083 0.22765046296296293
14 0.7453240740740741 0.7478414351851852 0.05559027777777779 0.12268518518518512
9 0.2949131944444444 0.4802025462962963 0.13268518518518518 0.4066087962962964
12 0.21640046296296295 0.5313888888888889 0.1880208333333333 0.4949189814814815
6 0.515474537037037 0.3443923611111111 0.07509259259259267 0.22452546296296294
11 0.6051967592592593 0.25664930555555554 0.04280092592592588 0.08343749999999997
13 0.4674884259259259 0.2827372685185185 0.04597222222222221 0.0897337962962963
15 0.7813078703703703 0.7421238425925927 0.05399305555555554 0.11797453703703695
8 0.32664930555555555 0.30956018518518513 0.0476157407407408 0.10069444444444446
16 0.38372685185185185 0.4096354166666667 0.0929398148148148 0.3138425925925926
4 0.39935185185185185 0.3043865740740741 0.049270833333333285 0.11321759259259263
10 0.6457291666666667 0.2697511574074074 0.05567129629629619 0.13362268518518522
7 0.6710532407407408 0.22637152777777775 0.03790509259259274 0.05524305555555555
0 0.5692476851851852 0.2576793981481481 0.044340277777777715 0.08033564814814813
2 0.7190972222222223 0.28021412037037036 0.06537037037037034 0.1775115740740741
3 0.4602893518518519 0.621730324074074 0.020451388888888998 0.01905092592592581
5 0.5355266203703704 0.27436921296296296 0.046030092592592456 0.0975462962962963