14 0.81953125 0.62890625 0.1140625 0.03125
2 0.3609375 0.69765625 0.1828125 0.0390625
9 0.4703125 0.2328125 0.4234375 0.0578125
5 0.38203125 0.51875 0.23125 0.0359375
8 0.375 0.30078125 0.2265625 0.040625
16 0.37578125 0.3375 0.221875 0.0375
6 0.371875 0.48203125 0.209375 0.0328125
12 0.52109375 0.14453125 0.5140625 0.1046875
0 0.31015625 0.55625 0.0796875 0.03125
10 0.39453125 0.6265625 0.25625 0.0359375
7 0.2953125 0.66328125 0.05625 0.03125
11 0.353125 0.58984375 0.16875 0.034375
15 0.81796875 0.6671875 0.1140625 0.0328125
1 0.3703125 0.4125 0.20625 0.0359375
13 0.31328125 0.44765625 0.09375 0.0328125
4 0.3234375 0.37578125 0.1203125 0.03125
3 0.65859375 0.37734375 0.0203125 0.0234375