5 0.35 0.51015625 0.1921875 0.034375
9 0.46484375 0.22265625 0.4265625 0.0578125
14 0.81328125 0.6171875 0.1125 0.03125
1 0.39375 0.39921875 0.271875 0.0359375
10 0.3890625 0.6171875 0.259375 0.0375
12 0.51328125 0.13515625 0.5140625 0.1140625
7 0.28671875 0.65546875 0.0546875 0.0296875
11 0.3421875 0.58046875 0.1671875 0.0328125
16 0.3875 0.328125 0.2765625 0.034375
4 0.3328125 0.3640625 0.159375 0.03125
8 0.3703125 0.29296875 0.2375 0.0359375
2 0.35546875 0.6890625 0.1828125 0.0359375
0 0.29765625 0.5484375 0.078125 0.03125
15 0.81484375 0.65625 0.1125 0.034375
6 0.35859375 0.4734375 0.20625 0.0328125
13 0.303125 0.43984375 0.0921875 0.0328125
3 0.65 0.3671875 0.0203125 0.0234375