9 0.44269675925925933 0.315943287037037 0.40732638888888884 0.10405092592592595
10 0.35093171296296294 0.694212962962963 0.27666666666666667 0.06643518518518512
16 0.4029456018518519 0.4169270833333333 0.3158680555555556 0.07256944444444446
11 0.3091203703703703 0.6535590277777777 0.18268518518518526 0.05515046296296298
0 0.2821527777777778 0.613454861111111 0.12473379629629626 0.04832175925925917
1 0.3620081018518519 0.47876157407407405 0.25175925925925924 0.06863425925925917
14 0.74046875 0.7453993055555556 0.11673611111111111 0.04178240740740744
15 0.7388310185185185 0.7742766203703704 0.1104861111111111 0.04155092592592595
8 0.3175925925925926 0.3676215277777778 0.13112268518518516 0.05324074074074074
6 0.3161747685185185 0.5474537037037037 0.17170138888888892 0.053182870370370415
12 0.48717592592592596 0.24016203703703703 0.485 0.14438657407407404
13 0.28217592592592594 0.5070891203703705 0.10271990740740744 0.04282407407407405
5 0.29803819444444446 0.5788483796296295 0.14504629629629626 0.04907407407407405
2 0.3082696759259259 0.7614583333333333 0.19996527777777776 0.05891203703703703
4 0.3084548611111111 0.4384548611111111 0.1325925925925926 0.05017361111111107
7 0.2392534722222222 0.7151041666666667 0.05887731481481477 0.03807870370370381
3 0.600636574074074 0.47586805555555556 0.019444444444444466 0.024131944444444463