0 0.32578125 0.55859375 0.109375 0.03125
5 0.3828125 0.5203125 0.228125 0.034375
14 0.82265625 0.62578125 0.115625 0.03125
6 0.38359375 0.484375 0.23125 0.0328125
9 0.4703125 0.234375 0.4203125 0.05625
10 0.40078125 0.63203125 0.259375 0.03125
7 0.3015625 0.66640625 0.05625 0.0296875
1 0.38359375 0.4171875 0.234375 0.0328125
11 0.35546875 0.59453125 0.16875 0.03125
12 0.51640625 0.14453125 0.5046875 0.1046875
15 0.82265625 0.6640625 0.1125 0.0328125
2 0.3640625 0.69765625 0.184375 0.034375
16 0.44765625 0.340625 0.3609375 0.03125
4 0.3421875 0.37890625 0.159375 0.0328125
8 0.37265625 0.30546875 0.221875 0.034375
13 0.31328125 0.45078125 0.0921875 0.0328125
3 0.65859375 0.378125 0.0203125 0.0234375