5 0.6481250000000001 0.49466435185185187 0.24552083333333333 0.0752199074074074
2 0.7127604166666667 0.6669270833333334 0.1918750000000001 0.06701388888888893
9 0.49755208333333334 0.22924189814814816 0.4352083333333333 0.13284722222222226
14 0.24765625 0.6781886574074074 0.12395833333333331 0.0555787037037037
6 0.6364583333333333 0.4603587962962963 0.25031250000000005 0.07681712962962965
15 0.25958333333333333 0.716400462962963 0.12062500000000007 0.052430555555555536
7 0.7708333333333333 0.6235069444444444 0.06343750000000004 0.037951388888888896
16 0.5379166666666666 0.33055555555555555 0.38468750000000007 0.10123842592592584
10 0.6610416666666666 0.6063425925925927 0.2660416666666666 0.07849537037037031
11 0.69625 0.5599652777777777 0.17437499999999986 0.06219907407407419
12 0.42432291666666666 0.15083912037037037 0.5328125 0.19135416666666663
4 0.65859375 0.3468576388888889 0.16479166666666673 0.05900462962962969
1 0.62328125 0.3916724537037037 0.2565625000000001 0.0768634259259259
8 0.6772916666666666 0.26386574074074076 0.0859375 0.04748842592592588
0 0.7326041666666667 0.5190509259259259 0.08572916666666668 0.04436342592592588
13 0.7035937499999999 0.41218171296296297 0.09854166666666657 0.049143518518518545
3 0.34890625000000003 0.4030844907407407 0.030208333333333393 0.031458333333333324