14 0.82421875 0.62578125 0.1140625 0.028125
2 0.3640625 0.6984375 0.184375 0.0328125
9 0.4703125 0.2328125 0.421875 0.05625
16 0.4609375 0.33984375 0.3828125 0.034375
15 0.8234375 0.6640625 0.109375 0.0328125
10 0.40078125 0.63046875 0.259375 0.0328125
5 0.34921875 0.5234375 0.1609375 0.034375
12 0.525 0.140625 0.5078125 0.09375
6 0.39375 0.48359375 0.25 0.0328125
7 0.29765625 0.66640625 0.05625 0.0296875
11 0.35546875 0.59140625 0.16875 0.03125
4 0.34375 0.37734375 0.1578125 0.03125
1 0.39375 0.415625 0.25625 0.0328125
0 0.3125 0.55859375 0.0828125 0.03125
8 0.31796875 0.3 0.1015625 0.034375
13 0.31328125 0.45 0.0890625 0.0328125
3 0.659375 0.3765625 0.0234375 0.0234375