14 0.19167824074074075 0.6722974537037036 0.12064814814814814 0.047094907407407405
10 0.6474768518518519 0.7235763888888889 0.20511574074074074 0.060844907407407334
5 0.6662268518518518 0.6183969907407407 0.18945601851851848 0.055925925925926025
0 0.7172974537037037 0.6582118055555555 0.07527777777777782 0.03861111111111111
4 0.7206770833333334 0.4817187499999999 0.11281250000000007 0.04385416666666657
15 0.18255208333333334 0.7057523148148148 0.11438657407407407 0.04543981481481474
6 0.6745486111111111 0.5818055555555556 0.1769444444444444 0.054178240740740694
1 0.6849768518518518 0.5132175925925926 0.17380787037037032 0.052569444444444356
9 0.5844039351851851 0.3289351851851852 0.4085532407407406 0.10604166666666667
12 0.546244212962963 0.23931712962962964 0.5104861111111111 0.15754629629629627
11 0.7097569444444444 0.6948148148148148 0.08309027777777764 0.03872685185185176
8 0.6818171296296296 0.4030266203703704 0.20354166666666665 0.059259259259259164
13 0.7243344907407407 0.5536400462962963 0.08778935185185191 0.04035879629629626
16 0.6266030092592592 0.4365798611111111 0.30833333333333324 0.07487268518518526
3 0.3930439814814815 0.4378067129629629 0.02361111111111116 0.023784722222222145
2 0.6511226851851852 0.7939351851851851 0.17851851851851847 0.055763888888888856
7 0.7157523148148148 0.7659895833333333 0.05495370370370374 0.03674768518518512