9 0.44453125 0.31875 0.421875 0.059375
16 0.37109375 0.4234375 0.26875 0.034375
0 0.28046875 0.6421875 0.078125 0.03125
5 0.30390625 0.6046875 0.1375 0.03125
2 0.3296875 0.78359375 0.1859375 0.034375
15 0.7890625 0.76171875 0.115625 0.034375
12 0.496875 0.225 0.5109375 0.1078125
1 0.3078125 0.49375 0.1375 0.03125
10 0.37109375 0.709375 0.259375 0.0359375
6 0.31015625 0.5671875 0.1375 0.0328125
4 0.31640625 0.45625 0.1609375 0.0328125
13 0.284375 0.5328125 0.0921875 0.0328125
8 0.27734375 0.38125 0.08125 0.0328125
11 0.3265625 0.67421875 0.171875 0.03125
7 0.26875 0.746875 0.0578125 0.03125
14 0.78828125 0.72109375 0.11875 0.0328125
3 0.62734375 0.46640625 0.0203125 0.0234375