16 0.41953125 0.34453125 0.3265625 0.0421875
2 0.34375 0.70625 0.1796875 0.03125
11 0.33828125 0.5953125 0.16875 0.0328125
9 0.4625 0.24296875 0.4203125 0.0609375
5 0.36875 0.5265625 0.2328125 0.0375
10 0.384375 0.63671875 0.259375 0.0328125
14 0.80703125 0.6515625 0.115625 0.03125
12 0.51875 0.15859375 0.5078125 0.1125
1 0.31328125 0.41796875 0.115625 0.0375
15 0.80234375 0.68828125 0.115625 0.0359375
6 0.353125 0.48828125 0.196875 0.0328125
7 0.2796875 0.66875 0.0546875 0.028125
8 0.390625 0.3078125 0.275 0.0390625
4 0.31328125 0.38125 0.1171875 0.0328125
0 0.29609375 0.5625 0.0796875 0.03125
13 0.29921875 0.4546875 0.0984375 0.0328125
3 0.646875 0.39453125 0.0203125 0.021875