9 0.4558275462962963 0.22175347222222222 0.42778935185185174 0.0954513888888889
5 0.37177083333333333 0.509525462962963 0.23339120370370364 0.04596064814814813
8 0.35443287037037036 0.2888483796296296 0.21321759259259263 0.054733796296296336
2 0.3525462962962963 0.6890798611111111 0.1848842592592593 0.03983796296296305
11 0.34390624999999997 0.5806944444444444 0.16928240740740738 0.04093750000000007
6 0.3470196759259259 0.47430555555555554 0.1911574074074074 0.041585648148148024
12 0.506105324074074 0.13350694444444444 0.5159375 0.14179398148148148
16 0.41986689814814815 0.32677083333333334 0.35064814814814815 0.05412037037037036
10 0.3874652777777778 0.6192650462962963 0.25993055555555555 0.04518518518518526
1 0.3490798611111111 0.402337962962963 0.19432870370370373 0.04480324074074069
7 0.285619212962963 0.6558912037037037 0.05515046296296298 0.03287037037037042
4 0.31102430555555555 0.36594907407407407 0.11774305555555556 0.04097222222222223
15 0.8101157407407408 0.6591087962962963 0.11300925925925931 0.03770833333333332
0 0.2942013888888889 0.5493402777777778 0.07861111111111115 0.03512731481481488
14 0.811880787037037 0.6199768518518518 0.11454861111111114 0.03619212962962966
13 0.29806134259259254 0.4405844907407407 0.0911342592592593 0.03706018518518519
3 0.6439872685185185 0.36624421296296295 0.022291666666666644 0.02877314814814813