6 0.4302141203703703 0.6619270833333333 0.06377314814814809 0.18283564814814818
0 0.36419560185185185 0.725005787037037 0.0451620370370371 0.07896990740740736
11 0.3282118055555555 0.7279166666666667 0.042314814814814736 0.08347222222222221
8 0.6106770833333334 0.6644675925925926 0.05207175925925931 0.11674768518518519
7 0.25885416666666666 0.7553819444444445 0.03761574074074074 0.05672453703703706
9 0.6677314814814815 0.5030497685185186 0.12931712962962968 0.4218287037037037
5 0.39372685185185186 0.6601967592592592 0.0680092592592593 0.20177083333333332
2 0.2169675925925926 0.7002546296296297 0.06377314814814819 0.18283564814814818
16 0.5688368055555555 0.6085590277777777 0.0746412037037036 0.23486111111111113
12 0.74703125 0.43918402777777776 0.17778935185185177 0.5041087962962963
10 0.28520254629629627 0.6129108796296296 0.0947222222222222 0.33725694444444443
1 0.5072280092592593 0.6760474537037038 0.05400462962962962 0.12309027777777785
13 0.47059027777777784 0.703130787037037 0.04415509259259274 0.08825231481481488
14 0.24966435185185185 0.22732060185185182 0.0525347222222222 0.12456018518518519
4 0.5406365740740741 0.677181712962963 0.05050925925925931 0.11665509259259252
15 0.2149652777777778 0.2348263888888889 0.052164351851851795 0.11831018518518518
3 0.5224884259259259 0.3528414351851852 0.037511574074073906 0.028692129629629637