0 0.5466666666666666 0.3399189814814815 0.036099537037036986 0.11190972222222229
5 0.5086979166666667 0.38101851851851853 0.043194444444444355 0.1932986111111111
9 0.21951967592592592 0.4819212962962963 0.07660879629629633 0.42533564814814806
10 0.6163657407407408 0.41548611111111117 0.04987268518518526 0.26062499999999994
7 0.6537037037037037 0.3165046296296296 0.03287037037037042 0.055613425925925955
11 0.5817708333333333 0.36910879629629634 0.03937500000000007 0.16976851851851843
14 0.6084837962962963 0.83984375 0.03302083333333332 0.11337962962962962
6 0.47184027777777776 0.38461805555555556 0.04214120370370367 0.21043981481481477
12 0.12672453703703704 0.5260879629629629 0.12598379629629627 0.5110995370370371
1 0.4022916666666667 0.3567534722222222 0.04663194444444443 0.15125000000000002
2 0.6884548611111111 0.3839988425925926 0.04140046296296305 0.18543981481481486
15 0.6452488425925926 0.839369212962963 0.0360069444444445 0.10878472222222228
16 0.3280150462962963 0.4092881944444445 0.051851851851851816 0.27473379629629624
4 0.36474537037037036 0.3572048611111111 0.040474537037037094 0.15418981481481486
3 0.36168981481481477 0.6714525462962964 0.0287268518518518 0.021145833333333287
8 0.28999421296296296 0.37297453703703703 0.04655092592592593 0.20120370370370377
13 0.43917824074074074 0.32578703703703704 0.037152777777777854 0.09476851851851853