14 0.8203125 0.62734375 0.115625 0.03125
10 0.39921875 0.6203125 0.25625 0.03125
9 0.471875 0.23359375 0.4234375 0.059375
2 0.3609375 0.69453125 0.184375 0.0328125
5 0.38515625 0.515625 0.2390625 0.0328125
11 0.34921875 0.58671875 0.165625 0.03125
6 0.38984375 0.478125 0.2453125 0.03125
12 0.52578125 0.14296875 0.5125 0.1015625
1 0.38671875 0.4125 0.25 0.0328125
8 0.46015625 0.30234375 0.4 0.0359375
15 0.81796875 0.66640625 0.1125 0.0328125
7 0.29453125 0.66171875 0.0546875 0.028125
0 0.30859375 0.55390625 0.078125 0.0296875
16 0.4515625 0.33828125 0.3828125 0.034375
4 0.3234375 0.3734375 0.115625 0.03125
13 0.309375 0.44453125 0.0875 0.03125
3 0.65859375 0.37734375 0.0203125 0.028125