14 0.802980324074074 0.610457175925926 0.1143518518518519 0.04497685185185176
11 0.33944444444444444 0.563425925925926 0.17064814814814816 0.05414351851851862
5 0.3571412037037037 0.49378472222222225 0.1941203703703703 0.0600462962962963
0 0.3209722222222222 0.5268981481481482 0.126875 0.04875000000000007
9 0.49046874999999995 0.2065104166666667 0.42413194444444446 0.11570601851851858
2 0.33944444444444444 0.6688541666666666 0.1863078703703704 0.05964120370370374
7 0.27644675925925927 0.6338541666666666 0.05962962962962966 0.03745370370370367
1 0.4024479166666667 0.38678819444444446 0.2691782407407407 0.07174768518518518
6 0.36758101851851854 0.4549768518518518 0.21131944444444448 0.0625
10 0.38134259259259257 0.600300925925926 0.2613657407407407 0.07134259259259253
4 0.3465104166666667 0.3475173611111111 0.16439814814814815 0.05381944444444446
12 0.542662037037037 0.11868055555555557 0.5167361111111111 0.17673611111111112
15 0.7995659722222223 0.649681712962963 0.114363425925926 0.04653935185185176
13 0.3124016203703704 0.4187905092592592 0.09717592592592598 0.045648148148148236
16 0.4037847222222222 0.31174768518518514 0.2738541666666666 0.07042824074074075
8 0.4407523148148148 0.27625 0.3348726851851852 0.0845254629629629
3 0.6604108796296296 0.35310763888888885 0.017372685185185154 0.0258912037037037