9 0.511724537037037 0.27565972222222224 0.43479166666666663 0.13469907407407405
2 0.6416319444444445 0.7120891203703703 0.18596064814814817 0.06260416666666657
11 0.6812037037037036 0.5963252314814815 0.08825231481481488 0.04351851851851851
1 0.6316030092592593 0.42131944444444447 0.15452546296296302 0.05785879629629633
12 0.4536747685185185 0.19065972222222222 0.5280208333333334 0.20962962962962967
8 0.6233333333333333 0.31115162037037036 0.14671296296296302 0.05745370370370369
5 0.6177199074074073 0.5373090277777777 0.2111458333333333 0.06702546296296283
10 0.5971759259259259 0.6474131944444445 0.25673611111111116 0.07406249999999996
0 0.6803472222222222 0.5582060185185185 0.08209490740740737 0.044756944444444356
7 0.6981770833333334 0.6647627314814815 0.05994212962962955 0.03893518518518526
6 0.6246759259259259 0.49878472222222214 0.18596064814814817 0.06260416666666657
16 0.5821354166666667 0.36235532407407406 0.24589120370370363 0.07505787037037041
14 0.20072916666666668 0.7396238425925926 0.12483796296296293 0.0563194444444445
15 0.20149305555555558 0.7793055555555555 0.11849537037037035 0.05443287037037035
13 0.6639409722222223 0.453912037037037 0.09459490740740736 0.045405092592592664
4 0.6470601851851852 0.383912037037037 0.12768518518518518 0.05179398148148149
3 0.3393171296296296 0.4512731481481481 0.02510416666666666 0.029340277777777857