6 0.30078125 0.54765625 0.140625 0.0296875
9 0.4296875 0.30390625 0.3953125 0.0546875
4 0.2828125 0.43984375 0.1078125 0.028125
16 0.35859375 0.40546875 0.2640625 0.03125
11 0.31015625 0.65234375 0.159375 0.0296875
10 0.35234375 0.68671875 0.2453125 0.03125
13 0.2703125 0.5109375 0.084375 0.028125
8 0.309375 0.3671875 0.1546875 0.03125
15 0.778125 0.73515625 0.1125 0.0328125
1 0.309375 0.4734375 0.159375 0.03125
0 0.2859375 0.6171875 0.1203125 0.0296875
12 0.48203125 0.22109375 0.5109375 0.0875
2 0.3171875 0.76015625 0.1734375 0.03125
5 0.31796875 0.5796875 0.178125 0.0296875
7 0.2546875 0.721875 0.0515625 0.028125
14 0.778125 0.6984375 0.0640625 0.0359375
3 0.60390625 0.4375 0.0125 0.015625