5 0.4525925925925926 0.6797222222222222 0.06489583333333329 0.19728009259259255
16 0.6233275462962963 0.6112442129629629 0.08866898148148153 0.2942939814814814
11 0.3840740740740741 0.6997685185185185 0.060393518518518444 0.1706944444444444
10 0.34130208333333334 0.6586631944444445 0.07899305555555554 0.25829861111111113
6 0.48644097222222216 0.6693113425925926 0.0671064814814816 0.20979166666666665
9 0.7118402777777778 0.5246180555555556 0.13025462962962955 0.4336111111111112
1 0.5543229166666667 0.6219155092592592 0.08193287037037038 0.28487268518518505
12 0.7999537037037038 0.4755092592592593 0.19893518518518521 0.5231481481481481
8 0.6761516203703704 0.6804108796296295 0.05893518518518519 0.14256944444444458
15 0.2150636574074074 0.2438136574074074 0.053032407407407424 0.11909722222222223
2 0.2732581018518519 0.7029340277777778 0.06432870370370374 0.18634259259259256
14 0.25486689814814817 0.2427372685185185 0.05146990740740742 0.11908564814814815
13 0.5313020833333333 0.7205613425925925 0.04712962962962948 0.09562500000000007
0 0.42302083333333335 0.7424652777777778 0.04483796296296294 0.0815509259259258
7 0.32255208333333335 0.7643113425925926 0.04049768518518517 0.058090277777777824
4 0.6044270833333333 0.698917824074074 0.05179398148148149 0.12533564814814824
3 0.5388946759259259 0.3695891203703704 0.031064814814814667 0.026782407407407404