9 0.7284548611111111 0.5096354166666666 0.0875 0.4244212962962962
5 0.43920138888888893 0.6123842592592592 0.05381944444444446 0.2281828703703704
14 0.3383333333333333 0.17934027777777778 0.0380208333333333 0.11840277777777777
1 0.5486631944444444 0.6239293981481481 0.0483680555555555 0.21082175925925917
12 0.8172569444444445 0.45954861111111106 0.15076388888888878 0.5141203703703704
6 0.4770659722222222 0.6203414351851851 0.0484375 0.21238425925925916
10 0.33324652777777775 0.5921296296296296 0.05284722222222218 0.27650462962962974
2 0.2616319444444445 0.6415798611111111 0.04718750000000007 0.18425925925925918
16 0.6260763888888888 0.5493055555555555 0.06208333333333336 0.3439236111111111
8 0.6547395833333333 0.623900462962963 0.044618055555555716 0.19664351851851852
15 0.29842013888888885 0.1823784722222222 0.03937500000000007 0.11377314814814814
4 0.5843402777777778 0.6460069444444445 0.04444444444444447 0.15763888888888894
7 0.2946875 0.7050925925925926 0.03211805555555554 0.055787037037037024
0 0.4014236111111111 0.6902199074074075 0.034652777777777824 0.07771990740740727
11 0.3675347222222222 0.645457175925926 0.04499999999999993 0.17013888888888892
3 0.5866493055555555 0.33081597222222225 0.025972222222222285 0.022800925925925954
13 0.5102951388888888 0.6799479166666667 0.043229166666666784 0.09519675925925916