9 0.27708333333333335 0.5218402777777778 0.16739583333333333 0.4260300925925925
16 0.35921875000000003 0.614681712962963 0.10239583333333338 0.27093750000000016
0 0.548125 0.7473958333333334 0.050833333333333286 0.08314814814814823
5 0.5181250000000001 0.7166898148148148 0.065625 0.14104166666666665
2 0.6980208333333333 0.7266203703703704 0.08135416666666657 0.18957175925925931
15 0.7939583333333333 0.27241898148148147 0.0642708333333335 0.12072916666666664
12 0.19963541666666668 0.4524826388888889 0.2379166666666667 0.5233796296296296
1 0.4111979166666667 0.6908854166666667 0.065625 0.14104166666666665
10 0.6368229166666667 0.6714525462962964 0.10177083333333332 0.2615625
6 0.4830729166666667 0.7031423611111112 0.0671875 0.14105324074074072
4 0.3770833333333333 0.675 0.0734375 0.16452546296296297
13 0.44354166666666667 0.7216087962962963 0.05645833333333332 0.09724537037037032
8 0.29421875000000003 0.6986168981481482 0.054166666666666606 0.0862962962962964
11 0.59140625 0.7078530092592593 0.07572916666666671 0.17547453703703705
7 0.6468229166666667 0.7793923611111111 0.046354166666666786 0.06281250000000008
14 0.7545833333333334 0.2650925925925926 0.06291666666666665 0.12384259259259256
3 0.46682291666666664 0.3723900462962963 0.028229166666666573 0.025196759259259238