14 0.8361979166666668 0.660167824074074 0.11895833333333314 0.05342592592592599
11 0.37359375 0.5548900462962962 0.1760416666666667 0.06759259259259257
5 0.3933333333333333 0.48698495370370376 0.19989583333333333 0.07453703703703703
0 0.356875 0.5154629629629629 0.1317708333333333 0.0584837962962963
9 0.5358333333333334 0.21739583333333332 0.4326041666666667 0.15004629629629634
2 0.3711979166666667 0.6598553240740741 0.19208333333333324 0.07430555555555554
7 0.3088541666666667 0.6170833333333333 0.06364583333333336 0.04243055555555557
1 0.4421875 0.3861226851851852 0.27437500000000004 0.092337962962963
6 0.4056770833333333 0.4490451388888889 0.21729166666666674 0.07817129629629634
10 0.41473958333333333 0.5967245370370371 0.26656250000000004 0.0921064814814816
4 0.38739583333333333 0.33921296296296294 0.16968750000000005 0.06584490740740741
12 0.5906770833333334 0.13592592592592592 0.5321875 0.21693287037037035
15 0.8309374999999999 0.6986805555555555 0.11906250000000007 0.05498842592592581
13 0.35119791666666667 0.4068229166666667 0.10177083333333332 0.05291666666666668
16 0.44578125 0.3108680555555556 0.27906250000000005 0.09247685185185191
8 0.4836458333333333 0.27999999999999997 0.3411458333333332 0.11146990740740748
3 0.7011979166666666 0.38471064814814815 0.022083333333333323 0.027164351851851887