14 0.1865625 0.6884375 0.11822916666666665 0.0546875
2 0.65140625 0.7194270833333334 0.18888888888888894 0.075
9 0.4846701388888889 0.26546875000000003 0.42614583333333333 0.15010416666666665
7 0.70859375 0.6809895833333334 0.05861111111111104 0.03979166666666671
15 0.19274305555555554 0.7271875 0.11670138888888885 0.05614583333333343
6 0.6091840277777777 0.5069270833333334 0.2233680555555555 0.08197916666666671
11 0.6459722222222222 0.6118750000000001 0.17319444444444443 0.07083333333333322
10 0.5996180555555556 0.6557291666666666 0.27666666666666656 0.09333333333333335
12 0.4215972222222222 0.18145833333333333 0.5290624999999999 0.21781250000000002
5 0.6451215277777778 0.54453125 0.16381944444444443 0.07020833333333343
1 0.5997222222222222 0.43979166666666664 0.2296180555555555 0.08239583333333336
16 0.5308680555555556 0.36947916666666664 0.35034722222222214 0.10916666666666668
0 0.684357638888889 0.57453125 0.09003472222222228 0.049687499999999926
4 0.6476215277777777 0.39682291666666664 0.12142361111111111 0.05802083333333332
8 0.6548090277777778 0.31984375 0.0885416666666666 0.05270833333333336
3 0.31600694444444444 0.4263541666666667 0.024027777777777804 0.028125
13 0.66953125 0.4671354166666667 0.09631944444444436 0.05166666666666657