5 0.5504050925925925 0.6398495370370371 0.07905092592592596 0.1942824074074075
10 0.66015625 0.6280960648148148 0.10023148148148149 0.2600462962962963
11 0.6209490740740741 0.6666782407407407 0.07204861111111108 0.17392361111111115
9 0.25271990740740746 0.4724768518518519 0.15954861111111107 0.42762731481481475
6 0.5179398148148149 0.6283680555555555 0.08599537037037024 0.2130787037037038
0 0.5810185185185185 0.6857291666666667 0.05740740740740744 0.11601851851851848
14 0.69765625 0.20582754629629632 0.05584490740740744 0.1160069444444444
8 0.305005787037037 0.5760243055555556 0.09010416666666661 0.2396643518518518
12 0.17364004629629629 0.4050752314814815 0.2302662037037037 0.5234375
7 0.6827546296296296 0.7318634259259259 0.04126157407407405 0.059664351851851906
2 0.725925925925926 0.6737152777777778 0.08038194444444446 0.18804398148148138
15 0.7346643518518519 0.21336805555555555 0.05740740740740726 0.11601851851851848
16 0.347974537037037 0.5335069444444445 0.11400462962962958 0.33668981481481486
13 0.4720775462962963 0.6771585648148148 0.053587962962962976 0.09724537037037032
4 0.36692708333333335 0.6443344907407408 0.05914351851851851 0.12071759259259256
1 0.4404224537037037 0.5398553240740741 0.15538194444444448 0.3573032407407407
3 0.4213541666666666 0.3204050925925926 0.02893518518518512 0.022083333333333323