5 0.32890625 0.6046875 0.19375 0.03125
16 0.37421875 0.4234375 0.290625 0.0390625
11 0.31796875 0.67578125 0.1671875 0.03125
10 0.3640625 0.7109375 0.25625 0.034375
6 0.334375 0.56875 0.2078125 0.03125
9 0.44765625 0.3203125 0.4296875 0.05625
1 0.37265625 0.49375 0.2828125 0.0328125
12 0.48515625 0.225 0.5125 0.1109375
8 0.29921875 0.3828125 0.1390625 0.034375
15 0.7890625 0.7640625 0.115625 0.0328125
2 0.32890625 0.7859375 0.1828125 0.0328125
14 0.78515625 0.725 0.115625 0.03125
13 0.278125 0.53359375 0.0921875 0.03125
0 0.2703125 0.64453125 0.078125 0.03125
7 0.26171875 0.7484375 0.0546875 0.03125
4 0.28984375 0.45703125 0.121875 0.03125
3 0.6234375 0.46484375 0.0234375 0.0265625