14 0.79140625 0.703125 0.1171875 0.03125
9 0.44296875 0.3109375 0.403125 0.05
10 0.35859375 0.73046875 0.1890625 0.0296875
12 0.49609375 0.22890625 0.48125 0.0875
8 0.35390625 0.37109375 0.1890625 0.0296875
6 0.359375 0.58515625 0.190625 0.03125
5 0.35625 0.62109375 0.1796875 0.028125
15 0.7921875 0.7390625 0.1109375 0.0296875
2 0.3515625 0.7984375 0.1734375 0.028125
11 0.303125 0.69453125 0.078125 0.028125
16 0.37265625 0.4109375 0.2171875 0.0296875
0 0.3 0.6578125 0.0703125 0.028125
7 0.28984375 0.76328125 0.0515625 0.028125
13 0.30703125 0.55078125 0.0828125 0.0265625
4 0.321875 0.44453125 0.1171875 0.028125
1 0.38125 0.51875 0.225 0.0296875
3 0.61796875 0.47890625 0.01875 0.021875