9 0.2872222222222222 0.5826388888888889 0.10243055555555554 0.41
1 0.44437499999999996 0.7101736111111111 0.05034722222222214 0.1503819444444444
12 0.2131423611111111 0.5057638888888889 0.14607638888888896 0.5148611111111112
5 0.5572569444444444 0.7065798611111112 0.05364583333333339 0.18951388888888906
4 0.4099305555555556 0.7102083333333333 0.04892361111111114 0.15343750000000006
8 0.33486111111111116 0.7084374999999999 0.046388888888888855 0.13149305555555557
6 0.5226909722222223 0.6917361111111111 0.054340277777777855 0.2051388888888889
14 0.7118923611111111 0.2743055555555555 0.04440972222222221 0.12204861111111107
11 0.623263888888889 0.7713541666666667 0.03947916666666664 0.08128472222222224
16 0.38522569444444443 0.6496180555555556 0.06322916666666671 0.2647916666666667
7 0.6912847222222223 0.7908159722222223 0.033472222222222216 0.05138888888888893
0 0.5889236111111111 0.7690451388888888 0.04083333333333332 0.07666666666666658
10 0.6701909722222222 0.6489756944444445 0.06927083333333339 0.3305555555555557
3 0.4417881944444444 0.39850694444444446 0.034062499999999926 0.02958333333333334
2 0.7327951388888889 0.7550868055555556 0.044479166666666715 0.12361111111111107
15 0.742361111111111 0.27565972222222224 0.04277777777777771 0.12041666666666666
13 0.47810763888888885 0.7437673611111111 0.04201388888888893 0.10322916666666657