16 0.35390625 0.5725 0.0765625 0.33479166666666665
2 0.72109375 0.5855208333333334 0.05 0.18458333333333332
11 0.61171875 0.61 0.05 0.1752083333333335
9 0.2484375 0.5475 0.1046875 0.4319791666666667
5 0.53984375 0.5921354166666667 0.0609375 0.23999999999999985
10 0.6484375 0.5575520833333334 0.059375 0.2648958333333333
14 0.61875 0.13765624999999998 0.04375 0.12166666666666667
12 0.15859375 0.5066145833333333 0.165625 0.5282291666666665
1 0.43828125 0.6653125 0.05 0.12208333333333332
15 0.65546875 0.13598958333333333 0.0484375 0.12197916666666667
6 0.50390625 0.6140625 0.053125 0.20354166666666665
7 0.690625 0.6555208333333333 0.034375 0.060104166666666715
8 0.3203125 0.6075520833333333 0.0671875 0.28260416666666666
4 0.4015625 0.6716666666666666 0.0453125 0.12333333333333343
0 0.58359375 0.6571875 0.0390625 0.08541666666666678
13 0.47578125 0.6729687500000001 0.0421875 0.10437499999999993
3 0.3796875 0.33953125 0.0234375 0.0234375