5 0.45770833333333333 0.6124942129629629 0.08101851851851852 0.19762731481481488
9 0.7611400462962964 0.5714583333333334 0.16252314814814817 0.42806712962962956
2 0.2828877314814815 0.57703125 0.07934027777777777 0.18976851851851856
6 0.49154513888888884 0.6279050925925926 0.0793171296296297 0.18820601851851854
7 0.2988078703703704 0.6492476851851852 0.04311342592592595 0.06374999999999993
14 0.4585648148148148 0.1427314814814815 0.05642361111111107 0.11880787037037037
10 0.3576099537037037 0.5560590277777777 0.09761574074074071 0.26371527777777787
1 0.5566550925925926 0.6439525462962963 0.07773148148148153 0.18659722222222222
12 0.8630555555555557 0.539519675925926 0.22333333333333344 0.5267013888888888
16 0.6561284722222223 0.5526851851851852 0.1355671296296297 0.40071759259259265
11 0.38494791666666667 0.6076157407407408 0.07600694444444436 0.17561342592592588
15 0.42093749999999996 0.13524884259259257 0.06265046296296291 0.11743055555555557
4 0.590607638888889 0.6671759259259259 0.06952546296296305 0.15980324074074073
0 0.40835648148148146 0.6577256944444445 0.051296296296296263 0.08898148148148159
13 0.5134143518518519 0.6796238425925927 0.05612268518518526 0.09849537037037023
8 0.6611747685185184 0.6822800925925926 0.07108796296296305 0.15984953703703705
3 0.6665509259259259 0.3593229166666666 0.036400462962962975 0.032314814814814775