5 0.3828125 0.51875 0.2296875 0.034375
2 0.36328125 0.6984375 0.184375 0.0328125
14 0.821875 0.6265625 0.1140625 0.034375
9 0.4703125 0.23515625 0.421875 0.0578125
6 0.3734375 0.4828125 0.2125 0.0328125
10 0.39921875 0.6296875 0.259375 0.03125
4 0.340625 0.37734375 0.159375 0.03125
8 0.3953125 0.3046875 0.2609375 0.034375
1 0.3875 0.415625 0.240625 0.0328125
7 0.29609375 0.66640625 0.0546875 0.03125
12 0.521875 0.14375 0.5140625 0.1
16 0.37421875 0.33984375 0.228125 0.0328125
11 0.3546875 0.590625 0.16875 0.03125
15 0.821875 0.665625 0.1140625 0.034375
0 0.3109375 0.5578125 0.0796875 0.03125
13 0.3125 0.44921875 0.0921875 0.0328125
3 0.6515625 0.3765625 0.021875 0.028125