6 0.6274305555555555 0.5793923611111111 0.2496412037037036 0.05166666666666657
5 0.6606944444444445 0.6184201388888889 0.1822685185185186 0.04243055555555557
14 0.191875 0.7055381944444445 0.11820601851851849 0.039583333333333214
0 0.7119965277777778 0.6559027777777777 0.07280092592592595 0.0344444444444445
11 0.705462962962963 0.6915972222222222 0.08056712962962961 0.03322916666666664
9 0.5588715277777778 0.3322743055555556 0.4097106481481482 0.08218750000000004
1 0.6296064814814815 0.5059548611111111 0.2496412037037036 0.05166666666666657
12 0.5136689814814815 0.24734374999999997 0.5028240740740741 0.11753472222222223
16 0.5715104166666667 0.43375 0.37620370370370376 0.05729166666666678
10 0.6482175925925926 0.7226909722222222 0.19950231481481479 0.044756944444444356
8 0.7264351851851852 0.4062152777777778 0.07440972222222228 0.036076388888889
15 0.18922453703703704 0.7421875 0.1165972222222222 0.037951388888888896
2 0.6499710648148149 0.7955208333333333 0.17758101851851862 0.04222222222222207
4 0.7031655092592592 0.4787152777777777 0.11030092592592596 0.03611111111111107
7 0.7174884259259259 0.7609722222222223 0.05087962962962962 0.031909722222222214
13 0.7120196759259259 0.5495138888888889 0.08686342592592596 0.035069444444444285
3 0.37375578703703705 0.4546875 0.021006944444444463 0.024340277777777787