6 0.33763888888888893 0.5140740740740741 0.24847222222222226 0.08690972222222229
5 0.33155671296296296 0.5509085648148149 0.2548148148148148 0.08865740740740743
11 0.23686342592592596 0.6090856481481481 0.09496527777777777 0.04960648148148152
9 0.45864583333333336 0.28822337962962963 0.4185300925925926 0.14030092592592594
4 0.3261516203703704 0.40523148148148147 0.17245370370370364 0.06750000000000007
14 0.7032581018518519 0.7270659722222221 0.12327546296296302 0.05356481481481481
7 0.20406828703703703 0.6755671296296296 0.06500000000000003 0.044039351851851906
8 0.33358217592592593 0.3324826388888889 0.14267361111111115 0.06505787037037036
0 0.24450810185185187 0.5722048611111111 0.09184027777777777 0.04951388888888886
12 0.5278414351851851 0.21286458333333336 0.5091782407407408 0.19601851851851854
2 0.26893518518518517 0.7258969907407408 0.2104166666666666 0.07642361111111118
1 0.3147858796296296 0.4391030092592592 0.16638888888888886 0.07043981481481473
10 0.3628472222222222 0.6677430555555556 0.3670486111111112 0.11381944444444443
15 0.6945601851851851 0.7553993055555555 0.11840277777777786 0.05030092592592581
16 0.43484375000000003 0.38719328703703704 0.3767013888888888 0.11878472222222225
13 0.27479166666666666 0.4691435185185185 0.10277777777777777 0.049837962962962834
3 0.5957060185185185 0.4494965277777778 0.026574074074073906 0.02730324074074062