0 0.5864409722222221 0.29325810185185186 0.04615740740740755 0.0796875
6 0.5329340277777778 0.3570023148148148 0.07518518518518516 0.18923611111111116
5 0.5668229166666666 0.3501736111111111 0.07354166666666657 0.18755787037037033
14 0.7947337962962964 0.7982060185185185 0.05763888888888893 0.12100694444444464
9 0.32623263888888887 0.49811921296296297 0.1508333333333333 0.4174189814814815
10 0.6771701388888889 0.37702546296296297 0.09273148148148139 0.25746527777777783
8 0.35847800925925927 0.3845486111111111 0.07747685185185187 0.2034143518518518
11 0.6321354166666666 0.33399884259259255 0.06936342592592588 0.16701388888888893
12 0.25623842592592594 0.5590856481481482 0.2051273148148148 0.5039351851851853
2 0.73765625 0.327806712962963 0.0732175925925926 0.1813078703703704
4 0.4180208333333333 0.3321469907407407 0.057395833333333354 0.11631944444444446
13 0.484693287037037 0.312181712962963 0.05001157407407408 0.09398148148148149
1 0.4604803240740741 0.35552662037037036 0.07116898148148146 0.17181712962962967
16 0.41107060185185185 0.4382523148148148 0.10650462962962966 0.312962962962963
15 0.8280034722222223 0.7944444444444445 0.05567129629629619 0.1130787037037038
7 0.6856018518518519 0.26947337962962964 0.041898148148148094 0.05758101851851851
3 0.49791087962962965 0.6571469907407408 0.02942129629629626 0.027083333333333393