9 0.46171875 0.23671875 0.4234375 0.0640625
16 0.4203125 0.340625 0.3421875 0.0421875
12 0.515625 0.14921875 0.509375 0.1
10 0.390625 0.63203125 0.2765625 0.03125
11 0.3390625 0.5921875 0.171875 0.0328125
5 0.36953125 0.521875 0.234375 0.034375
6 0.3484375 0.48359375 0.190625 0.0328125
0 0.28984375 0.5578125 0.078125 0.0296875
14 0.80703125 0.64609375 0.115625 0.03125
4 0.33125 0.37890625 0.1578125 0.03125
7 0.27890625 0.66484375 0.0546875 0.028125
1 0.378125 0.4140625 0.2484375 0.0375
2 0.3453125 0.69765625 0.1859375 0.0328125
15 0.80234375 0.68125 0.1125 0.03125
8 0.3140625 0.30234375 0.1234375 0.0359375
13 0.29453125 0.44921875 0.0921875 0.0328125
3 0.6453125 0.3875 0.021875 0.025