4 0.31171875 0.4484375 0.1546875 0.0296875
6 0.3359375 0.5546875 0.1984375 0.03125
11 0.3203125 0.6609375 0.1609375 0.03125
10 0.36171875 0.69453125 0.24375 0.03125
5 0.32734375 0.590625 0.184375 0.0296875
14 0.79140625 0.7078125 0.1171875 0.03125
9 0.4453125 0.31484375 0.409375 0.053125
8 0.3078125 0.37421875 0.1359375 0.03125
2 0.32578125 0.76640625 0.1703125 0.03125
0 0.2734375 0.62421875 0.0734375 0.028125
15 0.7921875 0.74375 0.1171875 0.03125
7 0.26171875 0.72890625 0.0515625 0.028125
16 0.3671875 0.41640625 0.2609375 0.03125
12 0.49296875 0.2296875 0.4890625 0.090625
13 0.27734375 0.51875 0.0828125 0.028125
1 0.41484375 0.48046875 0.3578125 0.03125
3 0.61796875 0.44765625 0.0203125 0.01875