2 0.701875 0.4001504629629629 0.05399305555555554 0.18893518518518526
8 0.30364004629629626 0.36883680555555554 0.06130787037037031 0.22505787037037042
14 0.6214814814814815 0.8481539351851852 0.04409722222222214 0.1183912037037036
11 0.5965624999999999 0.3759548611111111 0.0503587962962964 0.1716550925925926
1 0.4172395833333334 0.3565914351851852 0.05196759259259256 0.17326388888888894
9 0.23376157407407408 0.4604340277777778 0.11424768518518516 0.4311342592592592
10 0.6277083333333333 0.4260532407407407 0.06393518518518526 0.26104166666666656
12 0.14447916666666666 0.5030613425925926 0.16523148148148142 0.5185069444444445
4 0.37939236111111113 0.3437615740740741 0.05155092592592592 0.15920138888888893
7 0.6716435185185186 0.3282233796296296 0.034479166666666575 0.057222222222222285
15 0.659855324074074 0.8524131944444445 0.047222222222222145 0.11848379629629627
16 0.33894675925925927 0.4276446759259259 0.08017361111111114 0.3348958333333334
0 0.5655555555555555 0.3305439814814815 0.039907407407407544 0.08236111111111111
6 0.4902141203703704 0.3431423611111111 0.0459837962962963 0.12937500000000002
5 0.5248958333333333 0.3808564814814815 0.055648148148148203 0.19210648148148152
3 0.37548611111111113 0.6597743055555556 0.027303240740740798 0.025787037037036952
13 0.4560416666666667 0.32261574074074073 0.04340277777777786 0.09495370370370368