1 0.4794270833333334 0.3576215277777778 0.10124999999999992 0.23223379629629629
10 0.69296875 0.41391782407407407 0.10958333333333332 0.26366898148148155
5 0.5865104166666667 0.3787152777777778 0.10302083333333342 0.2354050925925925
0 0.6292708333333333 0.32734953703703706 0.065625 0.118900462962963
6 0.54734375 0.36656828703703703 0.09958333333333336 0.23062499999999994
12 0.1878125 0.4453240740740741 0.26156250000000003 0.531712962962963
2 0.7660416666666666 0.39453125 0.0892708333333335 0.19289351851851855
9 0.2796875 0.4144212962962963 0.18968749999999995 0.4360185185185186
8 0.36791666666666667 0.3170891203703704 0.09656250000000002 0.2087037037037037
13 0.5208333333333334 0.2976851851851852 0.06125000000000007 0.10005787037037042
7 0.7409895833333333 0.32403935185185184 0.049583333333333354 0.0654050925925926
11 0.65734375 0.3609606481481481 0.08197916666666671 0.17708333333333331
16 0.3916666666666667 0.4032754629629629 0.14104166666666665 0.36128472222222213
4 0.44484375 0.29680555555555554 0.06958333333333329 0.13149305555555557
14 0.6372395833333334 0.8343634259259259 0.06770833333333322 0.12675925925925924
15 0.6760416666666667 0.8410416666666667 0.06750000000000007 0.12363425925925924
3 0.4025520833333333 0.6252662037037038 0.038124999999999964 0.03387731481481495