9 0.694386574074074 0.5257175925925927 0.11030092592592596 0.41033564814814805
5 0.41640625 0.609525462962963 0.06290509259259255 0.22511574074074084
14 0.331712962962963 0.16199074074074074 0.048090277777777767 0.11978009259259262
6 0.45237268518518514 0.6081770833333333 0.05972222222222214 0.2233680555555555
8 0.6208912037037038 0.6764872685185186 0.04600694444444446 0.10562499999999986
15 0.2978877314814815 0.15773148148148147 0.04473379629629628 0.11334490740740741
1 0.5237268518518519 0.6109953703703704 0.06290509259259273 0.22511574074074084
7 0.2743923611111111 0.6860590277777778 0.03478009259259256 0.05506944444444439
12 0.777517361111111 0.48712384259259256 0.14884259259259275 0.4827777777777779
11 0.34600694444444446 0.6324884259259258 0.0528356481481481 0.16371527777777786
10 0.31319444444444444 0.613292824074074 0.05902777777777786 0.2046180555555555
0 0.3782986111111111 0.6799016203703705 0.038715277777777765 0.07712962962962955
16 0.5866319444444444 0.6182291666666667 0.06087962962962958 0.21252314814814816
4 0.5517650462962964 0.6704050925925926 0.044791666666666785 0.11490740740740737
2 0.2414351851851852 0.6206770833333334 0.054918981481481485 0.17787037037037035
13 0.4833043981481481 0.6822916666666667 0.04056712962962976 0.08503472222222222
3 0.5741608796296296 0.3449305555555555 0.022569444444444288 0.020046296296296263