6 0.32890625 0.48125 0.0984375 0.0328125
9 0.48125 0.23203125 0.4171875 0.05625
14 0.82890625 0.62578125 0.1140625 0.028125
0 0.3203125 0.55546875 0.0765625 0.03125
10 0.41875 0.628125 0.26875 0.0328125
12 0.52890625 0.1453125 0.5 0.1
2 0.371875 0.69609375 0.1828125 0.0328125
16 0.39375 0.33828125 0.2296875 0.0328125
8 0.3234375 0.29765625 0.0921875 0.034375
13 0.3234375 0.4484375 0.09375 0.0328125
4 0.35625 0.37578125 0.1546875 0.03125
11 0.32421875 0.58984375 0.0828125 0.03125
1 0.32734375 0.41328125 0.0984375 0.034375
15 0.83125 0.6640625 0.1125 0.0328125
7 0.3109375 0.6640625 0.0546875 0.0296875
5 0.34453125 0.51875 0.1296875 0.03125
3 0.66796875 0.375 0.021875 0.025