5 0.4561284722222222 0.63515625 0.10113425925925927 0.2328125
9 0.20814236111111112 0.47578125 0.1859375 0.421875
16 0.29435185185185186 0.5609375 0.12533564814814815 0.3078125
6 0.4180497685185185 0.63125 0.09571759259259256 0.21875
10 0.5665393518518519 0.6453125 0.10728009259259252 0.2609375
12 0.14097800925925927 0.4 0.24721064814814814 0.51875
11 0.5147164351851852 0.68046875 0.08234953703703703 0.171875
14 0.702488425925926 0.23828125 0.0656944444444445 0.121875
0 0.4682407407407407 0.71796875 0.05437499999999993 0.084375
7 0.5663368055555555 0.7546875 0.045347222222222074 0.0609375
4 0.3053472222222222 0.63515625 0.08178240740740739 0.1609375
8 0.24675925925925926 0.58984375 0.1024537037037037 0.228125
2 0.6191724537037037 0.7 0.08636574074074073 0.1890625
15 0.735474537037037 0.25 0.06553240740740733 0.11875
1 0.33694444444444444 0.65859375 0.07226851851851848 0.128125
13 0.36591435185185184 0.6875 0.059791666666666646 0.0984375
3 0.40790509259259256 0.3296875 0.02942129629629626 0.025