1 0.4290451388888889 0.6229166666666667 0.10083333333333329 0.2310300925925926
10 0.6405902777777778 0.5534201388888889 0.10840277777777771 0.2608101851851853
5 0.5348784722222222 0.5955844907407408 0.10097222222222228 0.2341550925925926
0 0.5803472222222222 0.6440972222222222 0.0645833333333334 0.11806712962962962
6 0.4960069444444445 0.6094328703703704 0.09763888888888879 0.22942129629629626
12 0.13387152777777778 0.5539004629629629 0.2577083333333333 0.5284722222222223
2 0.7140798611111111 0.5687268518518518 0.08815972222222221 0.19180555555555542
9 0.22722222222222221 0.5790625 0.18784722222222222 0.43218749999999984
8 0.31921875 0.6698263888888889 0.09510416666666668 0.2075231481481481
13 0.4725694444444445 0.6800462962962963 0.060694444444444426 0.10083333333333329
7 0.6913888888888888 0.6401099537037037 0.04815972222222218 0.0647337962962963
11 0.6069097222222222 0.6085706018518519 0.08121527777777775 0.17608796296296295
16 0.33947916666666667 0.5828645833333332 0.13927083333333332 0.35807870370370376
4 0.39736111111111116 0.6858449074074074 0.06982638888888885 0.1306365740740741
14 0.5684722222222222 0.1383564814814815 0.06649305555555571 0.12590277777777778
15 0.6063541666666666 0.12920717592592593 0.06635416666666671 0.12277777777777779
3 0.34152777777777776 0.3611053240740741 0.03895833333333334 0.033368055555555554