0 0.5781828703703704 0.3403125 0.049537037037037025 0.11439814814814815
1 0.42511574074074077 0.3798148148148148 0.07575231481481488 0.23174768518518524
10 0.6408275462962963 0.42126736111111107 0.07847222222222214 0.26300925925925933
5 0.5340277777777778 0.393125 0.07581018518518512 0.23331018518518515
15 0.6288483796296296 0.8502025462962963 0.054340277777777855 0.11755787037037031
16 0.340306712962963 0.43310763888888887 0.09762731481481488 0.35843750000000013
6 0.4960648148148149 0.38424768518518515 0.06776620370370381 0.2270023148148148
4 0.39308449074074076 0.3373784722222222 0.05914351851851851 0.16289351851851847
8 0.3166087962962963 0.3133680555555555 0.05798611111111107 0.13164351851851847
13 0.4696180555555555 0.3176273148148148 0.04733796296296298 0.09719907407407406
11 0.6082465277777778 0.37257523148148153 0.06273148148148149 0.17541666666666664
2 0.713599537037037 0.39758101851851857 0.06331018518518512 0.19104166666666664
14 0.5891493055555556 0.8460011574074073 0.053009259259259166 0.1237962962962964
7 0.689670138888889 0.32629050925925923 0.03975694444444429 0.06121527777777782
3 0.35561342592592593 0.6528125 0.030555555555555537 0.023657407407407405
12 0.16082579375 0.7511584515624999 0.2111526359375 0.2430259703125 0.12251267343750001 0.23529499999999998 0.0711592703125 0.7495882203125 0.16082579375 0.7511584515624999
9 0.23969242968749999 0.669315771875 0.2861224328125 0.2433785671875 0.229179796875 0.241752625 0.18348080312499998 0.6673333859375 0.23969242968749999 0.669315771875