14 0.8069328703703704 0.6434895833333334 0.11935185185185197 0.045902777777777716
9 0.4296412037037037 0.2943923611111111 0.4090162037037036 0.09937500000000003
1 0.4234780092592592 0.45883680555555556 0.321099537037037 0.06736111111111107
12 0.46816550925925926 0.20355902777777776 0.48769675925925926 0.14034722222222218
6 0.35359953703703706 0.5440277777777778 0.17874999999999996 0.050104166666666575
15 0.8098090277777779 0.6793229166666667 0.1099537037037038 0.04392361111111107
5 0.378269675925926 0.5734201388888889 0.21783564814814813 0.05340277777777782
10 0.394699074074074 0.6797916666666667 0.23038194444444446 0.057083333333333285
11 0.3161458333333333 0.6543576388888889 0.07861111111111115 0.03628472222222214
7 0.3078125 0.7250868055555555 0.052025462962962975 0.03354166666666671
2 0.37314236111111115 0.7550173611111111 0.1724768518518518 0.048263888888888926
0 0.3085821759259259 0.6187326388888889 0.07236111111111114 0.0360069444444445
8 0.2940104166666667 0.37390625 0.08959490740740747 0.03989583333333328
16 0.3616493055555556 0.40138888888888885 0.2225462962962963 0.055173611111111145
4 0.3114351851851852 0.4419270833333334 0.11305555555555555 0.04250000000000007
13 0.3015393518518518 0.5127256944444445 0.08175925925925931 0.037986111111111144
3 0.611099537037037 0.4059375 0.019074074074073976 0.022708333333333285