9 0.21413194444444444 0.5234143518518518 0.15180555555555558 0.4332870370370371
14 0.6621180555555556 0.8121990740740742 0.056076388888888926 0.11978009259259252
2 0.6603993055555556 0.34679976851851857 0.07378472222222214 0.19082175925925923
11 0.5495949074074075 0.35358796296296297 0.06976851851851862 0.17347222222222225
16 0.3078819444444444 0.4225231481481481 0.09337962962962969 0.2681944444444445
10 0.5971238425925927 0.40383680555555557 0.0957523148148148 0.28390046296296295
15 0.7008043981481482 0.8063715277777778 0.05763888888888893 0.11986111111111128
12 0.1349074074074074 0.5858912037037036 0.21908564814814815 0.5287152777777777
6 0.44030092592592585 0.3463541666666667 0.06149305555555564 0.1340856481481481
8 0.26328703703703704 0.39122685185185185 0.07650462962962959 0.1831712962962963
7 0.6149189814814815 0.28725694444444444 0.040578703703703665 0.06131944444444439
4 0.33328125000000003 0.3556886574074074 0.0578819444444445 0.12454861111111111
0 0.5095543981481482 0.309994212962963 0.049687499999999926 0.08672453703703704
1 0.3814699074074074 0.4083217592592593 0.08755787037037041 0.24607638888888878
5 0.48369791666666667 0.37053819444444447 0.07739583333333329 0.20035879629629622
3 0.3853009259259259 0.6819097222222222 0.02777777777777777 0.024814814814814845
13 0.40439236111111115 0.3288252314814815 0.05354166666666664 0.10094907407407412