9 0.5163715277777777 0.2703125 0.4298958333333333 0.09395833333333332
2 0.625642361111111 0.7354513888888888 0.18597222222222226 0.04413194444444457
10 0.5865451388888889 0.6640451388888888 0.26416666666666655 0.04916666666666671
8 0.6810937499999999 0.3332118055555556 0.09534722222222207 0.0401041666666667
12 0.47100694444444446 0.18140625 0.5149305555555556 0.14763888888888888
16 0.6175347222222223 0.371875 0.22225694444444438 0.05354166666666664
14 0.1657986111111111 0.6727430555555556 0.11552083333333334 0.03788194444444457
11 0.6329513888888889 0.6238368055555557 0.17184027777777774 0.04194444444444443
1 0.675954861111111 0.4488368055555556 0.09059027777777792 0.03833333333333329
7 0.6899479166666667 0.6976041666666667 0.05756944444444443 0.032187499999999855
15 0.16875 0.7120138888888888 0.11715277777777774 0.03951388888888889
6 0.6768055555555555 0.5177604166666667 0.09059027777777776 0.03833333333333329
0 0.6805729166666666 0.5915104166666667 0.07951388888888893 0.03472222222222214
4 0.6440277777777779 0.40984375 0.15621527777777794 0.04124999999999997
3 0.3305208333333333 0.4186111111111111 0.021354166666666695 0.024340277777777787
5 0.6508159722222222 0.5565277777777778 0.14072916666666657 0.0436805555555555
13 0.6775520833333333 0.48335069444444445 0.09215277777777775 0.038402777777777786