11 0.3289409722222222 0.3173321759259259 0.04597222222222221 0.17062499999999997
9 0.6734548611111111 0.46131365740740743 0.09392361111111107 0.4303125
15 0.20309027777777774 0.7766319444444444 0.044791666666666605 0.1174999999999999
2 0.22121527777777777 0.3126273148148148 0.04947916666666661 0.18783564814814807
14 0.24444444444444446 0.7792824074074074 0.04329861111111111 0.1206134259259258
12 0.7641840277777778 0.5276215277777778 0.14593750000000014 0.5213078703703704
13 0.4789583333333334 0.28250000000000003 0.04107638888888889 0.0909143518518519
5 0.40045138888888887 0.33427083333333335 0.04815972222222218 0.19876157407407397
6 0.43921875000000005 0.3126793981481481 0.043888888888889 0.147175925925926
7 0.2623611111111111 0.2543287037037037 0.03569444444444443 0.05962962962962966
16 0.5749305555555555 0.39416666666666667 0.059965277777777715 0.3082060185185185
10 0.2920138888888889 0.36159722222222224 0.05427083333333336 0.2628587962962962
4 0.5512152777777778 0.3010069444444444 0.041770833333333354 0.12216435185185182
0 0.3705902777777778 0.27153935185185185 0.03934027777777782 0.08309027777777782
8 0.6271006944444444 0.3320428240740741 0.05062499999999996 0.16909722222222215
1 0.5118576388888889 0.3139988425925926 0.045486111111111074 0.14875
3 0.515625 0.6367361111111112 0.03184027777777772 0.026793981481481488