10 0.3984375 0.6234375 0.2578125 0.0390625
5 0.34921875 0.51796875 0.1703125 0.0359375
0 0.30703125 0.55390625 0.078125 0.03125
9 0.46796875 0.23125 0.4203125 0.059375
4 0.3390625 0.37421875 0.1578125 0.03125
2 0.359375 0.69765625 0.1859375 0.0375
6 0.37890625 0.48125 0.2265625 0.0375
14 0.8203125 0.628125 0.1171875 0.0328125
1 0.3796875 0.41015625 0.2328125 0.0390625
16 0.44453125 0.33671875 0.359375 0.034375
12 0.52421875 0.14296875 0.5046875 0.1015625
11 0.34765625 0.58828125 0.1671875 0.034375
8 0.296875 0.2984375 0.0671875 0.0390625
13 0.309375 0.44609375 0.0890625 0.0328125
7 0.29375 0.6625 0.0578125 0.028125
15 0.81796875 0.665625 0.1125 0.03125
3 0.65859375 0.37734375 0.0203125 0.025