14 0.821875 0.62890625 0.1140625 0.03125
9 0.471875 0.234375 0.41875 0.05625
10 0.40078125 0.63125 0.259375 0.0328125
6 0.37421875 0.484375 0.2125 0.0328125
2 0.36328125 0.6984375 0.1828125 0.0328125
11 0.35546875 0.5921875 0.1671875 0.0328125
1 0.37109375 0.41640625 0.2078125 0.0328125
12 0.52265625 0.1453125 0.5171875 0.1
7 0.29765625 0.6671875 0.0546875 0.0296875
5 0.3828125 0.5203125 0.2296875 0.034375
16 0.434375 0.34140625 0.3390625 0.0328125
4 0.32578125 0.378125 0.11875 0.03125
15 0.82265625 0.6671875 0.1140625 0.03125
0 0.309375 0.559375 0.078125 0.03125
8 0.371875 0.30390625 0.2140625 0.034375
13 0.315625 0.45 0.09375 0.0328125
3 0.65546875 0.3796875 0.0171875 0.0296875