16 0.37671875 0.56953125 0.07331018518518517 0.340625
9 0.27114004629629634 0.528125 0.10128472222222218 0.4171875
11 0.6300694444444443 0.665625 0.04759259259259245 0.1703125
10 0.6696180555555555 0.62109375 0.0577430555555555 0.2625
2 0.7392592592592593 0.6625 0.049988425925925915 0.184375
5 0.5617650462962963 0.63359375 0.055891203703703596 0.23125
14 0.6751793981481481 0.20078125 0.041319444444444464 0.1171875
6 0.5213252314814815 0.63671875 0.052025462962962975 0.21875
7 0.7032118055555555 0.7265625 0.03458333333333332 0.05625
8 0.33944444444444444 0.665625 0.05107638888888886 0.15
12 0.17916087962962962 0.47890625 0.1488425925925926 0.5078125
15 0.7129108796296296 0.2046875 0.04104166666666664 0.1125
1 0.45177083333333334 0.58359375 0.068888888888889 0.31875
0 0.5965393518518518 0.70625 0.039282407407407405 0.0828125
4 0.4138541666666667 0.68203125 0.04619212962962962 0.1203125
13 0.4884490740740741 0.7015625 0.04011574074074069 0.096875
3 0.42074074074074075 0.35 0.02473379629629626 0.021875