0 0.325 0.5578125 0.1109375 0.03125
14 0.82265625 0.62734375 0.1109375 0.028125
2 0.3625 0.69921875 0.184375 0.0328125
7 0.29609375 0.66640625 0.0546875 0.0296875
10 0.39765625 0.628125 0.259375 0.0359375
5 0.365625 0.5203125 0.1921875 0.0328125
6 0.37109375 0.48515625 0.209375 0.034375
9 0.4703125 0.23359375 0.421875 0.0578125
12 0.521875 0.14453125 0.509375 0.1015625
11 0.3515625 0.59140625 0.16875 0.034375
15 0.82265625 0.66484375 0.109375 0.03125
1 0.39609375 0.4140625 0.259375 0.0375
8 0.42109375 0.303125 0.315625 0.0390625
4 0.3234375 0.3765625 0.1171875 0.0359375
13 0.31171875 0.4515625 0.09375 0.034375
16 0.42890625 0.33984375 0.334375 0.0359375
3 0.65859375 0.3765625 0.01875 0.021875