14 0.6714814814814816 0.17793402777777775 0.048831018518518475 0.1200925925925926
10 0.6252488425925926 0.5968576388888889 0.07013888888888893 0.2596643518518519
9 0.24670717592592592 0.4884375 0.12362268518518515 0.431412037037037
2 0.6953877314814815 0.6416956018518519 0.060243055555555536 0.18912037037037024
5 0.5198032407407407 0.6007638888888889 0.06806712962962962 0.24243055555555557
11 0.5875289351851851 0.6433275462962963 0.05656250000000007 0.17027777777777775
6 0.48282986111111115 0.5932581018518519 0.06825231481481478 0.24868055555555557
12 0.16121527777777778 0.4268518518518519 0.17791666666666667 0.5251273148148148
1 0.41704282407407406 0.5897337962962963 0.06995370370370377 0.2534143518518519
8 0.31449652777777776 0.5067592592592592 0.0962731481481482 0.40406250000000005
15 0.7099710648148149 0.18383101851851852 0.05030092592592581 0.11701388888888889
7 0.6565914351851851 0.7046180555555555 0.036087962962962905 0.058831018518518616
0 0.5511168981481481 0.6811574074074074 0.04146990740740737 0.08240740740740744
16 0.34924189814814816 0.5182407407407408 0.0926388888888889 0.3867824074074074
4 0.37268518518518523 0.6496932870370371 0.048831018518518475 0.1200925925925926
13 0.4421064814814815 0.6703125 0.04487268518518519 0.09187499999999993
3 0.40735532407407404 0.3155613425925926 0.030381944444444465 0.02431712962962962