0 0.650625 0.7028472222222222 0.03649305555555564 0.07579861111111122
9 0.3215451388888889 0.5812326388888889 0.10457175925925925 0.40850694444444446
14 0.6670833333333334 0.18208333333333332 0.04774305555555554 0.11822916666666669
5 0.6073032407407407 0.6561458333333333 0.0544791666666665 0.18399305555555562
6 0.5777719907407407 0.6778993055555556 0.04950231481481478 0.14482638888888885
8 0.39905092592592595 0.7068749999999999 0.04789351851851853 0.13854166666666679
4 0.47082754629629625 0.6919965277777778 0.047986111111111104 0.1510416666666668
1 0.49692129629629633 0.628125 0.06611111111111115 0.27798611111111116
11 0.6849247685185185 0.6919270833333334 0.038124999999999964 0.08520833333333329
13 0.5452256944444445 0.7145659722222222 0.041284722222222216 0.08996527777777778
16 0.4305902777777778 0.6397569444444444 0.06606481481481481 0.271736111111111
12 0.23300925925925928 0.5488194444444444 0.15054398148148146 0.498576388888889
7 0.756076388888889 0.6981597222222222 0.036354166666666646 0.057048611111111217
15 0.7022164351851852 0.17817708333333332 0.04615740740740737 0.11506944444444445
2 0.7868171296296296 0.6287152777777777 0.05601851851851869 0.18090277777777786
10 0.7043460648148148 0.5711631944444444 0.07273148148148145 0.328125
3 0.43265624999999996 0.3912326388888889 0.02673611111111107 0.024027777777777804