2 0.31953125 0.75859375 0.175 0.028125
14 0.784375 0.7015625 0.1171875 0.03125
1 0.4 0.471875 0.3390625 0.03125
8 0.36171875 0.36484375 0.2515625 0.03125
9 0.43671875 0.30546875 0.4046875 0.05
13 0.27734375 0.509375 0.084375 0.0296875
3 0.6171875 0.4375 0.025 0.0328125
12 0.48671875 0.221875 0.49375 0.084375
10 0.35859375 0.684375 0.2421875 0.03125
6 0.33203125 0.54609375 0.2 0.0296875
16 0.3921875 0.40390625 0.325 0.03125
0 0.27109375 0.61640625 0.071875 0.028125
5 0.32265625 0.578125 0.1796875 0.0296875
4 0.3078125 0.4390625 0.146875 0.0296875
15 0.78359375 0.73671875 0.115625 0.03125
7 0.2578125 0.7203125 0.0484375 0.028125
11 0.31640625 0.65078125 0.159375 0.028125