10 0.6336111111111111 0.4099131944444444 0.05138888888888893 0.25878472222222226
5 0.5259722222222223 0.3606770833333333 0.0441087962962964 0.17118055555555553
0 0.559855324074074 0.3184895833333333 0.03512731481481488 0.07885416666666671
9 0.24447337962962962 0.47777777777777775 0.0796875 0.4233680555555555
4 0.38120949074074073 0.34965277777777776 0.03905092592592592 0.15857638888888897
2 0.7058680555555557 0.37170138888888893 0.04613425925925938 0.18684027777777779
6 0.4901331018518518 0.3895486111111111 0.04890046296296298 0.22749999999999995
14 0.6578298611111111 0.8320486111111112 0.03784722222222214 0.11795138888888915
1 0.4191087962962963 0.39031249999999995 0.05064814814814813 0.23378472222222219
16 0.34920138888888885 0.45512152777777776 0.051273148148148096 0.3602777777777778
12 0.1594675925925926 0.5336631944444444 0.12593749999999998 0.5087152777777778
11 0.5961921296296296 0.35911458333333335 0.042453703703703737 0.16802083333333337
8 0.304224537037037 0.30734374999999997 0.042615740740740725 0.06809027777777779
13 0.45215856481481487 0.32 0.03701388888888886 0.08982638888888897
7 0.6672048611111111 0.3052604166666667 0.03140046296296291 0.05847222222222222
15 0.6952372685185185 0.8297569444444445 0.03614583333333332 0.11322916666666671
3 0.4000520833333333 0.6693923611111112 0.025601851851851976 0.020868055555555643