9 0.24651041666666665 0.40122685185185186 0.18138888888888882 0.4364351851851852
5 0.5444791666666667 0.3889525462962963 0.09253472222222214 0.23701388888888886
8 0.33369791666666665 0.31939814814814815 0.09853009259259257 0.2200115740740741
2 0.7231076388888888 0.41300347222222217 0.07775462962962969 0.18815972222222221
11 0.6196759259259259 0.3778935185185185 0.07598379629629619 0.1740509259259259
6 0.5152777777777777 0.35526041666666663 0.08097222222222218 0.19450231481481478
12 0.1499537037037037 0.4296296296296296 0.24527777777777776 0.532037037037037
16 0.3568518518518518 0.39199074074074075 0.12547453703703706 0.3520023148148148
10 0.648611111111111 0.4295543981481481 0.09915509259259245 0.26219907407407417
1 0.445931712962963 0.3407002314814815 0.0841666666666665 0.19928240740740746
7 0.7054456018518518 0.33901041666666665 0.04309027777777778 0.06218750000000002
4 0.41768518518518516 0.2953125 0.06430555555555557 0.12372685185185181
15 0.5985879629629629 0.8516956018518519 0.061111111111111074 0.11894675925925924
0 0.599392361111111 0.32258101851851856 0.05122685185185176 0.08429398148148141
14 0.5596180555555555 0.8442881944444445 0.05957175925925924 0.12046296296296291
13 0.492650462962963 0.2998784722222222 0.05453703703703709 0.09688657407407408
3 0.3480034722222222 0.6199537037037037 0.03322916666666664 0.029097222222222285