0 0.32421875 0.559375 0.1109375 0.03125
5 0.365625 0.521875 0.1921875 0.034375
9 0.4703125 0.234375 0.421875 0.05625
10 0.39921875 0.6296875 0.259375 0.0375
7 0.3 0.66640625 0.0546875 0.0296875
11 0.353125 0.59453125 0.16875 0.03125
14 0.8234375 0.62734375 0.1125 0.028125
6 0.3703125 0.48515625 0.209375 0.0328125
12 0.515625 0.1421875 0.50625 0.1015625
1 0.34296875 0.41484375 0.15 0.0390625
2 0.36640625 0.7015625 0.184375 0.0328125
15 0.82265625 0.6640625 0.1078125 0.03125
16 0.39609375 0.34140625 0.2734375 0.0390625
4 0.34375 0.37734375 0.153125 0.0328125
3 0.6578125 0.378125 0.0203125 0.028125
8 0.3609375 0.303125 0.2 0.0375
13 0.31171875 0.4515625 0.09375 0.0328125