9 0.7582407407407408 0.47517361111111106 0.16876157407407427 0.42466435185185175
16 0.6732696759259259 0.5550173611111111 0.11793981481481489 0.31335648148148143
2 0.34324074074074074 0.7041435185185185 0.08106481481481484 0.1865277777777777
12 0.8322511574074074 0.39837384259259256 0.23195601851851855 0.5188773148148148
14 0.2763136574074074 0.24659143518518517 0.060243055555555536 0.11762731481481481
6 0.5484375 0.6369097222222222 0.08905092592592592 0.21002314814814813
5 0.515474537037037 0.6569791666666667 0.08112268518518526 0.1943402777777777
10 0.3975752314814815 0.646730324074074 0.1035763888888889 0.2726273148148149
11 0.4496354166666666 0.6853993055555556 0.0746990740740742 0.1708564814814814
0 0.49468750000000006 0.7208912037037036 0.05061342592592588 0.08318287037037031
13 0.5980613425925926 0.6880613425925926 0.05696759259259245 0.09729166666666664
15 0.2402951388888889 0.2572627314814815 0.06179398148148145 0.1160763888888889
1 0.6088020833333333 0.6092303240740741 0.09392361111111107 0.23505787037037038
7 0.3943981481481481 0.759212962962963 0.04106481481481481 0.05967592592592581
8 0.7427951388888889 0.6617881944444445 0.04893518518518505 0.06754629629629641
4 0.6631539351851852 0.6549479166666667 0.061840277777777786 0.12232638888888889
3 0.5686516203703704 0.33391782407407405 0.033032407407407406 0.02993055555555557