14 0.265625 0.2347511574074074 0.0421875 0.11749999999999998
15 0.23046875 0.2365740740740741 0.040625 0.1128009259259259
10 0.28515625 0.6572627314814815 0.05625 0.2504166666666666
11 0.328125 0.6952256944444445 0.0484375 0.1659837962962964
6 0.43203125 0.6710185185185186 0.0515625 0.19881944444444458
9 0.6953125 0.536255787037037 0.09375 0.40694444444444444
12 0.7703125 0.47476273148148157 0.1390625 0.4900925925925925
5 0.39765625 0.6806481481481482 0.0484375 0.1816087962962964
2 0.221875 0.6999189814814815 0.046875 0.17534722222222215
4 0.575 0.6801157407407408 0.0453125 0.15189814814814823
0 0.36640625 0.7379108796296296 0.0359375 0.07839120370370374
8 0.64453125 0.6796006944444445 0.0453125 0.13783564814814825
7 0.26328125 0.7597685185185185 0.0328125 0.05493055555555557
16 0.60546875 0.6306712962962963 0.0578125 0.24105324074074072
13 0.47109375 0.7222916666666667 0.0375 0.08777777777777765
3 0.54453125 0.37252893518518515 0.034375 0.026817129629629656
1 0.50390625 0.681423611111111 0.0453125 0.15658564814814824
16 0.52890625 0.554675925925926 0.071875 0.4083449074074075