11 0.24756944444444445 0.62703125 0.07818287037037042 0.15241898148148145
14 0.36171875 0.14657407407407408 0.06649305555555554 0.12061342592592594
5 0.32329282407407406 0.6233217592592593 0.09201388888888892 0.1921296296296296
6 0.35671296296296295 0.6236747685185184 0.0958333333333333 0.20168981481481474
4 0.45066550925925924 0.6678877314814814 0.08009259259259256 0.15719907407407413
0 0.27089120370370373 0.6692071759259258 0.05254629629629637 0.07934027777777786
9 0.6198784722222223 0.5676331018518519 0.18634259259259256 0.41550925925925936
15 0.32881944444444444 0.13918981481481482 0.06637731481481488 0.1190509259259259
2 0.1530960648148148 0.589849537037037 0.08807870370370371 0.18100694444444443
10 0.24525462962962963 0.5322743055555555 0.13790509259259257 0.3286342592592593
1 0.4344618055555555 0.6136226851851851 0.10989583333333339 0.24452546296296304
12 0.7155381944444444 0.5362962962962963 0.2471643518518519 0.5015625
16 0.492650462962963 0.6366203703703703 0.10642361111111107 0.23965277777777771
8 0.5197916666666667 0.6692361111111111 0.08987268518518512 0.1842245370370371
7 0.16736111111111113 0.6597858796296296 0.04490740740740744 0.06021990740740755
13 0.37251157407407404 0.6834085648148148 0.05827546296296297 0.0936805555555555
3 0.55 0.3664293981481482 0.031886574074074046 0.03144675925925924