5 0.488917824074074 0.34411458333333333 0.08379629629629619 0.19701388888888882
10 0.37754629629629627 0.35597222222222225 0.1033564814814815 0.2614583333333333
1 0.5906828703703704 0.38954861111111116 0.09803240740740726 0.24416666666666664
14 0.33220486111111114 0.7784201388888888 0.05896990740740744 0.11684027777777786
11 0.41993634259259255 0.31828124999999996 0.07829861111111107 0.17503472222222224
6 0.522193287037037 0.3558854166666666 0.090625 0.21277777777777782
9 0.7837094907407407 0.5134895833333333 0.16730324074074066 0.42836805555555557
2 0.3133101851851852 0.31048611111111113 0.08506944444444446 0.18923611111111108
12 0.8621527777777779 0.5836805555555555 0.23483796296296297 0.5235416666666666
7 0.3596354166666667 0.2523784722222222 0.04768518518518512 0.06506944444444444
0 0.45931712962962956 0.3048958333333333 0.06417824074074083 0.13100694444444444
15 0.2943865740740741 0.7706597222222222 0.062152777777777765 0.11847222222222217
13 0.567332175925926 0.30796875 0.056770833333333215 0.09961805555555561
16 0.658130787037037 0.4373090277777778 0.11788194444444447 0.31642361111111106
4 0.6361979166666666 0.3517881944444444 0.07158564814814809 0.16239583333333324
8 0.7083333333333334 0.3572222222222222 0.06759259259259273 0.13888888888888892
9 0.7268229166666667 0.45532986111111107 0.12303240740740744 0.3290277777777778
3 0.5750868055555556 0.6651215277777778 0.025925925925925953 0.025555555555555644