9 0.3274074074074074 0.5702083333333333 0.09974537037037035 0.40885416666666663
11 0.6874131944444445 0.6495833333333334 0.045925925925925884 0.14881944444444456
12 0.23705439814814816 0.5398263888888889 0.1448611111111111 0.5029861111111111
0 0.6559722222222222 0.6908506944444445 0.03704861111111128 0.07659722222222225
14 0.6747916666666667 0.16701388888888888 0.045509259259259235 0.12069444444444448
5 0.6161805555555555 0.6433680555555557 0.05112268518518519 0.18340277777777772
10 0.7138541666666667 0.5874305555555555 0.0616087962962963 0.2588194444444444
2 0.7924537037037037 0.6159895833333333 0.05261574074074069 0.17878472222222222
4 0.4759953703703704 0.6793055555555555 0.047534722222222214 0.1520138888888889
1 0.49785879629629626 0.5720138888888889 0.08188657407407404 0.3627777777777778
15 0.7090856481481481 0.16001736111111112 0.04380787037037024 0.11125000000000003
8 0.4067997685185185 0.7050520833333334 0.04714120370370374 0.1254513888888889
6 0.578599537037037 0.6395659722222222 0.054502314814814844 0.2007291666666667
7 0.7653703703703704 0.6875520833333333 0.035208333333333286 0.05777777777777793
16 0.43137731481481484 0.62265625 0.07137731481481477 0.28579861111111116
13 0.5498148148148149 0.7018229166666666 0.03879629629629626 0.08916666666666657
3 0.4387037037037037 0.3784201388888889 0.025254629629629655 0.018298611111111106