6 0.5276157407407407 0.6831134259259259 0.04212962962962976 0.1027662037037036
1 0.5941261574074075 0.6780497685185185 0.04686342592592592 0.10603009259259259
9 0.7599189814814815 0.5133564814814815 0.10457175925925917 0.4169791666666667
8 0.7063194444444444 0.6493287037037037 0.056932870370370384 0.15318287037037043
10 0.37374999999999997 0.6230613425925926 0.061400462962962976 0.24390046296296292
0 0.4531539351851851 0.6973206018518519 0.038703703703703594 0.08236111111111111
12 0.8452546296296296 0.45101273148148147 0.1624189814814816 0.5264583333333333
14 0.3378819444444444 0.1952488425925926 0.040752314814814825 0.11521990740740744
2 0.3083854166666667 0.6562962962962964 0.05270833333333336 0.1842939814814816
15 0.2995775462962963 0.1956770833333333 0.04387731481481474 0.11531250000000001
16 0.6638715277777777 0.6128993055555556 0.059699074074073974 0.23447916666666657
11 0.41956018518518523 0.6963252314814815 0.04192129629629626 0.08870370370370377
4 0.6317650462962963 0.6697858796296297 0.047094907407407405 0.12165509259259259
13 0.5611631944444444 0.6872337962962962 0.043622685185185264 0.09812499999999993
7 0.34813078703703704 0.7168749999999999 0.035231481481481454 0.058831018518518616
5 0.4887152777777778 0.6710185185185186 0.04884259259259256 0.13420138888888894
3 0.6015162037037036 0.33749421296296295 0.03784722222222214 0.024548611111111108