10 0.6529340277777778 0.5738541666666667 0.2658333333333333 0.0905555555555555
9 0.5137326388888889 0.1912326388888889 0.4409375000000001 0.13833333333333336
14 0.2341666666666667 0.6511516203703704 0.1223958333333333 0.05400462962962962
2 0.7036111111111112 0.6389988425925927 0.19163194444444437 0.06901620370370373
8 0.6713888888888888 0.23123842592592592 0.13048611111111122 0.060717592592592594
6 0.6525520833333334 0.42426504629629636 0.22614583333333335 0.07417824074074061
1 0.6401215277777779 0.35607060185185185 0.23090277777777785 0.07601851851851853
16 0.5644097222222222 0.2916261574074074 0.35972222222222217 0.09923611111111112
12 0.4482291666666667 0.10973379629629632 0.53875 0.20023148148148148
3 0.3549305555555556 0.3721875 0.03121527777777775 0.03613425925925924
15 0.2390625 0.6908101851851851 0.1177777777777778 0.05528935185185198
0 0.7329166666666667 0.4876504629629629 0.09100694444444439 0.04902777777777771
11 0.6933506944444444 0.5315104166666667 0.17593749999999986 0.06652777777777778
5 0.687673611111111 0.4566493055555556 0.16954861111111122 0.06303240740740748
4 0.6678993055555555 0.3113425925925926 0.16798611111111122 0.06293981481481481
7 0.7619618055555556 0.5948090277777778 0.06260416666666657 0.04111111111111114
13 0.7139930555555555 0.3791087962962963 0.09569444444444457 0.04930555555555553