14 0.25078125 0.6705555555555556 0.18125 0.05479166666666657
9 0.5949479166666667 0.28541666666666665 0.4101041666666667 0.09923611111111112
1 0.625 0.4541145833333333 0.3116666666666667 0.0714930555555556
5 0.651875 0.5634027777777778 0.25645833333333334 0.06125000000000007
11 0.7352083333333332 0.6380555555555556 0.08187500000000014 0.036354166666666646
12 0.54640625 0.20373263888888887 0.5365624999999999 0.15003472222222225
4 0.7083854166666667 0.42376736111111113 0.1447916666666668 0.0453819444444445
2 0.6913020833333333 0.7434375 0.1729166666666666 0.04663194444444443
0 0.74140625 0.601736111111111 0.07249999999999997 0.0359375
16 0.6299479166666667 0.3872916666666667 0.3080208333333333 0.06354166666666661
6 0.6747395833333334 0.5302604166666667 0.21083333333333343 0.054548611111111
7 0.7516145833333333 0.7078472222222223 0.05208333333333322 0.033472222222222216
8 0.7351041666666667 0.35440972222222217 0.08708333333333336 0.04437499999999996
10 0.6196875000000001 0.6682638888888889 0.32229166666666664 0.06729166666666657
15 0.24874999999999997 0.7458680555555556 0.1119791666666666 0.04392361111111107
13 0.73671875 0.4961631944444445 0.08520833333333329 0.03961805555555564
3 0.4223958333333334 0.41218750000000004 0.021770833333333427 0.022777777777777786