9 0.6748321759259259 0.4288773148148148 0.14450231481481488 0.4135648148148148
10 0.27590856481481485 0.35671875000000003 0.1069907407407408 0.3209953703703704
2 0.22321180555555556 0.27650462962962963 0.06672453703703703 0.1753009259259259
7 0.2697164351851852 0.220787037037037 0.038854166666666676 0.058379629629629635
12 0.745150462962963 0.4846817129629629 0.1943518518518518 0.5037500000000001
4 0.5729918981481481 0.2900462962962963 0.054594907407407335 0.12162037037037035
14 0.21468171296296293 0.7264062499999999 0.056076388888888926 0.12015046296296283
8 0.6254050925925926 0.3757291666666667 0.09707175925925923 0.2799074074074074
6 0.42858217592592596 0.2962673611111111 0.07108796296296287 0.16932870370370373
15 0.17972800925925927 0.7245833333333334 0.054189814814814816 0.11380787037037035
1 0.49721064814814814 0.29453703703703704 0.062141203703703775 0.14699074074074076
16 0.5983622685185186 0.34150462962962963 0.08461805555555557 0.21997685185185195
5 0.3901909722222222 0.3156770833333334 0.07508101851851859 0.2162962962962963
0 0.3682696759259259 0.2577835648148148 0.058634259259259205 0.10939814814814816
13 0.47333333333333333 0.2593460648148148 0.0468055555555555 0.09156250000000003
11 0.3347048611111111 0.24419560185185185 0.05125000000000002 0.08715277777777777
4 0.535005787037037 0.3016435185185185 0.0674768518518519 0.15976851851851848
3 0.47547453703703707 0.5785474537037036 0.019479166666666714 0.015173611111111106