14 0.8203125 0.628125 0.1171875 0.0328125
10 0.40546875 0.61875 0.271875 0.0328125
2 0.3625 0.6953125 0.1859375 0.0328125
11 0.35234375 0.584375 0.1703125 0.0328125
1 0.36875 0.409375 0.209375 0.0328125
6 0.3671875 0.4765625 0.2078125 0.03125
9 0.4703125 0.2296875 0.4203125 0.059375
8 0.34375 0.29921875 0.1671875 0.0328125
5 0.378125 0.51484375 0.234375 0.03125
4 0.33984375 0.37109375 0.159375 0.0328125
12 0.52265625 0.13828125 0.5125 0.109375
16 0.4359375 0.334375 0.340625 0.0328125
15 0.81796875 0.66640625 0.115625 0.034375
0 0.30703125 0.5515625 0.0796875 0.03125
7 0.29375 0.65859375 0.05625 0.0296875
3 0.65703125 0.37734375 0.021875 0.0234375
13 0.31171875 0.44375 0.09375 0.0328125