9 0.465625 0.24296875 0.4234375 0.0578125
14 0.80703125 0.6515625 0.1140625 0.03125
2 0.3453125 0.70625 0.184375 0.0328125
11 0.33828125 0.59609375 0.1671875 0.0328125
16 0.37734375 0.34765625 0.2625 0.034375
10 0.39375 0.63671875 0.278125 0.0328125
15 0.80546875 0.690625 0.1125 0.0328125
12 0.51796875 0.15625 0.5078125 0.10625
6 0.31796875 0.48828125 0.128125 0.0328125
8 0.340625 0.3078125 0.1765625 0.0375
7 0.28046875 0.66875 0.0546875 0.028125
4 0.3140625 0.38125 0.11875 0.03125
0 0.290625 0.56171875 0.0796875 0.03125
1 0.371875 0.42265625 0.240625 0.034375
5 0.346875 0.52890625 0.19375 0.034375
3 0.64375 0.39296875 0.0203125 0.0234375
13 0.29609375 0.4546875 0.09375 0.0328125