4 0.5431134259259259 0.3042824074074074 0.038541666666666786 0.15517361111111114
6 0.43602430555555555 0.32851273148148147 0.041724537037037025 0.19894675925925923
11 0.33043981481481477 0.3121180555555555 0.04033564814814809 0.1614467592592593
10 0.29453125 0.3540335648148148 0.04496527777777777 0.2442824074074074
5 0.40043402777777776 0.3196701388888889 0.03964120370370363 0.18486111111111114
14 0.25833333333333336 0.7832407407407407 0.03715277777777777 0.11767361111111115
9 0.6693287037037037 0.43827546296296294 0.07615740740740744 0.41184027777777776
8 0.6174189814814814 0.30083912037037036 0.039409722222222145 0.13644675925925923
2 0.22482638888888892 0.3175868055555555 0.04068287037037042 0.1708217592592593
0 0.36964699074074076 0.26546875000000003 0.03240740740740744 0.07387731481481481
15 0.22239583333333335 0.7837731481481482 0.03715277777777777 0.11767361111111115
7 0.26545138888888886 0.25373842592592594 0.031597222222222235 0.05200231481481481
16 0.5722800925925926 0.36006944444444444 0.04560185185185191 0.2614699074074074
12 0.751880787037037 0.48624421296296294 0.1166087962962962 0.49208333333333343
13 0.47488425925925926 0.27015625 0.032754629629629585 0.0832523148148148
1 0.5057291666666666 0.4071238425925926 0.05075231481481488 0.3583680555555556
3 0.5270833333333333 0.6106018518518519 0.019502314814814882 0.020590277777777822