0 0.31484375 0.54453125 0.0796875 0.03125
10 0.4015625 0.61484375 0.25625 0.0328125
12 0.5328125 0.13828125 0.5203125 0.1296875
11 0.35625 0.57890625 0.16875 0.0328125
5 0.33828125 0.5078125 0.128125 0.0328125
7 0.3015625 0.6515625 0.0546875 0.028125
15 0.8234375 0.67734375 0.1109375 0.034375
2 0.3671875 0.68671875 0.184375 0.0359375
8 0.37578125 0.28828125 0.1953125 0.0390625
6 0.33125 0.47265625 0.115625 0.0328125
16 0.384375 0.3265625 0.2203125 0.0359375
4 0.334375 0.3640625 0.1171875 0.0328125
14 0.82265625 0.64296875 0.1140625 0.03125
13 0.31875 0.4359375 0.0921875 0.034375
1 0.33203125 0.39609375 0.11875 0.03125
3 0.66484375 0.38203125 0.0171875 0.0265625
9 0.6938734 0.211178871875 0.2783999546875 0.1819749703125 0.2784360625 0.24512642499999998 0.6938734 0.2676552296875 0.6938734 0.211178871875