14 0.19351851851851853 0.593287037037037 0.12193287037037037 0.049988425925925915
10 0.61328125 0.6633969907407408 0.26336805555555554 0.07915509259259253
9 0.572019675925926 0.2651446759259259 0.4271412037037036 0.12195601851851859
5 0.6611111111111111 0.5652893518518518 0.19739583333333321 0.06637731481481488
2 0.6465856481481481 0.7415393518518518 0.19097222222222215 0.06136574074074073
15 0.1894675925925926 0.6312847222222222 0.1171875 0.04818287037037035
8 0.6498553240740741 0.3455960648148148 0.2539351851851851 0.07710648148148147
4 0.6910590277777777 0.42648726851851854 0.16435185185185192 0.05842592592592588
0 0.7095775462962963 0.6106886574074075 0.08425925925925917 0.043356481481481524
12 0.5311631944444445 0.1725752314814815 0.5226851851851851 0.17525462962962962
6 0.6935185185185185 0.5349999999999999 0.1283564814814815 0.05500000000000007
16 0.6480613425925925 0.3813715277777778 0.2617476851851851 0.07751157407407412
11 0.662962962962963 0.6363425925925925 0.1721064814814815 0.05726851851851862
13 0.7164930555555555 0.502662037037037 0.096875 0.04712962962962965
7 0.7151909722222223 0.7201446759259259 0.062268518518518515 0.039097222222222075
1 0.6233796296296296 0.45182870370370376 0.28686342592592595 0.08193287037037038
3 0.37876157407407407 0.37364583333333334 0.024537037037037024 0.03090277777777777