4 0.5216319444444444 0.3016550925925926 0.0628819444444444 0.1582523148148148
6 0.4226041666666667 0.3461458333333333 0.07319444444444442 0.20050925925925922
11 0.3156944444444444 0.3524074074074074 0.0645833333333334 0.1645138888888889
10 0.2917361111111111 0.3994675925925926 0.08201388888888887 0.24587962962962956
5 0.3858506944444445 0.34485532407407404 0.06819444444444436 0.18641203703703707
14 0.3699131944444444 0.8231770833333334 0.055798611111111104 0.12070601851851848
9 0.6802256944444445 0.40596643518518516 0.13885416666666667 0.4134606481481482
8 0.593107638888889 0.28315393518518517 0.05934027777777775 0.13947916666666665
2 0.21390625000000002 0.3781655092592593 0.06635416666666663 0.17390046296296297
0 0.34185763888888887 0.29907986111111107 0.04392361111111107 0.07843750000000008
15 0.33493055555555556 0.83125 0.055798611111111104 0.12070601851851848
7 0.2365798611111111 0.3084548611111111 0.03874999999999993 0.05652777777777782
16 0.5648958333333333 0.3497800925925926 0.08552083333333335 0.2630902777777777
12 0.7738715277777779 0.4357465277777778 0.19385416666666658 0.49822916666666667
13 0.4453993055555555 0.2819039351851852 0.04565972222222214 0.08626157407407406
1 0.5122916666666667 0.40877314814814814 0.106388888888889 0.3585416666666667
3 0.587673611111111 0.6012152777777777 0.022395833333333216 0.02359953703703699