14 0.78984375 0.70546875 0.1171875 0.034375
6 0.3359375 0.55234375 0.1984375 0.0328125
4 0.31015625 0.44609375 0.15 0.03125
16 0.39921875 0.41484375 0.3265625 0.0328125
9 0.43984375 0.3125 0.4046875 0.0546875
13 0.27890625 0.51640625 0.0875 0.0296875
11 0.31953125 0.659375 0.1609375 0.03125
0 0.2734375 0.62265625 0.075 0.0296875
10 0.36171875 0.69296875 0.24375 0.03125
1 0.371875 0.47890625 0.26875 0.0328125
15 0.78984375 0.74140625 0.1171875 0.03125
5 0.315625 0.5890625 0.1625 0.03125
12 0.49140625 0.23125 0.4953125 0.090625
2 0.32890625 0.765625 0.1734375 0.03125
7 0.2625 0.728125 0.0515625 0.0296875
8 0.3109375 0.371875 0.1453125 0.03125
3 0.61640625 0.4484375 0.0203125 0.0203125