10 0.6122222222222222 0.6319328703703704 0.2617476851851851 0.062418981481481596
5 0.6371875 0.5249074074074074 0.20225694444444448 0.05284722222222218
9 0.5057349537037037 0.24379050925925924 0.42331018518518526 0.109375
11 0.6569444444444444 0.5934317129629629 0.17096064814814813 0.04879629629629641
6 0.6296006944444444 0.4871990740740741 0.21163194444444447 0.053125
7 0.718912037037037 0.6647685185185186 0.05827546296296297 0.0329629629629629
15 0.20015624999999998 0.7017187500000001 0.11310185185185188 0.04395833333333332
12 0.4389409722222222 0.16293981481481482 0.5177314814814815 0.15746527777777777
2 0.656255787037037 0.7050810185185185 0.1866087962962963 0.05082175925925938
8 0.5418287037037037 0.3081134259259259 0.3557986111111111 0.08550925925925927
0 0.697818287037037 0.5587210648148148 0.08021990740740748 0.038298611111111214
14 0.1957523148148148 0.6680092592592592 0.11464120370370372 0.042442129629629476
16 0.5619270833333333 0.3469733796296296 0.32898148148148143 0.06753472222222223
1 0.6551099537037037 0.41689236111111116 0.14283564814814814 0.04796296296296294
4 0.663136574074074 0.37886574074074075 0.11935185185185197 0.04414351851851857
13 0.6813773148148148 0.4504687499999999 0.09586805555555564 0.04032407407407419
3 0.33473958333333337 0.4034953703703704 0.020729166666666642 0.0287268518518518