14 0.3554398148148148 0.8147280092592594 0.037696759259259235 0.12087962962962955
8 0.7017997685185184 0.3950231481481481 0.048113425925926025 0.1917476851851852
9 0.7682523148148148 0.5013946759259259 0.08922453703703717 0.4377199074074074
11 0.4034953703703704 0.31557291666666665 0.038842592592592595 0.09284722222222222
16 0.6650694444444445 0.3936284722222222 0.04815972222222218 0.1948726851851852
1 0.5871527777777779 0.37493634259259256 0.04629629629629619 0.17446759259259262
12 0.8524131944444445 0.5736284722222222 0.13930555555555557 0.5515277777777777
10 0.3601157407407407 0.3935416666666667 0.05062499999999996 0.2559027777777777
6 0.5161053240740741 0.3675983796296296 0.04468750000000003 0.17125000000000004
4 0.6288831018518518 0.35551504629629627 0.040868055555555574 0.1241898148148148
5 0.47884837962962956 0.3489699074074074 0.04268518518518505 0.14146990740740736
0 0.44097222222222215 0.3193576388888889 0.04031249999999993 0.08668981481481479
15 0.3234780092592593 0.8081423611111112 0.03611111111111107 0.11922453703703688
7 0.32953124999999994 0.29398726851851853 0.035231481481481454 0.05984953703703706
2 0.29385416666666664 0.3270601851851852 0.04098379629629632 0.13200231481481478
3 0.6075231481481481 0.6889178240740741 0.026886574074073976 0.023449074074074084
13 0.555 0.3284606481481481 0.03874999999999993 0.08659722222222221