9 0.48359375 0.23515625 0.4203125 0.0609375
6 0.33828125 0.484375 0.1296875 0.0328125
10 0.40546875 0.63203125 0.2609375 0.03125
12 0.52890625 0.1484375 0.5046875 0.109375
11 0.36015625 0.5921875 0.16875 0.0328125
2 0.36796875 0.69921875 0.1828125 0.0328125
7 0.30546875 0.66484375 0.0546875 0.028125
16 0.43359375 0.3421875 0.31875 0.0328125
1 0.33515625 0.4140625 0.1234375 0.0328125
14 0.8265625 0.6359375 0.1125 0.028125
8 0.39453125 0.3046875 0.2359375 0.0375
0 0.315625 0.55859375 0.078125 0.03125
5 0.36953125 0.52421875 0.190625 0.0328125
15 0.82734375 0.67265625 0.109375 0.0296875
4 0.33359375 0.378125 0.1203125 0.03125
13 0.31953125 0.45078125 0.0921875 0.0328125
3 0.665625 0.384375 0.025 0.03125