6 0.6006655092592592 0.6332175925925926 0.10271990740740744 0.25070601851851854
5 0.64515625 0.6585416666666667 0.07885416666666671 0.18335648148148137
14 0.6309895833333334 0.18041666666666667 0.06454861111111114 0.12232638888888889
0 0.6933043981481481 0.7018576388888889 0.049143518518518545 0.07690972222222214
11 0.7265046296296296 0.6888252314814816 0.049374999999999857 0.08472222222222214
9 0.3454224537037037 0.6125810185185185 0.16520833333333335 0.4089467592592593
1 0.5292534722222222 0.6483101851851851 0.10271990740740744 0.25070601851851854
12 0.25318287037037035 0.5837789351851852 0.2196412037037037 0.5062037037037037
16 0.4467534722222222 0.6055208333333333 0.13445601851851857 0.3727893518518517
10 0.7441840277777778 0.6264699074074074 0.08561342592592602 0.20059027777777771
8 0.45296875 0.7625636574074074 0.05075231481481488 0.0784837962962964
15 0.6666261574074074 0.17052662037037036 0.06137731481481481 0.12074074074074073
2 0.8156886574074074 0.6145023148148148 0.07871527777777772 0.17866898148148155
4 0.518287037037037 0.7263368055555556 0.058067129629629656 0.11446759259259257
7 0.7967476851851851 0.6870023148148148 0.04068287037037042 0.0549768518518519
13 0.58921875 0.721394675925926 0.05268518518518519 0.09099537037037031
3 0.4260300925925925 0.40697337962962965 0.02886574074074062 0.025208333333333322