6 0.5590451388888888 0.642193287037037 0.08510416666666672 0.24788194444444453
5 0.5952083333333333 0.633900462962963 0.08680555555555554 0.2542129629629629
11 0.6789409722222223 0.7023784722222223 0.04892361111111114 0.09461805555555554
9 0.31175347222222227 0.612945601851852 0.13725694444444442 0.4175810185185185
4 0.46244791666666674 0.6950636574074075 0.06625000000000014 0.17199074074074083
14 0.6343402777777778 0.21043981481481483 0.05267361111111111 0.12290509259259261
7 0.75 0.7076273148148149 0.04357638888888893 0.06468750000000015
8 0.3931597222222222 0.7157175925925926 0.06402777777777775 0.14222222222222225
0 0.6420312499999999 0.7090682870370371 0.04885416666666664 0.09149305555555554
12 0.22029513888888888 0.5753530092592593 0.19232638888888892 0.5078356481481482
2 0.7752604166666666 0.6268113425925926 0.07489583333333343 0.2098958333333334
1 0.49769097222222225 0.6929803240740741 0.06923611111111114 0.16590277777777782
10 0.6907291666666666 0.5590740740740741 0.11114583333333332 0.3662847222222222
15 0.6633506944444445 0.2072511574074074 0.04944444444444436 0.11805555555555554
16 0.41064236111111113 0.5977372685185185 0.11604166666666664 0.3759027777777778
13 0.5385590277777779 0.7193460648148149 0.049097222222222216 0.10243055555555554
3 0.41538194444444443 0.41965277777777776 0.02711805555555564 0.026377314814814846