10 0.756568287037037 0.673900462962963 0.06313657407407405 0.20023148148148148
14 0.6928240740740741 0.22355324074074073 0.05254629629629619 0.12037037037037042
11 0.7291087962962963 0.7344328703703704 0.04039351851851851 0.0825231481481481
1 0.5465277777777777 0.7097511574074075 0.05451388888888893 0.14693287037037023
2 0.8274016203703705 0.6835358796296296 0.05827546296296297 0.17667824074074084
9 0.3606770833333333 0.5883391203703704 0.11770833333333339 0.41105324074074084
4 0.5179108796296296 0.7336226851851851 0.047280092592592735 0.11238425925925917
16 0.47476851851851853 0.6665798611111111 0.07094907407407405 0.24259259259259275
8 0.4500289351851852 0.7427951388888889 0.046238425925925954 0.09832175925925916
12 0.2733506944444445 0.5453703703703704 0.1681712962962963 0.5032986111111111
13 0.5893518518518519 0.740943287037037 0.042303240740740836 0.08726851851851851
7 0.8010706018518519 0.7487847222222221 0.03663194444444429 0.052777777777777854
6 0.6179976851851852 0.7069444444444445 0.05306712962962958 0.1484375
15 0.7276909722222222 0.22094907407407405 0.04907407407407405 0.11556712962962959
0 0.6910879629629629 0.7260127314814815 0.048263888888888926 0.10462962962962959
3 0.46414930555555556 0.4075231481481481 0.027083333333333216 0.029050925925925952
5 0.637818287037037 0.606394675925926 0.08697916666666679 0.35381944444444446