5 0.532523148148148 0.6253067129629629 0.0674768518518519 0.23630787037037032
9 0.24149305555555553 0.5164641203703704 0.1229166666666666 0.4366087962962963
2 0.7148726851851852 0.6599131944444444 0.06076388888888893 0.18784722222222214
6 0.4956018518518519 0.6545023148148148 0.060416666666666785 0.18315972222222215
4 0.38136574074074076 0.6741087962962963 0.04976851851851851 0.12373842592592599
12 0.15095486111111112 0.4655439814814815 0.18084490740740744 0.5229282407407407
0 0.572019675925926 0.7047453703703704 0.04398148148148149 0.08777777777777765
16 0.3484085648148148 0.5774247685185185 0.08177083333333339 0.3238657407407407
10 0.638425925925926 0.619832175925926 0.07256944444444446 0.2628935185185185
8 0.3052662037037037 0.6387152777777778 0.06446759259259256 0.1956828703703703
11 0.6063368055555556 0.6614988425925926 0.05804398148148149 0.17221064814814824
14 0.6466145833333333 0.19219328703703703 0.049537037037037025 0.1206134259259259
13 0.4612268518518519 0.6969675925925926 0.04600694444444429 0.0940393518518519
1 0.4176793981481482 0.6472627314814815 0.061979166666666606 0.18317129629629642
15 0.6874710648148149 0.1950173611111111 0.05254629629629619 0.11907407407407407
7 0.6820023148148149 0.7226909722222222 0.040451388888888926 0.06120370370370374
3 0.3862847222222222 0.3395138888888889 0.03478009259259256 0.026805555555555572