6 0.2890625 0.6102430555555556 0.18395833333333336 0.07737268518518511
0 0.24713541666666666 0.6856481481481482 0.08114583333333333 0.05109953703703703
11 0.255 0.720775462962963 0.08562499999999992 0.04832175925925917
8 0.23151041666666666 0.437181712962963 0.11906249999999999 0.06012731481481488
7 0.24864583333333332 0.7925347222222222 0.05875000000000004 0.04166666666666661
9 0.37375 0.35271990740740744 0.4244791666666667 0.16359953703703703
5 0.30244791666666665 0.644994212962963 0.20302083333333343 0.08344907407407405
2 0.3165104166666667 0.8226851851851851 0.18395833333333336 0.07737268518518547
16 0.30015625 0.46739004629629627 0.23635416666666664 0.09369212962962958
12 0.41338541666666667 0.26458333333333334 0.5072916666666666 0.2163773148148148
10 0.3823958333333334 0.7412037037037036 0.33770833333333333 0.12141203703703703
1 0.25140625 0.5391493055555555 0.1255208333333333 0.06371527777777786
13 0.23614583333333333 0.5796296296296297 0.09052083333333334 0.05179398148148149
14 0.7741666666666667 0.7058449074074075 0.12541666666666665 0.062152777777777855
4 0.24020833333333336 0.5069155092592592 0.11739583333333332 0.05844907407407405
15 0.7773958333333333 0.73984375 0.11906250000000007 0.06012731481481488
3 0.5672395833333332 0.4651909722222222 0.03208333333333328 0.038136574074074045