9 0.25186921296296294 0.47064236111111113 0.07815972222222226 0.4287847222222222
2 0.7135358796296296 0.3718460648148148 0.03730324074074076 0.18543981481481478
10 0.6435127314814815 0.4088252314814815 0.03944444444444439 0.26361111111111113
8 0.31081018518518516 0.3083622685185185 0.03663194444444447 0.09481481481481477
12 0.16392939814814816 0.5141203703703704 0.12877314814814816 0.5130787037037038
16 0.3511226851851852 0.37282407407407414 0.0453819444444445 0.22160879629629626
14 0.6591261574074074 0.8295081018518518 0.03365740740740737 0.11503472222222229
11 0.6033275462962964 0.3615509259259259 0.03563657407407419 0.17133101851851854
1 0.42645833333333333 0.31491319444444443 0.03503472222222222 0.09008101851851853
7 0.6755613425925926 0.30667245370370366 0.030104166666666644 0.05712962962962962
15 0.6981597222222222 0.8267592592592592 0.035231481481481454 0.11664351851851862
6 0.4952025462962963 0.3161689814814815 0.03503472222222222 0.09008101851851853
0 0.570162037037037 0.3129224537037037 0.03182870370370381 0.07905092592592596
4 0.38919560185185187 0.3458333333333333 0.035520833333333356 0.15570601851851854
3 0.40324074074074073 0.6602430555555555 0.023587962962962904 0.021006944444444463
5 0.5352372685185186 0.3431307870370371 0.038530092592592526 0.1401736111111111
13 0.4608217592592593 0.31436921296296294 0.0350462962962963 0.09164351851851844