5 0.4002199074074074 0.49645833333333333 0.23890046296296302 0.05524305555555564
9 0.45372106481481483 0.19800347222222223 0.4413078703703704 0.10031249999999999
2 0.4000694444444445 0.6787326388888889 0.19027777777777785 0.051041666666666784
6 0.36454282407407407 0.4620486111111111 0.18559027777777776 0.05093750000000004
4 0.32271990740740736 0.3503298611111111 0.12584490740740736 0.043368055555555604
12 0.4873206018518519 0.10494791666666667 0.5303009259259259 0.15378472222222223
0 0.32859375 0.5418576388888889 0.08972222222222222 0.03944444444444439
16 0.41263888888888883 0.30999999999999994 0.3268634259259258 0.06500000000000003
10 0.4259085648148148 0.5999305555555555 0.2656481481481482 0.058958333333333356
8 0.34391782407407406 0.27241319444444445 0.19827546296296292 0.054340277777777765
11 0.3788831018518518 0.57203125 0.17456018518518518 0.049131944444444284
14 0.8536574074074075 0.5708680555555555 0.1227199074074072 0.04329861111111111
13 0.3158159722222222 0.4318402777777777 0.09606481481481488 0.041145833333333215
1 0.35683449074074075 0.38477430555555553 0.18568287037037035 0.05250000000000003
15 0.8591898148148148 0.6114236111111111 0.12134259259259253 0.046388888888888855
7 0.3319965277777778 0.6520833333333333 0.06306712962962964 0.03729166666666668
3 0.6568576388888889 0.32569444444444445 0.02850694444444457 0.03340277777777771