10 0.7392939814814815 0.65234375 0.2023263888888888 0.075
14 0.30750578703703707 0.7625 0.12339120370370367 0.059375
11 0.7851793981481482 0.603125 0.08672453703703695 0.0453125
1 0.7038946759259259 0.43671875 0.15011574074074083 0.0625
2 0.7699999999999999 0.7171875 0.1784837962962964 0.0671875
9 0.5321238425925926 0.303125 0.4136226851851852 0.1421875
4 0.7160532407407407 0.4 0.11525462962962969 0.053125
16 0.6409837962962963 0.38359375 0.24508101851851852 0.0859375
8 0.7015104166666666 0.33046875 0.10111111111111111 0.0515625
12 0.4645370370370371 0.23515625 0.5102083333333333 0.196875
13 0.7452372685185186 0.465625 0.09149305555555554 0.046875
7 0.8220949074074074 0.6671875 0.05671296296296298 0.0390625
6 0.72390625 0.50625 0.15159722222222224 0.0609375
15 0.3163194444444445 0.796875 0.12010416666666668 0.05625
0 0.7654687499999999 0.56953125 0.10900462962962969 0.053125
3 0.4010300925925926 0.471875 0.03270833333333325 0.028125
5 0.6386226851851852 0.5640625 0.3541087962962962 0.109375