0 0.271875 0.62109375 0.071875 0.03125
11 0.275 0.65859375 0.0796875 0.0296875
10 0.39609375 0.69296875 0.3265625 0.0328125
5 0.32578125 0.5890625 0.184375 0.03125
12 0.49140625 0.23125 0.4859375 0.0890625
16 0.34453125 0.4125 0.2171875 0.0375
2 0.32265625 0.76484375 0.1765625 0.03125
14 0.78828125 0.7046875 0.1171875 0.03125
9 0.43671875 0.31171875 0.40625 0.0515625
8 0.28671875 0.3765625 0.10625 0.03125
6 0.33359375 0.55234375 0.196875 0.03125
4 0.30703125 0.44609375 0.1484375 0.03125
1 0.29296875 0.47890625 0.1140625 0.03125
7 0.2609375 0.72734375 0.053125 0.028125
15 0.79140625 0.73984375 0.115625 0.03125
3 0.615625 0.446875 0.0234375 0.0234375
13 0.2765625 0.51796875 0.084375 0.028125