5 0.5623784722222223 0.6108506944444445 0.04768518518518512 0.22789351851851852
14 0.6677777777777777 0.16782407407407407 0.03716435185185176 0.1152199074074074
2 0.7401967592592593 0.6285300925925925 0.04541666666666657 0.1841435185185185
4 0.4181076388888888 0.651417824074074 0.044039351851851906 0.15758101851851852
6 0.5234780092592592 0.6154224537037036 0.04415509259259256 0.21996527777777786
15 0.7070833333333333 0.1710648148148148 0.03700231481481495 0.1120949074074074
10 0.6685590277777778 0.590480324074074 0.04930555555555553 0.2591435185185185
11 0.6318055555555555 0.6364583333333333 0.040000000000000036 0.16990740740740745
7 0.7066782407407407 0.6916087962962962 0.030960648148148095 0.05572916666666661
0 0.599699074074074 0.6814814814814815 0.035543981481481524 0.08396990740740744
1 0.45501736111111113 0.6688368055555556 0.041851851851851765 0.1153935185185185
3 0.4173668981481482 0.33521412037037035 0.02605324074074069 0.021238425925925952
13 0.49234375 0.6791956018518519 0.03907407407407408 0.09189814814814809
8 0.31934945312499996 0.48120196562500006 0.3235928359375 0.7320398796875 0.360145065625 0.7341556859375 0.3602464109375 0.485670540625 0.31934945312499996 0.48120196562500006
16 0.36320006718750003 0.3900429515625 0.36535734999999997 0.731059509375 0.39576260625000004 0.7278121671875 0.3956501859375 0.38996668125 0.36320006718750003 0.3900429515625
12 0.14672640625 0.2256808828125 0.1355070890625 0.7263635703125 0.2288804234375 0.7327278984375 0.23584481249999997 0.23018286093749998 0.14672640625 0.2256808828125
9 0.24784831562499998 0.3143072234375 0.248017940625 0.7324701 0.3015844546875 0.7321181578125 0.30642552031250003 0.31796055 0.24784831562499998 0.3143072234375