9 0.515625 0.2236979166666667 0.425 0.1203819444444445
6 0.34140625 0.4572569444444444 0.1328125 0.05138888888888893
10 0.38984375 0.6108680555555555 0.2625 0.06833333333333336
12 0.571875 0.14197916666666666 0.5140625 0.1817361111111111
11 0.35 0.5664409722222222 0.171875 0.056944444444444464
2 0.34453125 0.6743750000000001 0.1859375 0.058819444444444355
7 0.28671875 0.6334722222222222 0.0578125 0.035659722222222176
16 0.453125 0.3250868055555555 0.3203125 0.07899305555555554
1 0.346875 0.3868229166666667 0.1265625 0.049687499999999926
14 0.8078125 0.657048611111111 0.115625 0.044756944444444356
8 0.41875 0.28366319444444443 0.2390625 0.07093749999999996
0 0.31015625 0.5290451388888889 0.08125 0.04243055555555557
5 0.3671875 0.4996527777777778 0.19375 0.060555555555555605
15 0.80390625 0.6930729166666667 0.1125 0.04468750000000003
4 0.35 0.35081597222222227 0.1234375 0.04805555555555561
13 0.3265625 0.4216493055555556 0.0953125 0.04586805555555564
3 0.678125 0.3903993055555556 0.028125 0.03499999999999996