9 0.19515625 0.4818923611111111 0.13157407407407407 0.4297453703703704
2 0.63015625 0.644068287037037 0.06424768518518516 0.18518518518518512
16 0.2862962962962963 0.5609490740740741 0.08152777777777782 0.27755787037037044
7 0.5856712962962962 0.7040567129629629 0.039016203703703664 0.05990740740740748
14 0.6533564814814815 0.1815798611111111 0.04818287037037035 0.11624999999999996
11 0.5233275462962963 0.6417476851851852 0.06047453703703702 0.17263888888888895
5 0.45018518518518513 0.6521990740740741 0.05564814814814802 0.13978009259259244
4 0.30649305555555556 0.6231018518518519 0.059826388888888894 0.16013888888888897
12 0.11426504629629627 0.41595486111111113 0.20033564814814814 0.5213194444444446
10 0.5636747685185185 0.6013368055555556 0.07751157407407412 0.2603240740740741
1 0.34771412037037036 0.595949074074074 0.06931712962962963 0.22273148148148145
6 0.41596064814814815 0.6347511574074074 0.06171296296296287 0.16641203703703694
0 0.48302083333333334 0.6813773148148148 0.04483796296296294 0.0818518518518518
15 0.6905324074074074 0.18727430555555555 0.047939814814814775 0.11156249999999997
8 0.2287673611111111 0.661724537037037 0.04583333333333339 0.07093749999999996
13 0.3731365740740741 0.6627083333333333 0.053460648148148146 0.09759259259259263
3 0.3740972222222222 0.312962962962963 0.026215277777777768 0.02380787037037031