5 0.5930960648148148 0.5144791666666666 0.1999421296296296 0.08969907407407404
9 0.5790740740740741 0.21247106481481484 0.43269675925925916 0.18134259259259258
2 0.5421469907407408 0.691105324074074 0.1920370370370371 0.08767361111111108
6 0.6114930555555556 0.47991319444444447 0.1904745370370371 0.08758101851851859
7 0.6156828703703704 0.6719560185185186 0.06499999999999986 0.04589120370370381
14 0.12402777777777778 0.5344907407407408 0.12042824074074074 0.06163194444444446
10 0.5278414351851852 0.6172164351851852 0.2664930555555555 0.10921296296296301
1 0.6333043981481481 0.4140046296296297 0.18881944444444443 0.08592592592592592
12 0.5562326388888889 0.11753472222222223 0.5330902777777778 0.23506944444444447
16 0.5509953703703704 0.31845486111111115 0.4045601851851853 0.1532060185185186
11 0.5817592592592593 0.5875520833333333 0.17778935185185177 0.08371527777777779
15 0.11321180555555554 0.5725 0.11923611111111114 0.06778935185185198
4 0.659513888888889 0.3789756944444445 0.16179398148148144 0.07653935185185183
0 0.6338831018518519 0.5618865740740742 0.09046296296296283 0.055185185185185046
13 0.6650868055555555 0.45571759259259254 0.10011574074074084 0.06042824074074069
8 0.6808680555555556 0.3076446759259259 0.1618865740740741 0.07810185185185184
3 0.3588136574074074 0.3166087962962963 0.033379629629629634 0.03778935185185191