0 0.7131944444444445 0.5441493055555556 0.11527777777777785 0.043333333333333356
1 0.650636574074074 0.39838541666666666 0.23350694444444448 0.0634722222222222
10 0.6426793981481482 0.6191724537037038 0.2647569444444445 0.06509259259259252
5 0.6533275462962963 0.5088252314814815 0.23506944444444447 0.06355324074074069
15 0.2170428240740741 0.6749652777777777 0.11875 0.04818287037037035
16 0.585474537037037 0.3233391203703704 0.36076388888888894 0.07940972222222217
6 0.6566840277777778 0.4694386574074073 0.2299189814814815 0.05706018518518512
4 0.6877604166666667 0.3596006944444444 0.1640625 0.05053240740740739
8 0.6998842592592593 0.27976273148148145 0.13292824074074083 0.05047453703703706
13 0.7182581018518519 0.4325231481481481 0.09809027777777786 0.042442129629629476
11 0.6859953703703704 0.5792824074074074 0.17679398148148132 0.054305555555555426
2 0.6767939814814815 0.6879861111111112 0.19230324074074084 0.0535532407407409
14 0.21565393518518522 0.6350405092592593 0.12488425925925925 0.0469444444444445
7 0.7439525462962964 0.652349537037037 0.06192129629629619 0.03745370370370367
3 0.3711226851851852 0.37288194444444445 0.024074074074074046 0.030821759259259274
12 0.24444114374999998 0.19489525624999998 0.7534665546875 0.1644457734375 0.7477144515624999 0.075222815625 0.23245461875 0.10562809843750001 0.24444114374999998 0.19489525624999998
9 0.337109665625 0.26024034375 0.7644360328124999 0.2389297 0.757444475 0.1821411765625 0.3305802015625 0.204121140625 0.337109665625 0.26024034375