6 0.41953125 0.3312847222222222 0.065625 0.1900347222222222
16 0.571875 0.36105902777777776 0.0921875 0.3123032407407408
14 0.3546875 0.8095891203703705 0.053125 0.11953703703703696
9 0.6765625 0.38841435185185186 0.125 0.4049768518518519
5 0.3890625 0.3411111111111111 0.065625 0.1978472222222222
1 0.49140625 0.3153761574074074 0.065625 0.19003472222222229
12 0.7703125 0.42686921296296293 0.1765625 0.5026157407407407
0 0.34140625 0.2910358796296296 0.0421875 0.07718749999999996
11 0.3078125 0.30325231481481485 0.0421875 0.08343749999999997
8 0.59921875 0.3184664351851852 0.0796875 0.2371180555555555
13 0.446875 0.2715046296296296 0.04375 0.08658564814814813
10 0.28984375 0.38945601851851847 0.078125 0.24178240740740745
15 0.31953125 0.8155787037037037 0.05 0.11636574074074062
7 0.2375 0.2996064814814815 0.0375 0.05368055555555555
4 0.51796875 0.2688888888888889 0.0484375 0.11634259259259264
2 0.2109375 0.36875 0.0625 0.17748842592592595
3 0.57890625 0.588298611111111 0.0234375 0.028472222222222142