14 0.21159722222222221 0.5569270833333333 0.11775462962962964 0.04107638888888889
6 0.6623206018518518 0.40373263888888894 0.21178240740740756 0.0499305555555555
2 0.6704571759259259 0.6203472222222223 0.18981481481481488 0.047395833333333214
10 0.6364641203703704 0.5490104166666667 0.26031250000000006 0.05364583333333339
9 0.5535706018518518 0.15477430555555555 0.4296296296296296 0.09701388888888891
5 0.6502951388888889 0.4387326388888889 0.23678240740740755 0.05104166666666661
11 0.6797858796296297 0.5134027777777778 0.17418981481481488 0.04670138888888893
15 0.21313078703703706 0.5960243055555555 0.11628472222222222 0.04256944444444457
12 0.5027488425925926 0.06881944444444445 0.5167824074074074 0.1376388888888889
13 0.7173611111111111 0.3676041666666666 0.09734953703703689 0.03861111111111111
0 0.7010937500000001 0.4764236111111111 0.13181712962962955 0.04170138888888886
1 0.6601736111111112 0.32784722222222223 0.21178240740740736 0.04993055555555559
8 0.5847106481481481 0.21762152777777777 0.3546180555555555 0.0671875
16 0.5979629629629629 0.2561979166666667 0.34221064814814817 0.06819444444444445
7 0.7379513888888889 0.5828819444444445 0.061134259259259235 0.032326388888888856
4 0.7034027777777778 0.2906770833333333 0.12244212962962955 0.041284722222222216
3 0.36875 0.3008506944444444 0.02482638888888893 0.024479166666666607