9 0.41320023148148144 0.25493055555555555 0.4284375000000001 0.17502314814814818
11 0.38821180555555557 0.624994212962963 0.1740509259259259 0.07598379629629637
16 0.40699652777777773 0.3621006944444445 0.34892361111111114 0.12699074074074074
6 0.3834548611111111 0.5172048611111111 0.22138888888888886 0.09230324074074084
5 0.39616898148148144 0.5506249999999999 0.23241898148148152 0.09559027777777765
12 0.4367071759259259 0.15141203703703704 0.5206828703703703 0.2310532407407407
2 0.4218287037037037 0.7307928240740741 0.18820601851851854 0.0793171296296297
10 0.4499363425925925 0.6506539351851852 0.27947916666666667 0.10253472222222229
14 0.851574074074074 0.5681076388888889 0.1189004629629629 0.05954861111111107
15 0.8597395833333333 0.6062847222222223 0.1157754629629629 0.05950231481481474
8 0.36618055555555556 0.3298784722222222 0.290925925925926 0.11988425925925927
1 0.3641840277777778 0.4471469907407407 0.22304398148148152 0.095451388888889
4 0.30799768518518517 0.42374999999999996 0.12832175925925923 0.06125000000000007
0 0.33361111111111114 0.6023553240740741 0.08429398148148141 0.05122685185185176
3 0.6318576388888889 0.3540798611111111 0.02587962962962962 0.030057870370370398
7 0.35008680555555555 0.7099710648148149 0.06370370370370378 0.04155092592592595
13 0.31017361111111114 0.49718750000000006 0.09688657407407408 0.05453703703703709