0 0.31138310185185186 0.32236111111111115 0.05240740740740737 0.07871527777777772
11 0.27479745370370373 0.3332638888888889 0.05281249999999993 0.0865277777777778
10 0.26436921296296295 0.45887152777777773 0.12778935185185195 0.32993055555555556
5 0.3528240740740741 0.36883680555555554 0.08464120370370373 0.18927083333333333
12 0.7364756944444444 0.4602777777777778 0.23028935185185198 0.5028472222222222
16 0.5306423611111111 0.3524652777777778 0.10048611111111114 0.22427083333333328
2 0.17966435185185187 0.40107638888888886 0.08267361111111113 0.181388888888889
14 0.3281134259259259 0.8453993055555555 0.0656944444444445 0.12451388888888885
9 0.6468113425925927 0.42262152777777773 0.16950231481481487 0.41284722222222214
8 0.5543171296296296 0.2885243055555556 0.062002314814814954 0.11343750000000004
6 0.3903645833333333 0.36972222222222223 0.08841435185185187 0.20190972222222223
4 0.4899131944444445 0.3224652777777778 0.07348379629629634 0.15447916666666667
1 0.45508101851851845 0.3146527777777778 0.06396990740740734 0.12131944444444445
7 0.20514467592592595 0.3325173611111111 0.043622685185185174 0.05961805555555557
15 0.29391203703703705 0.8556250000000001 0.06405092592592591 0.12288194444444436
3 0.5486168981481482 0.6249826388888889 0.029583333333333427 0.02937499999999993
13 0.4132175925925926 0.3065277777777778 0.0530555555555555 0.0912152777777778