14 0.13027777777777777 0.5566666666666666 0.12331018518518518 0.06583333333333333
10 0.5354918981481481 0.6793229166666667 0.2610300925925927 0.10927083333333343
9 0.5785243055555556 0.28786458333333337 0.4332638888888889 0.1877083333333333
2 0.5500289351851853 0.7618229166666668 0.19146990740740738 0.0890625
5 0.5796585648148149 0.5834895833333333 0.2452430555555555 0.10510416666666664
11 0.5928356481481482 0.6619791666666666 0.17239583333333322 0.08156250000000007
6 0.5862905092592593 0.5463020833333333 0.2499305555555555 0.10541666666666671
12 0.5540625 0.18510416666666668 0.5333796296296296 0.25666666666666665
1 0.6083217592592594 0.4842708333333333 0.25478009259259266 0.10885416666666661
8 0.5702314814814814 0.3570833333333333 0.40368055555555565 0.15770833333333334
15 0.12126157407407408 0.5944791666666667 0.12026620370370371 0.0671875
7 0.6235358796296296 0.7502604166666667 0.06148148148148138 0.04458333333333329
0 0.6416261574074074 0.64328125 0.08532407407407412 0.05395833333333329
16 0.5675462962962963 0.39375 0.3862500000000001 0.15187500000000007
4 0.6798090277777777 0.46630208333333334 0.12331018518518526 0.06583333333333333
13 0.6729166666666667 0.53875 0.0948611111111111 0.05770833333333343
3 0.35799768518518515 0.36802083333333335 0.02826388888888882 0.03458333333333332