6 0.6787557870370371 0.5221585648148148 0.10391203703703696 0.053888888888888785
9 0.5777951388888889 0.24565972222222224 0.42241898148148155 0.14530092592592592
14 0.1605613425925926 0.5558159722222222 0.11795138888888887 0.052430555555555536
0 0.6728240740740741 0.5963252314814815 0.08194444444444429 0.0474768518518518
10 0.5626388888888889 0.6462847222222222 0.27160879629629625 0.08950231481481481
12 0.547488425925926 0.15091435185185184 0.5123611111111112 0.20533564814814817
2 0.595023148148148 0.7230787037037036 0.18697916666666678 0.07168981481481485
16 0.6428935185185185 0.36878472222222225 0.23243055555555542 0.08140046296296291
8 0.7198668981481482 0.34435763888888893 0.09766203703703695 0.05384259259259263
13 0.6907928240740742 0.49100115740740746 0.09920138888888878 0.052291666666666715
4 0.6724594907407407 0.4135300925925926 0.15873842592592596 0.06366898148148152
11 0.6623726851851852 0.629056712962963 0.08821759259259263 0.04908564814814813
1 0.6933969907407407 0.4558680555555556 0.10393518518518512 0.055451388888888786
15 0.15094907407407407 0.5924594907407407 0.11802083333333338 0.05711805555555571
7 0.6611516203703703 0.7048206018518519 0.059976851851851795 0.04106481481481481
5 0.6565972222222223 0.5555844907407408 0.13366898148148146 0.05879629629629637
3 0.36679976851851853 0.34564814814814815 0.02700231481481481 0.02988425925925924