0 0.43406828703703704 0.654704861111111 0.03363425925925938 0.11239583333333343
14 0.37682870370370375 0.15819444444444444 0.0305092592592592 0.11225694444444442
2 0.2937384259259259 0.6211111111111112 0.03730324074074076 0.18597222222222226
7 0.32449652777777777 0.6861284722222223 0.03165509259259256 0.056076388888888926
10 0.36586805555555557 0.5835416666666667 0.04254629629629623 0.2611805555555556
5 0.4726446759259259 0.6131597222222223 0.03736111111111118 0.19378472222222226
6 0.5078414351851852 0.6061284722222222 0.03905092592592592 0.21104166666666657
9 0.7616666666666667 0.5003472222222223 0.0687615740740739 0.4263541666666667
12 0.8518807870370371 0.4463541666666667 0.11472222222222221 0.5158680555555556
11 0.40145833333333336 0.6288194444444445 0.03874999999999993 0.17041666666666658
15 0.33933449074074074 0.1590798611111111 0.03362268518518521 0.11083333333333334
1 0.5798900462962964 0.5794965277777777 0.0441087962962964 0.2612500000000001
8 0.6910011574074074 0.5511284722222223 0.04765046296296305 0.3176388888888889
4 0.6152835648148148 0.6513368055555555 0.03836805555555554 0.11885416666666675
13 0.5402083333333334 0.6648263888888889 0.03663194444444447 0.09534722222222225
16 0.6543402777777778 0.5449479166666666 0.04466435185185187 0.33625000000000005
3 0.6240162037037036 0.31590277777777775 0.022013888888889 0.019722222222222197