9 0.7871527777777778 0.4838368055555556 0.14554398148148148 0.4338888888888889
2 0.3404224537037037 0.3174479166666667 0.07256944444444446 0.19041666666666668
5 0.5150462962962964 0.34177083333333336 0.07598379629629619 0.1983680555555555
10 0.4062789351851852 0.3630381944444444 0.09253472222222214 0.26618055555555564
16 0.6925347222222222 0.4011805555555556 0.09299768518518511 0.27868055555555565
6 0.5506655092592593 0.3527083333333333 0.07974537037037041 0.2156944444444444
14 0.34982638888888895 0.7826388888888889 0.05115740740740744 0.11770833333333322
8 0.742650462962963 0.31756944444444446 0.05214120370370381 0.1021527777777778
4 0.6635416666666667 0.3367361111111111 0.06695601851851851 0.16520833333333335
0 0.48700810185185184 0.28197916666666667 0.0484375 0.08638888888888889
11 0.44545717592592593 0.32217013888888885 0.07204861111111108 0.17635416666666667
12 0.8693287037037039 0.5474826388888888 0.2035300925925924 0.5253819444444444
7 0.38116319444444446 0.25538194444444445 0.039699074074074046 0.06104166666666675
1 0.617824074074074 0.3911979166666667 0.09467592592592596 0.281875
15 0.3120659722222222 0.7772743055555555 0.054166666666666606 0.11472222222222221
13 0.5940104166666667 0.29756944444444444 0.052025462962962975 0.09902777777777771
3 0.6180555555555556 0.6509895833333333 0.027430555555555534 0.024618055555555608