5 0.6071412037037037 0.35734953703703703 0.051145833333333356 0.19821759259259258
9 0.30980902777777775 0.44315393518518514 0.09862268518518516 0.43067129629629636
10 0.7080729166666667 0.40803819444444445 0.06118055555555557 0.2734490740740741
11 0.6785590277777778 0.34851851851851856 0.04686342592592592 0.15906250000000002
16 0.4221180555555556 0.37376157407407407 0.0659143518518519 0.2751504629629629
2 0.7864120370370371 0.37673611111111105 0.05077546296296305 0.1857175925925926
6 0.5702372685185185 0.3625115740740741 0.05146990740740733 0.2091550925925926
1 0.49335069444444446 0.37118055555555557 0.057361111111111106 0.2499189814814815
8 0.3827662037037037 0.32958912037037036 0.052291666666666715 0.18420138888888893
12 0.21090277777777774 0.48244791666666664 0.16077546296296302 0.5261805555555557
15 0.7136342592592593 0.8273206018518519 0.04239583333333332 0.11365740740740762
0 0.6509027777777778 0.30547453703703703 0.03990740740740737 0.08236111111111111
13 0.5416203703703705 0.2991087962962963 0.04027777777777786 0.0948611111111111
14 0.6761805555555556 0.8246469907407408 0.04253472222222214 0.11834490740740726
7 0.7588310185185185 0.3047627314814815 0.034525462962962904 0.05878472222222229
4 0.46331018518518513 0.3030439814814815 0.04428240740740748 0.12464120370370377
3 0.43628472222222225 0.6345659722222223 0.02707175925925931 0.017974537037036952