14 0.7640219907407407 0.237962962962963 0.06118055555555557 0.12407407407407404
9 0.29557870370370376 0.4981481481481481 0.15128472222222217 0.40850694444444446
10 0.6787962962962963 0.6674479166666666 0.07782407407407402 0.19340277777777787
12 0.22944444444444442 0.42954282407407407 0.20878472222222227 0.4949652777777779
8 0.33079282407407407 0.5983506944444444 0.07782407407407402 0.19340277777777787
6 0.5387037037037037 0.63671875 0.07940972222222217 0.19502314814814808
5 0.5729050925925926 0.647164351851852 0.0729976851851852 0.1838541666666668
15 0.7982812499999999 0.2445023148148148 0.057939814814814736 0.11614583333333339
2 0.743292824074074 0.6884837962962964 0.07134259259259253 0.1775462962962962
11 0.63046875 0.7145254629629629 0.048101851851851764 0.08454861111111107
16 0.3738888888888889 0.5881655092592593 0.08446759259259266 0.22019675925925936
0 0.5938425925925925 0.7096354166666666 0.04486111111111111 0.07662037037037024
7 0.6933101851851852 0.7418692129629629 0.03989583333333328 0.05769675925925917
13 0.4919849537037037 0.680613425925926 0.04660879629629626 0.08917824074074084
4 0.3933564814814815 0.6444444444444445 0.05803240740740741 0.12239583333333322
1 0.4806655092592592 0.601388888888889 0.08614583333333332 0.22806712962962977
3 0.5021759259259259 0.3616608796296296 0.025347222222222143 0.02436342592592595