14 0.6564583333333334 0.8152025462962962 0.03888888888888893 0.11815972222222229
9 0.28891203703703705 0.4490798611111111 0.0772337962962963 0.40635416666666674
10 0.7140162037037037 0.384212962962963 0.042615740740740725 0.1900347222222222
12 0.2034259259259259 0.4981886574074075 0.12034722222222224 0.4856365740740742
8 0.3552083333333333 0.3626273148148148 0.042615740740740725 0.1900347222222222
6 0.5687847222222222 0.3783449074074074 0.04425925925925931 0.19164351851851844
5 0.60484375 0.37706597222222216 0.04056712962962976 0.18061342592592594
15 0.6923148148148148 0.8178298611111112 0.03700231481481477 0.11186342592592595
2 0.7822685185185185 0.3807581018518518 0.04024305555555561 0.17436342592592596
11 0.6817766203703703 0.3269212962962963 0.03373842592592595 0.07900462962962962
16 0.39403935185185185 0.3833391203703703 0.044074074074074064 0.2181597222222223
0 0.6452199074074073 0.3227083333333333 0.033333333333333215 0.07119212962962962
7 0.7519155092592593 0.31726273148148143 0.032361111111111104 0.052442129629629616
13 0.5379456018518518 0.324224537037037 0.03241898148148152 0.08364583333333328
4 0.43100694444444443 0.33435763888888886 0.03576388888888893 0.11806712962962962
1 0.5013252314814814 0.3966898148148148 0.04604166666666672 0.22601851851851854
3 0.4445196759259259 0.6320891203703705 0.022847222222222286 0.01939814814814831