5 0.4688599537037037 0.6453009259259259 0.06793981481481488 0.198738425925926
9 0.1970949074074074 0.5061631944444445 0.13954861111111114 0.43819444444444444
14 0.6598611111111111 0.24128472222222222 0.057962962962962904 0.1264930555555556
11 0.5342881944444444 0.7134375000000001 0.04508101851851851 0.08834490740740755
8 0.24575810185185185 0.6407002314814815 0.05648148148148149 0.12796296296296283
12 0.11760416666666666 0.4371932870370371 0.20534722222222226 0.5355555555555555
2 0.6461053240740741 0.6879340277777778 0.06572916666666657 0.18614583333333332
6 0.43172453703703706 0.6360474537037037 0.07146990740740744 0.20673611111111115
0 0.496087962962963 0.7096064814814815 0.04467592592592595 0.08053240740740737
16 0.2892708333333333 0.6025289351851851 0.07335648148148141 0.2130787037037038
1 0.3581655092592593 0.6340393518518519 0.065324074074074 0.17833333333333332
7 0.602644675925926 0.7402141203703704 0.04049768518518526 0.06003472222222221
15 0.6996238425925926 0.24520833333333333 0.05435185185185176 0.11693287037037034
4 0.32104166666666667 0.6396759259259259 0.0613078703703704 0.16096064814814817
13 0.38846643518518514 0.6844212962962963 0.046967592592592665 0.09468749999999986
10 0.5904050925925926 0.5984317129629629 0.09521990740740734 0.33431712962962956
3 0.3783391203703704 0.3507696759259259 0.02942129629629626 0.02666666666666666