14 0.7864525462962962 0.691579861111111 0.11615740740740747 0.04021990740740726
15 0.7861921296296297 0.7267650462962963 0.11146990740740748 0.04004629629629619
10 0.3630497685185185 0.7096064814814815 0.250625 0.051446759259259164
11 0.32104166666666667 0.6705150462962963 0.16464120370370372 0.04513888888888893
6 0.33824074074074073 0.5651331018518518 0.19906250000000006 0.049537037037037025
9 0.4529861111111111 0.29042245370370373 0.4057523148148148 0.08686342592592596
12 0.5088599537037037 0.2101851851851852 0.4891898148148147 0.13211805555555553
5 0.3309375 0.5997974537037037 0.18182870370370363 0.045775462962962976
2 0.32495949074074076 0.7766782407407408 0.1755787037037037 0.04554398148148149
4 0.3181539351851852 0.4228298611111111 0.15211805555555555 0.04311342592592595
0 0.27675925925925926 0.6361979166666666 0.07702546296296298 0.034085648148148094
8 0.3140104166666667 0.35419560185185184 0.13649305555555555 0.04253472222222223
7 0.26189236111111114 0.7407118055555555 0.053587962962962976 0.03321759259259256
16 0.3653240740740741 0.3882523148148148 0.2412962962962963 0.05422453703703702
13 0.28379050925925925 0.5304108796296296 0.08642361111111115 0.03599537037037024
3 0.6277488425925926 0.4262152777777778 0.025509259259259308 0.03530092592592595
1 0.32234375000000004 0.4945891203703704 0.15680555555555548 0.04328703703703703
16 0.44765046296296296 0.4578993055555555 0.408576388888889 0.06666666666666679