6 0.5023784722222222 0.6825810185185185 0.0453819444444445 0.14363425925925916
9 0.2744965277777778 0.545167824074074 0.10052083333333331 0.40150462962962974
4 0.39333333333333337 0.6967592592592593 0.04079861111111107 0.11070601851851851
16 0.36789930555555556 0.6197048611111111 0.06180555555555554 0.2674768518518519
11 0.6079513888888889 0.6763310185185185 0.04777777777777779 0.1624421296296296
10 0.6464409722222222 0.6351273148148148 0.05940972222222225 0.24866898148148148
13 0.4621006944444444 0.7113715277777778 0.03819444444444429 0.08721064814814809
8 0.3236284722222222 0.668142361111111 0.049131944444444464 0.1578125
15 0.74328125 0.2111400462962963 0.04569444444444439 0.11556712962962959
1 0.4295659722222222 0.671238425925926 0.04934027777777779 0.1625
0 0.5702604166666667 0.6995659722222223 0.042916666666666714 0.12326388888888892
12 0.19815972222222222 0.49027777777777776 0.1463541666666667 0.5201967592592593
2 0.7157291666666666 0.673119212962963 0.05152777777777775 0.17662037037037043
5 0.5358506944444444 0.6665219907407407 0.05017361111111107 0.18125
7 0.6701215277777777 0.7340856481481481 0.033611111111111217 0.054282407407407265
14 0.7066666666666667 0.21015625 0.043611111111111 0.06869212962962959
3 0.42710069444444443 0.37572337962962965 0.017812499999999964 0.014699074074074048