6 0.7253125 0.5473611111111112 0.18145833333333333 0.05395833333333329
0 0.7873958333333333 0.6127083333333333 0.07916666666666661 0.040763888888889
11 0.7897916666666667 0.6486458333333334 0.08364583333333328 0.03774305555555557
8 0.7296354166666668 0.36647569444444444 0.11687499999999992 0.0447222222222222
7 0.8169791666666667 0.7171180555555555 0.05687500000000014 0.03402777777777786
9 0.5684895833333333 0.31296875 0.4220833333333333 0.10611111111111118
5 0.7222916666666667 0.5839583333333334 0.20197916666666665 0.057534722222222355
2 0.7605208333333333 0.759548611111111 0.18145833333333314 0.05395833333333329
16 0.6725 0.4104513888888889 0.23500000000000015 0.061388888888888896
12 0.5047395833333332 0.23432291666666666 0.5030208333333335 0.15003472222222225
10 0.67421875 0.6936631944444445 0.33739583333333345 0.07614583333333336
1 0.7396874999999999 0.47045138888888893 0.12333333333333343 0.047986111111111104
13 0.7663020833333334 0.5069270833333333 0.08843750000000003 0.039409722222222145
14 0.28786458333333337 0.73734375 0.12479166666666668 0.04645833333333336
4 0.7413541666666668 0.43694444444444447 0.11677083333333335 0.04315972222222229
15 0.2947916666666667 0.7710416666666667 0.11843750000000001 0.044756944444444356
3 0.41609374999999993 0.46092013888888894 0.028854166666666715 0.03496527777777771