9 0.4190277777777777 0.3197743055555556 0.40739583333333335 0.0699305555555556
10 0.38340277777777776 0.7342361111111112 0.3159375 0.04916666666666671
2 0.3091145833333333 0.8045312499999999 0.17170138888888892 0.03503472222222222
7 0.2504166666666666 0.7703819444444445 0.052881944444444426 0.03083333333333336
12 0.4680902777777778 0.23640625 0.4916666666666666 0.10458333333333333
4 0.2919270833333333 0.45223958333333325 0.11694444444444443 0.03225694444444436
14 0.7526215277777777 0.7142881944444445 0.11552083333333325 0.03534722222222229
8 0.3709722222222222 0.38048611111111114 0.27524305555555556 0.04670138888888893
6 0.31060763888888887 0.5949826388888889 0.16416666666666666 0.04111111111111114
15 0.7541840277777778 0.7495138888888888 0.10920138888888893 0.033645833333333285
1 0.30190972222222223 0.5267534722222222 0.14215277777777774 0.0375
16 0.3397222222222222 0.4149826388888889 0.21430555555555558 0.04534722222222225
5 0.3333333333333333 0.6291145833333334 0.21232638888888894 0.0359375
0 0.2770486111111111 0.6638368055555556 0.10322916666666666 0.03975694444444446
13 0.2699826388888889 0.5588888888888889 0.08725694444444443 0.031597222222222145
11 0.26682291666666663 0.7003645833333334 0.08121527777777775 0.03614583333333332
4 0.3067708333333333 0.4877604166666666 0.15472222222222226 0.03934027777777764
3 0.5836805555555555 0.48609375000000005 0.011701388888888786 0.01743055555555557