0 0.4263020833333333 0.655630787037037 0.05760416666666668 0.11702546296296283
5 0.45916666666666667 0.6062152777777777 0.0802083333333334 0.19929398148148145
9 0.7342187499999999 0.4373958333333333 0.1564583333333335 0.4325925925925926
10 0.34838541666666667 0.5987731481481482 0.09874999999999998 0.2673148148148147
7 0.3227083333333333 0.7037905092592592 0.043020833333333376 0.06168981481481488
11 0.38796875000000003 0.6353356481481482 0.07083333333333339 0.17539351851851848
14 0.30515625 0.18501736111111114 0.05458333333333334 0.11840277777777777
6 0.4958333333333334 0.5931481481481482 0.08291666666666657 0.2165740740740741
12 0.8218229166666667 0.37228587962962967 0.221875 0.5267361111111112
1 0.56828125 0.6036400462962963 0.07437500000000004 0.1584837962962963
2 0.28057291666666667 0.6471469907407408 0.0765625 0.1912962962962963
15 0.26796875 0.19422453703703704 0.057395833333333354 0.11390046296296297
16 0.6358854166666668 0.5350462962962963 0.10437499999999993 0.2816550925925926
4 0.60546875 0.5944328703703704 0.06979166666666661 0.15976851851851848
3 0.5714062500000001 0.2882986111111111 0.03291666666666657 0.026851851851851904
8 0.6777604166666666 0.5605787037037037 0.08541666666666678 0.20738425925925927
13 0.5353125000000001 0.6429456018518518 0.05500000000000007 0.10130787037037034