0 0.532349537037037 0.7096875 0.04325231481481477 0.11343750000000004
9 0.2077025462962963 0.5602604166666667 0.1016435185185185 0.42874999999999996
2 0.672980324074074 0.67359375 0.051747685185185154 0.18718749999999992
7 0.6405497685185185 0.7396354166666667 0.03416666666666668 0.058333333333333216
14 0.600462962962963 0.2125 0.04037037037037035 0.11791666666666671
10 0.6051504629629629 0.6361458333333333 0.05884259259259252 0.2639583333333334
12 0.11626157407407407 0.5094791666666667 0.1521412037037037 0.5317708333333334
16 0.3147627314814815 0.6575520833333334 0.053611111111111144 0.22312499999999993
15 0.6396064814814816 0.21354166666666666 0.04497685185185176 0.1166666666666667
11 0.5651388888888889 0.6820833333333333 0.04945601851851862 0.17302083333333335
8 0.27381944444444445 0.7214583333333333 0.045324074074074086 0.09333333333333335
6 0.45798032407407413 0.7227604166666667 0.0421180555555555 0.09156250000000003
5 0.4961631944444445 0.6516145833333333 0.05886574074074069 0.234375
1 0.390630787037037 0.72140625 0.042037037037037095 0.09000000000000004
13 0.42430555555555555 0.7220833333333333 0.04228009259259267 0.09468750000000004
3 0.35294560185185186 0.3747395833333333 0.029340277777777767 0.02531250000000007
4 0.35150462962962964 0.6897916666666667 0.04716435185185182 0.1588541666666668