9 0.46640625 0.2453125 0.41875 0.0703125
11 0.34140625 0.5953125 0.16875 0.0328125
16 0.43125 0.346875 0.346875 0.0390625
6 0.36640625 0.48984375 0.215625 0.0375
5 0.36953125 0.52578125 0.2265625 0.0390625
12 0.5171875 0.1515625 0.503125 0.1046875
2 0.3453125 0.70546875 0.1828125 0.0328125
10 0.39453125 0.6359375 0.2765625 0.0328125
14 0.8046875 0.65859375 0.1125 0.03125
15 0.80234375 0.69765625 0.109375 0.0328125
8 0.4 0.30546875 0.284375 0.0484375
1 0.36640625 0.41796875 0.2171875 0.040625
4 0.31875 0.38046875 0.121875 0.03125
0 0.2953125 0.559375 0.078125 0.03125
3 0.65078125 0.396875 0.0203125 0.025
7 0.28203125 0.6671875 0.0578125 0.028125
13 0.30078125 0.4515625 0.090625 0.0328125