4 0.3491319444444444 0.39596064814814813 0.1616898148148148 0.0636805555555556
12 0.57109375 0.2067650462962963 0.5426504629629629 0.22739583333333338
6 0.33599537037037036 0.505462962962963 0.1664351851851852 0.06527777777777785
15 0.7672453703703704 0.797662037037037 0.12395833333333321 0.05715277777777779
9 0.49751157407407404 0.2878009259259259 0.43657407407407406 0.1469444444444445
2 0.3104166666666667 0.7221180555555555 0.1885416666666666 0.07168981481481485
8 0.3682002314814815 0.3200173611111111 0.17754629629629637 0.07004629629629626
7 0.25069444444444444 0.6709837962962963 0.06087962962962958 0.04106481481481481
11 0.2779513888888889 0.6051388888888889 0.0955439814814815 0.049131944444444464
1 0.36542245370370374 0.43491319444444443 0.20266203703703703 0.07335648148148159
16 0.40827546296296297 0.3681712962962963 0.2782407407407407 0.08953703703703705
14 0.7704861111111112 0.7585648148148147 0.12395833333333339 0.05715277777777779
5 0.3309895833333333 0.5391030092592592 0.17748842592592595 0.06848379629629626
0 0.29230324074074077 0.5706481481481481 0.11759259259259255 0.05398148148148145
10 0.39505208333333336 0.6652256944444443 0.3443287037037037 0.10252314814814803
3 0.6589409722222223 0.4686863425925926 0.037557870370370415 0.04401620370370374
13 0.30384837962962963 0.4603761574074074 0.10185185185185182 0.050740740740740795