9 0.32245370370370374 0.5640798611111111 0.10135416666666668 0.40851851851851856
14 0.6675173611111112 0.17554398148148148 0.05093750000000004 0.16910879629629633
15 0.7041550925925926 0.16980324074074074 0.045462962962962906 0.11594907407407407
2 0.8171875 0.6268287037037037 0.05107638888888886 0.1784837962962964
11 0.7136168981481481 0.6502546296296297 0.049120370370370384 0.15190972222222215
10 0.7463136574074074 0.6421990740740741 0.04921296296296305 0.15815972222222213
8 0.39330439814814816 0.6526273148148147 0.05627314814814817 0.21289351851851848
12 0.2312847222222222 0.5280324074074074 0.148587962962963 0.5385416666666666
7 0.7915856481481482 0.691869212962963 0.03362268518518512 0.05493055555555557
16 0.42703125000000003 0.6086226851851853 0.06701388888888893 0.305150462962963
0 0.6843460648148147 0.678599537037037 0.04063657407407408 0.1065393518518519
4 0.4729282407407407 0.700480324074074 0.042337962962962904 0.11592592592592581
6 0.6110011574074073 0.6853935185185185 0.040706018518518405 0.11122685185185191
3 0.4305902777777778 0.37419560185185186 0.031643518518518474 0.026793981481481488
5 0.6450520833333334 0.663263888888889 0.047395833333333214 0.14096064814814824
1 0.510011574074074 0.5665972222222222 0.12122685185185186 0.3789814814814815
13 0.5783738425925926 0.698136574074074 0.04353009259259259 0.09093750000000007