5 0.328125 0.5875 0.1984375 0.03125
0 0.265625 0.62109375 0.0734375 0.0296875
9 0.4359375 0.31171875 0.4046875 0.053125
14 0.7859375 0.70390625 0.11875 0.03125
10 0.359375 0.69140625 0.25625 0.03125
8 0.37890625 0.37265625 0.2953125 0.0375
12 0.4890625 0.22734375 0.4953125 0.0875
11 0.3125 0.6578125 0.1640625 0.0296875
3 0.61484375 0.44140625 0.0234375 0.0296875
4 0.284375 0.44453125 0.109375 0.0296875
15 0.78671875 0.74140625 0.1171875 0.03125
6 0.32109375 0.55078125 0.18125 0.03125
1 0.30703125 0.4796875 0.159375 0.034375
2 0.31640625 0.765625 0.178125 0.03125
13 0.26953125 0.51484375 0.0828125 0.028125
7 0.25625 0.7265625 0.053125 0.028125
16 0.384375 0.40859375 0.3109375 0.034375