14 0.37938078703703704 0.17945023148148148 0.09336805555555552 0.17873842592592593
16 0.6138020833333334 0.6024652777777778 0.10857638888888879 0.2772453703703704
11 0.29917824074074073 0.622800925925926 0.05512731481481481 0.16596064814814823
10 0.2707523148148148 0.5749131944444444 0.07593750000000003 0.2535763888888889
9 0.743275462962963 0.5674710648148148 0.12289351851851862 0.43978009259259265
2 0.19183449074074074 0.6009027777777778 0.05908564814814814 0.18004629629629623
8 0.6615798611111111 0.6403356481481481 0.06387731481481485 0.20819444444444457
12 0.8497280092592593 0.5252719907407407 0.1821412037037035 0.569849537037037
7 0.21928819444444442 0.6651967592592593 0.037986111111111144 0.06119212962962965
15 0.3212962962962963 0.1704224537037037 0.047384259259259306 0.1143634259259259
0 0.32783564814814814 0.6667824074074075 0.042314814814814826 0.08152777777777764
6 0.4033564814814815 0.6321701388888888 0.055219907407407474 0.16752314814814823
3 0.5935937499999999 0.3631481481481481 0.029699074074074083 0.02677083333333332
5 0.3822974537037037 0.5522916666666666 0.08432870370370367 0.3161111111111111
1 0.5095949074074074 0.5540162037037037 0.11899305555555557 0.3476041666666667
4 0.5519212962962963 0.6575 0.054479166666666676 0.15502314814814824
13 0.42674968125 0.6322261953125 0.41390858125 0.7166764265625 0.44524109687499996 0.7186667359375 0.4568936234375 0.6304515515625 0.42674968125 0.6322261953125