10 0.57109375 0.6500115740740741 0.26046296296296295 0.08112268518518526
11 0.6207175925925925 0.6241261574074073 0.17116898148148146 0.0628587962962964
6 0.6215451388888888 0.5155092592592593 0.21503472222222228 0.07196759259259267
2 0.5925578703703704 0.7311516203703704 0.18996527777777777 0.06653935185185186
9 0.5590277777777778 0.25104166666666666 0.4269212962962964 0.14228009259259258
7 0.660920138888889 0.7066030092592592 0.05834490740740748 0.037650462962962906
12 0.5221354166666667 0.1561574074074074 0.5232060185185186 0.2107291666666667
5 0.6186458333333333 0.5529398148148148 0.20092592592592595 0.06842592592592603
0 0.6687557870370371 0.5997569444444444 0.08346064814814813 0.046203703703703705
14 0.15234953703703702 0.5844560185185186 0.11790509259259259 0.05190972222222214
8 0.6149016203703704 0.3308564814814815 0.29192129629629626 0.09611111111111112
15 0.1463136574074074 0.6225752314814815 0.11478009259259263 0.05181712962962966
1 0.6265162037037036 0.44375 0.22137731481481496 0.07840277777777782
13 0.6812789351851852 0.4930497685185185 0.09756944444444446 0.04974537037037034
4 0.6831828703703703 0.41729166666666667 0.12105324074074061 0.05356481481481481
16 0.5863020833333333 0.36205439814814816 0.33725694444444443 0.09901620370370363
3 0.3525462962962963 0.36607060185185186 0.02387731481481481 0.030381944444444465