14 0.5489583333333334 0.16674768518518518 0.05769675925925917 0.1250115740740741
9 0.23246527777777776 0.5961168981481482 0.14091435185185192 0.4333912037037038
2 0.78828125 0.5679166666666667 0.06770833333333322 0.18461805555555558
12 0.1297164351851852 0.5670949074074074 0.19606481481481483 0.5317939814814816
7 0.7649594907407408 0.6350868055555556 0.039699074074074046 0.06048611111111111
1 0.4692997685185185 0.5711111111111111 0.140625 0.3412962962962963
15 0.5855034722222222 0.1609722222222222 0.05758101851851851 0.12188657407407408
0 0.6538773148148149 0.6344675925925927 0.054166666666666786 0.1139814814814816
11 0.6891203703703704 0.6357696759259259 0.04866898148148131 0.0919675925925926
16 0.3771701388888889 0.5965219907407407 0.0945601851851852 0.3196412037037037
3 0.366724537037037 0.3778414351851852 0.04184027777777777 0.03401620370370369
13 0.5456886574074075 0.6697395833333333 0.048784722222222146 0.09509259259259259
5 0.6072916666666666 0.6014351851851851 0.07291666666666678 0.19881944444444438
4 0.43214699074074076 0.6660648148148148 0.060590277777777854 0.16099537037037043
6 0.5684027777777778 0.6072800925925925 0.07013888888888893 0.2081018518518519
8 0.3279513888888889 0.6402141203703703 0.12853009259259257 0.26758101851851845
10 0.6494221437500001 0.42152606718749996 0.7187228296875 0.6740318859375 0.755096503125 0.667915209375 0.6923976296875 0.41711079218749997 0.6494221437500001 0.42152606718749996