10 0.390625 0.61953125 0.2578125 0.034375
11 0.34375 0.584375 0.16875 0.0328125
9 0.46875 0.22109375 0.4265625 0.065625
12 0.51875 0.1328125 0.515625 0.1125
1 0.38984375 0.40390625 0.2640625 0.040625
14 0.81640625 0.6390625 0.11875 0.03125
2 0.35234375 0.69453125 0.1859375 0.03125
6 0.3875 0.475 0.2609375 0.034375
5 0.353125 0.5125 0.1953125 0.0328125
0 0.29609375 0.55078125 0.078125 0.03125
15 0.815625 0.67421875 0.1125 0.0328125
8 0.35 0.28984375 0.1921875 0.040625
7 0.28671875 0.659375 0.05625 0.03125
16 0.45234375 0.3296875 0.3921875 0.0390625
13 0.30390625 0.440625 0.0890625 0.0328125
4 0.3171875 0.36328125 0.121875 0.0328125
3 0.65390625 0.37578125 0.021875 0.0265625