9 0.7379571759259259 0.4880208333333333 0.09057870370370366 0.4255208333333334
11 0.3820949074074074 0.6302604166666667 0.04093749999999998 0.17114583333333327
16 0.6346412037037037 0.52765625 0.05559027777777779 0.3498958333333334
6 0.4890393518518518 0.5997395833333334 0.047013888888889 0.21833333333333335
5 0.4532175925925926 0.5982291666666667 0.05046296296296297 0.22947916666666668
12 0.8339467592592593 0.4325 0.12901620370370354 0.5122916666666667
2 0.2729050925925926 0.6313020833333333 0.04135416666666671 0.18520833333333328
10 0.3446296296296296 0.5789583333333332 0.04569444444444439 0.2790624999999999
14 0.3411574074074074 0.16984375000000002 0.03614583333333332 0.11468750000000001
15 0.3020486111111111 0.17401041666666667 0.03761574074074074 0.11166666666666666
8 0.6750983796296296 0.5569270833333333 0.06159722222222221 0.2894791666666666
1 0.5608680555555555 0.5965104166666666 0.05018518518518533 0.22010416666666668
4 0.5961516203703704 0.6425 0.03642361111111114 0.12406249999999996
0 0.41586226851851854 0.6747916666666667 0.03512731481481488 0.08031249999999997
3 0.5950752314814814 0.3104166666666667 0.0256018518518518 0.02197916666666666
7 0.3077256944444445 0.6929166666666667 0.03140046296296291 0.059791666666666646
13 0.5245717592592593 0.6636458333333334 0.03706018518518519 0.09291666666666672