9 0.434375 0.30390625 0.4015625 0.0546875
10 0.3875 0.690625 0.2734375 0.0328125
16 0.40625 0.409375 0.3125 0.034375
11 0.34140625 0.65546875 0.1796875 0.0328125
0 0.309375 0.61953125 0.1203125 0.0328125
1 0.3734375 0.47578125 0.2484375 0.0375
14 0.7796875 0.69375 0.1140625 0.028125
15 0.78125 0.72265625 0.1078125 0.028125
8 0.31640625 0.37109375 0.1265625 0.0375
6 0.3359375 0.55 0.16875 0.0328125
12 0.46953125 0.2234375 0.475 0.0859375
13 0.29765625 0.5140625 0.0984375 0.03125
5 0.32109375 0.5828125 0.1421875 0.03125
2 0.353125 0.76328125 0.196875 0.034375
4 0.315625 0.4421875 0.128125 0.034375
7 0.27890625 0.72578125 0.0546875 0.03125
3 0.609375 0.44375 0.0171875 0.021875