5 0.3485358796296296 0.4869965277777778 0.24483796296296295 0.08659722222222221
14 0.7308622685185184 0.6985590277777778 0.1215856481481481 0.05732638888888886
6 0.36211805555555554 0.450798611111111 0.25116898148148153 0.08829861111111122
9 0.5111226851851851 0.22586805555555553 0.43293981481481475 0.1625694444444445
8 0.389525462962963 0.26836805555555554 0.21374999999999994 0.08902777777777775
15 0.7171990740740741 0.7363194444444444 0.12010416666666668 0.058854166666666784
12 0.5805150462962964 0.1517534722222222 0.5301736111111112 0.23184027777777777
11 0.29693865740740744 0.5490104166666667 0.17692129629629633 0.07104166666666671
1 0.3789641203703703 0.3817534722222222 0.2531365740740741 0.09614583333333337
10 0.3264988425925926 0.5959548611111111 0.2639930555555556 0.09482638888888886
2 0.2734606481481482 0.6556597222222222 0.1911458333333334 0.07447916666666679
0 0.26014467592592594 0.5061284722222222 0.08516203703703704 0.04715277777777782
13 0.2937789351851852 0.39925347222222224 0.09478009259259253 0.05204861111111114
4 0.34780092592592593 0.335625 0.1677083333333333 0.07395833333333339
7 0.21890046296296295 0.6092708333333333 0.06304398148148146 0.04197916666666668
3 0.6472916666666666 0.4140277777777778 0.02662037037037024 0.03180555555555564
16 0.644069228125 0.3541197 0.2895251953125 0.260845253125 0.2754553203125 0.29592296406249996 0.634264128125 0.38833131718749997 0.644069228125 0.3541197