1 0.49296875 0.5836111111111111 0.0703125 0.275
5 0.37890625 0.605295138888889 0.059375 0.19350694444444444
2 0.20546875 0.5811284722222222 0.0578125 0.18565972222222218
8 0.58828125 0.6794791666666666 0.05 0.11673611111111111
9 0.6703125 0.5359895833333332 0.1140625 0.4197222222222223
10 0.28203125 0.5507986111111112 0.0703125 0.2734375
12 0.76171875 0.5106770833333334 0.16875 0.5053125000000002
6 0.41640625 0.6006597222222222 0.0578125 0.2075347222222222
11 0.31015625 0.6076736111111112 0.0546875 0.17309027777777786
15 0.28828125 0.136875 0.04375 0.1103472222222222
7 0.2296875 0.6480729166666667 0.0359375 0.05861111111111121
14 0.32421875 0.14470486111111108 0.0421875 0.11499999999999999
13 0.4421875 0.6660763888888889 0.0453125 0.09475694444444435
16 0.56015625 0.6022916666666667 0.06875 0.25465277777777795
0 0.3390625 0.6544097222222222 0.0390625 0.07899305555555572
4 0.51796875 0.6630729166666667 0.046875 0.12135416666666661
3 0.5546875 0.3482638888888889 0.03125 0.027256944444444466