16 0.5728125000000001 0.6760127314814814 0.07020833333333343 0.2135416666666666
9 0.6618229166666667 0.5891782407407408 0.13291666666666657 0.40787037037037044
14 0.2433854166666667 0.27083333333333337 0.056354166666666664 0.12233796296296298
0 0.32692708333333337 0.7606481481481482 0.044062500000000074 0.07789351851851851
15 0.2072395833333333 0.27129629629629626 0.0546875 0.12065972222222214
6 0.39625000000000005 0.6982638888888889 0.06937499999999996 0.20104166666666679
7 0.22208333333333333 0.7787905092592593 0.03791666666666664 0.05567129629629637
2 0.18526041666666665 0.71875 0.06135416666666664 0.1740162037037038
12 0.7438541666666666 0.5363715277777777 0.18395833333333336 0.4971643518518519
4 0.5381770833333334 0.7244791666666666 0.051875000000000074 0.12511574074074083
1 0.46333333333333326 0.716579861111111 0.059270833333333425 0.1427662037037038
11 0.2919791666666667 0.7195891203703704 0.060416666666666605 0.15995370370370382
5 0.3604166666666667 0.7058159722222223 0.0651041666666666 0.18362268518518512
8 0.6123958333333334 0.7417534722222221 0.041770833333333354 0.06684027777777786
13 0.4344270833333333 0.7497685185185186 0.044791666666666785 0.08883101851851852
10 0.2546875 0.6783564814814815 0.08093750000000002 0.25787037037037025
1 0.5066145833333333 0.7150752314814814 0.0578125 0.144212962962963
3 0.48734374999999996 0.43885995370370373 0.01656249999999986 0.01521990740740744