14 0.8150462962962962 0.6135995370370371 0.18825231481481453 0.11561342592592591
16 0.3692708333333333 0.3883101851851852 0.2844328703703704 0.14469907407407404
11 0.37795138888888885 0.7035763888888888 0.16967592592592595 0.07709490740740747
10 0.4294270833333334 0.7301157407407407 0.25659722222222214 0.10875000000000004
9 0.39131944444444444 0.25807870370370367 0.44328703703703703 0.18217592592592596
2 0.410792824074074 0.8104398148148148 0.183912037037037 0.08261574074074077
8 0.32635995370370374 0.3419212962962963 0.21232638888888894 0.09209490740740742
12 0.4242476851851852 0.15119791666666665 0.578587962962963 0.25723379629629634
7 0.3436631944444445 0.783755787037037 0.0640625 0.04589120370370381
15 0.829369212962963 0.6708217592592592 0.11927083333333321 0.06319444444444447
0 0.3320023148148148 0.6757986111111112 0.08460648148148149 0.0533449074074074
6 0.3591145833333333 0.5991087962962963 0.17123842592592595 0.07718749999999996
3 0.610648148148148 0.40339699074074076 0.030844907407407262 0.03300925925925924
5 0.4413773148148148 0.6188599537037037 0.31811342592592595 0.1279861111111112
1 0.42728587962962966 0.4919675925925926 0.35376157407407405 0.16439814814814824
4 0.3199652777777778 0.45115740740740745 0.15873842592592596 0.07644675925925917
13 0.3558810390625 0.54578948125 0.268680540625 0.5593064046875 0.2736520890625 0.5905549375 0.35697064218749996 0.5759312453125001 0.3558810390625 0.54578948125