0 0.3872916666666667 0.6902951388888889 0.04489583333333336 0.11260416666666657
5 0.43239583333333337 0.6366666666666667 0.06218749999999993 0.2317708333333332
14 0.38 0.18848958333333332 0.0453125 0.11885416666666666
6 0.4682291666666666 0.6398263888888889 0.06083333333333343 0.2348263888888889
9 0.7278125 0.5777083333333334 0.10635416666666657 0.4269097222222221
10 0.3238020833333334 0.6083333333333333 0.06270833333333332 0.2629513888888889
7 0.2774479166666667 0.7042187500000001 0.036666666666666715 0.059270833333333425
1 0.5352083333333333 0.6459374999999999 0.06104166666666657 0.2379513888888889
11 0.3550520833333334 0.6567361111111112 0.051979166666666646 0.17211805555555557
12 0.8219791666666666 0.5403645833333333 0.16520833333333335 0.5152083333333334
15 0.34182291666666664 0.18522569444444445 0.046666666666666676 0.11579861111111107
2 0.25359375 0.63890625 0.05614583333333325 0.18788194444444456
16 0.6188541666666667 0.5901041666666667 0.07416666666666671 0.3647222222222222
4 0.5682291666666667 0.6912847222222223 0.05135416666666668 0.16274305555555557
8 0.645 0.6680555555555555 0.06020833333333329 0.22545138888888888
13 0.49312500000000004 0.7130208333333334 0.04375 0.09541666666666657
3 0.6065104166666666 0.3756423611111111 0.026458333333333427 0.022986111111111106