6 0.44035879629629626 0.6984375 0.03890046296296283 0.19156250000000002
5 0.4091435185185185 0.6916666666666667 0.03739583333333343 0.19927083333333329
14 0.3086168981481482 0.22848958333333336 0.03994212962962962 0.12135416666666661
9 0.6872048611111111 0.61328125 0.07015046296296283 0.4044791666666665
0 0.36963541666666666 0.74921875 0.033333333333333305 0.07249999999999997
11 0.334537037037037 0.7390625 0.03339120370370372 0.08031249999999997
12 0.7710532407407407 0.5844791666666667 0.10509259259259256 0.4833333333333334
8 0.6171064814814814 0.7907291666666667 0.031608796296296406 0.05052083333333339
4 0.5471990740740741 0.7313541666666665 0.03548611111111111 0.15229166666666671
1 0.5161168981481481 0.7066145833333334 0.03890046296296283 0.19156249999999986
16 0.5837962962962963 0.6446875000000001 0.044618055555555536 0.33093749999999994
10 0.30495949074074075 0.6167187500000001 0.044606481481481455 0.3293749999999999
2 0.2302488425925926 0.6781770833333333 0.037233796296296265 0.17739583333333328
13 0.4758912037037037 0.7555208333333333 0.031874999999999966 0.08645833333333322
15 0.27190972222222226 0.2244791666666667 0.03678240740740737 0.11645833333333329
7 0.26332175925925927 0.7507291666666667 0.03162037037037031 0.05208333333333322
3 0.5619444444444445 0.4290625 0.02516203703703699 0.023541666666666572