11 0.3625 0.62421875 0.1671875 0.03125
10 0.40234375 0.6609375 0.25625 0.0328125
2 0.3671875 0.73046875 0.1828125 0.03125
7 0.3046875 0.69765625 0.05625 0.03125
0 0.33046875 0.58671875 0.1109375 0.03125
9 0.48828125 0.23203125 0.4203125 0.065625
12 0.5328125 0.14609375 0.5046875 0.1109375
15 0.825 0.67734375 0.1109375 0.0328125
5 0.371875 0.5546875 0.19375 0.03125
14 0.825 0.6390625 0.1109375 0.03125
6 0.37734375 0.51796875 0.20625 0.040625
4 0.35625 0.37421875 0.159375 0.03125
16 0.44453125 0.33671875 0.3375 0.0375
1 0.47265625 0.43046875 0.3953125 0.0703125
8 0.48671875 0.29921875 0.41875 0.046875
13 0.32109375 0.48125 0.0921875 0.03125
3 0.66875 0.384375 0.0203125 0.025