5 0.5004050925925926 0.58921875 0.07942129629629627 0.23621527777777765
2 0.3203472222222222 0.5922858796296296 0.07048611111111107 0.19057870370370367
9 0.7930324074074073 0.52859375 0.13924768518518532 0.4309143518518518
6 0.5350173611111111 0.6046643518518519 0.0734375 0.21409722222222224
10 0.3914756944444444 0.5627372685185186 0.08421296296296302 0.2645023148148148
14 0.4323321759259259 0.14136574074074074 0.05538194444444446 0.11969907407407407
7 0.3464351851851852 0.6622453703703703 0.041018518518518475 0.06131944444444457
16 0.6842650462962963 0.5577430555555555 0.09793981481481477 0.33842592592592596
1 0.6027604166666667 0.6105555555555556 0.07353009259259266 0.21565972222222207
4 0.6392187500000001 0.6439293981481482 0.06266203703703717 0.1636921296296297
12 0.8863541666666667 0.49005787037037035 0.20564814814814802 0.526261574074074
15 0.39294560185185184 0.1379224537037037 0.05363425925925931 0.11649305555555553
11 0.4264699074074074 0.6110763888888889 0.06643518518518512 0.17479166666666668
0 0.4558564814814815 0.657355324074074 0.047094907407407405 0.08499999999999996
8 0.7135185185185186 0.615 0.07960648148148142 0.23934027777777764
3 0.6636689814814816 0.32920138888888884 0.02795138888888893 0.024814814814814845
13 0.5637210648148148 0.6658680555555556 0.050868055555555534 0.09609953703703696