10 0.3837673611111111 0.628125 0.10491898148148149 0.259375
14 0.2925925925925926 0.22109375 0.062268518518518515 0.1203125
5 0.49285300925925923 0.6359375 0.08530092592592595 0.19375
9 0.7491898148148148 0.46484375 0.17517361111111107 0.4265625
8 0.7016782407407407 0.56640625 0.10590277777777786 0.24375
2 0.319212962962963 0.68359375 0.08350694444444447 0.1875
4 0.6384837962962963 0.62734375 0.07795138888888893 0.1640625
0 0.4677662037037037 0.7015625 0.053125 0.084375
6 0.526880787037037 0.62421875 0.09212962962962959 0.209375
15 0.25549768518518523 0.23125 0.06371527777777786 0.1171875
16 0.6613136574074074 0.559375 0.11192129629629619 0.2796875
12 0.827662037037037 0.3921875 0.24097222222222214 0.515625
11 0.4259837962962963 0.66953125 0.07980324074074083 0.171875
13 0.573582175925926 0.67109375 0.05827546296296297 0.096875
7 0.36397569444444444 0.740625 0.042881944444444466 0.0609375
1 0.6048900462962963 0.6484375 0.07037037037037042 0.128125
3 0.5710069444444444 0.31875 0.033912037037037025 0.0296875