2 0.2959375 0.7551793981481482 0.1796875 0.05733796296296294
14 0.7591666666666667 0.6234548611111111 0.1232291666666665 0.05087962962962962
1 0.36546874999999995 0.4592476851851853 0.34510416666666666 0.08737268518518526
8 0.323125 0.3590393518518519 0.2569791666666667 0.07281250000000003
9 0.3955208333333334 0.2886053240740741 0.4139583333333333 0.11635416666666672
13 0.24416666666666664 0.5162384259259258 0.09010416666666661 0.04424768518518505
3 0.5817708333333333 0.3896238425925926 0.030520833333333285 0.03760416666666675
12 0.44281249999999994 0.1978703703703704 0.5090625 0.16556712962962963
10 0.33234375 0.6759837962962962 0.24749999999999997 0.0706944444444444
6 0.2999479166666667 0.54328125 0.20489583333333333 0.06194444444444436
16 0.35510416666666667 0.3929398148148148 0.3309375 0.08497685185185189
0 0.24171874999999998 0.6229918981481481 0.07739583333333329 0.04038194444444443
5 0.29229166666666667 0.576417824074074 0.18447916666666667 0.05917824074074076
4 0.27171875 0.4414583333333333 0.15145833333333333 0.05410879629629619
15 0.76 0.6576446759259259 0.12166666666666667 0.05078703703703695
7 0.23239583333333336 0.7278182870370371 0.053749999999999964 0.0358680555555555
11 0.28817708333333336 0.6498090277777777 0.16395833333333334 0.05484953703703717