14 0.447494212962963 0.8101041666666667 0.05190972222222214 0.12041666666666657
9 0.7705671296296297 0.3799479166666667 0.1328125 0.4298958333333333
10 0.3672106481481482 0.3990104166666667 0.08116898148148141 0.2658333333333333
6 0.5071585648148147 0.34036458333333336 0.072013888888889 0.22000000000000003
2 0.29454861111111114 0.37723958333333335 0.0664467592592592 0.19000000000000003
11 0.39773726851851854 0.34609375 0.06285879629629632 0.17416666666666672
1 0.5731481481481482 0.321875 0.071875 0.21531249999999993
12 0.8677488425925926 0.4102604166666667 0.19528935185185184 0.5385416666666666
7 0.3128009259259259 0.30635416666666665 0.03925925925925924 0.061875000000000034
5 0.4732002314814815 0.35671875000000003 0.07721064814814813 0.2375
16 0.6582465277777778 0.3670833333333333 0.09603009259259263 0.34635416666666663
4 0.6021122685185185 0.2690625 0.053611111111111144 0.1252083333333333
15 0.4101793981481482 0.8188541666666668 0.05190972222222214 0.12041666666666657
0 0.4212326388888889 0.29364583333333333 0.046203703703703705 0.08572916666666668
8 0.683599537037037 0.29807291666666663 0.07362268518518515 0.22166666666666668
13 0.5295023148148148 0.27546875000000004 0.04979166666666668 0.1015625
3 0.6617650462962963 0.5915104166666667 0.03189814814814831 0.023958333333333394