14 0.861545138888889 0.5028125 0.18916666666666657 0.12010416666666668
16 0.3968229166666667 0.3426041666666667 0.2855902777777778 0.15145833333333333
11 0.4373090277777778 0.6541145833333333 0.1703125 0.08145833333333333
10 0.49065972222222226 0.6732812499999999 0.25593749999999993 0.11520833333333336
9 0.4057986111111111 0.20958333333333332 0.4447222222222223 0.1916666666666667
2 0.4794270833333333 0.7555208333333333 0.18458333333333332 0.08708333333333336
8 0.34956597222222224 0.301875 0.21149305555555548 0.09666666666666668
12 0.4283159722222222 0.11729166666666666 0.5806597222222221 0.2345833333333333
7 0.41052083333333333 0.7389583333333334 0.06437500000000007 0.046354166666666606
15 0.8820138888888888 0.5578645833333333 0.11975694444444471 0.065625
0 0.38779513888888884 0.6331249999999999 0.08503472222222222 0.05552083333333328
6 0.40776041666666674 0.5534375 0.171875 0.08156250000000007
3 0.6380555555555556 0.3226041666666667 0.032638888888888926 0.033333333333333305
5 0.49112847222222217 0.5604166666666667 0.3191319444444446 0.13499999999999995
1 0.46447916666666667 0.43682291666666667 0.35510416666666667 0.17322916666666668
4 0.35368055555555555 0.41208333333333336 0.1593055555555555 0.07916666666666661
13 0.3990673703125 0.5006775828125 0.31379149375000004 0.5265727546875001 0.32181284374999997 0.55690388125 0.403123865625 0.530464284375 0.3990673703125 0.5006775828125