9 0.47265625 0.3171875 0.4265625 0.0609375
10 0.40703125 0.70859375 0.271875 0.0359375
5 0.384375 0.603125 0.228125 0.034375
16 0.446875 0.42265625 0.35625 0.0359375
12 0.528125 0.228125 0.5140625 0.0984375
11 0.3546875 0.675 0.16875 0.03125
14 0.825 0.71328125 0.1171875 0.0328125
6 0.38515625 0.56640625 0.2234375 0.0328125
15 0.82421875 0.7515625 0.1140625 0.034375
1 0.38203125 0.490625 0.2265625 0.034375
2 0.3671875 0.78203125 0.184375 0.0359375
4 0.32890625 0.45546875 0.121875 0.0328125
0 0.3265625 0.63828125 0.1109375 0.0328125
13 0.31640625 0.53203125 0.09375 0.0328125
7 0.3015625 0.75 0.0546875 0.03125
8 0.31796875 0.38125 0.1 0.0359375
3 0.66171875 0.45859375 0.021875 0.0265625