5 0.58828125 0.48656249999999995 0.24284722222222221 0.06604166666666664
2 0.5904166666666667 0.6663541666666667 0.18802083333333322 0.059270833333333425
9 0.5371701388888889 0.19942708333333334 0.43045138888888895 0.11593750000000003
14 0.14119791666666667 0.5911458333333333 0.11906249999999999 0.05
6 0.5890972222222223 0.45067708333333334 0.24753472222222223 0.06635416666666671
15 0.1386458333333333 0.6310416666666667 0.11586805555555557 0.04822916666666668
7 0.6611631944444445 0.634375 0.05920138888888893 0.035104166666666714
16 0.5394444444444445 0.30598958333333337 0.38232638888888887 0.08468749999999999
10 0.5615451388888889 0.5973958333333333 0.2631597222222222 0.06739583333333332
11 0.611545138888889 0.5590104166666666 0.17069444444444457 0.05500000000000007
12 0.49439236111111107 0.11036458333333335 0.5232291666666666 0.17041666666666666
4 0.6491145833333334 0.34463541666666664 0.16125000000000006 0.05281250000000002
1 0.5999652777777778 0.38140625000000006 0.2537847222222222 0.06677083333333336
8 0.6961979166666666 0.26671875 0.08142361111111107 0.04437499999999996
0 0.6605208333333333 0.5261458333333333 0.08128472222222224 0.04124999999999997
13 0.6700694444444444 0.41645833333333326 0.09392361111111107 0.04520833333333343
3 0.3345659722222222 0.3414583333333333 0.02631944444444443 0.03135416666666666