5 0.5633391203703704 0.61328125 0.08211805555555571 0.234375
14 0.5770833333333334 0.16171875 0.054340277777777855 0.1171875
2 0.7417824074074074 0.60078125 0.07094907407407405 0.1859375
9 0.2658275462962963 0.575 0.14537037037037043 0.4234375
7 0.7241030092592593 0.671875 0.04137731481481488 0.0625
10 0.6682291666666667 0.5765625 0.08778935185185191 0.2609375
6 0.532494212962963 0.6453125 0.06921296296296298 0.18125
1 0.4684606481481481 0.6671875 0.0653356481481481 0.1609375
12 0.16762152777777778 0.5390625 0.20995370370370373 0.521875
11 0.638888888888889 0.628125 0.06724537037037023 0.1703125
4 0.4366898148148148 0.6953125 0.05601851851851851 0.1203125
15 0.6143518518518519 0.15546875 0.054282407407407265 0.115625
0 0.6156828703703704 0.6765625 0.04525462962962976 0.0828125
16 0.3758101851851852 0.59140625 0.10486111111111107 0.3421875
13 0.5092592592592593 0.69296875 0.05208333333333339 0.0984375
3 0.3651331018518519 0.36640625 0.029050925925925952 0.025
8 0.3408275462962963 0.59609375 0.10659722222222215 0.346875