9 0.20354166666666665 0.39899305555555553 0.18520833333333328 0.4390046296296296
4 0.37786458333333334 0.30865740740740744 0.07979166666666666 0.16766203703703705
1 0.40843749999999995 0.3314814814814815 0.08583333333333343 0.1881134259259259
8 0.31552083333333336 0.2692361111111111 0.07072916666666665 0.12528935185185192
0 0.56546875 0.3361342592592592 0.0640625 0.11885416666666675
16 0.32067708333333333 0.3797627314814815 0.13322916666666665 0.33766203703703707
11 0.5879166666666666 0.37515624999999997 0.08197916666666671 0.17708333333333331
13 0.4632291666666667 0.2963136574074074 0.0595833333333335 0.09844907407407408
14 0.4853645833333333 0.8449247685185185 0.06927083333333321 0.12680555555555556
12 0.10950520833333333 0.42787615740740736 0.21901041666666665 0.5344212962962963
15 0.5238541666666666 0.8546759259259259 0.06895833333333332 0.12211805555555558
6 0.47916666666666663 0.36254050925925924 0.09364583333333343 0.21173611111111112
2 0.6934375 0.41272569444444446 0.0875 0.1897222222222222
10 0.6208854166666666 0.38552662037037033 0.08343749999999997 0.17556712962962964
3 0.28604166666666664 0.617488425925926 0.03791666666666664 0.03075231481481495
7 0.6778124999999999 0.34181134259259255 0.04812499999999993 0.06692129629629626
5 0.5294270833333334 0.3248900462962963 0.06187499999999986 0.10943287037037042