2 0.36328125 0.6796875 0.1859375 0.0328125
8 0.37890625 0.28125 0.221875 0.0359375
14 0.82109375 0.625 0.115625 0.03125
11 0.3515625 0.5734375 0.16875 0.03125
1 0.353125 0.39375 0.1703125 0.0328125
9 0.478125 0.2171875 0.4234375 0.065625
10 0.3984375 0.60703125 0.2578125 0.034375
12 0.53125 0.13125 0.50625 0.10625
4 0.34453125 0.35546875 0.15625 0.0328125
7 0.2953125 0.6453125 0.0546875 0.028125
15 0.8203125 0.6640625 0.1140625 0.034375
16 0.43359375 0.3203125 0.3296875 0.0421875
0 0.31015625 0.53984375 0.078125 0.03125
6 0.33125 0.465625 0.1265625 0.03125
5 0.36484375 0.50234375 0.1890625 0.034375
3 0.6609375 0.36953125 0.0234375 0.025
13 0.31484375 0.43046875 0.090625 0.0328125