6 0.4737789351851852 0.6841724537037037 0.06203703703703702 0.1994791666666666
9 0.21761574074074072 0.5829861111111112 0.12357638888888892 0.43478009259259254
14 0.5823611111111111 0.2169560185185185 0.047222222222222145 0.12042824074074074
11 0.5825347222222221 0.6867476851851851 0.05821759259259274 0.17581018518518512
10 0.6136805555555556 0.6397280092592592 0.07184027777777793 0.26724537037037044
2 0.6917997685185184 0.6721354166666667 0.06185185185185169 0.19322916666666679
5 0.5113483796296296 0.6846064814814815 0.06208333333333336 0.20104166666666662
16 0.3274652777777778 0.6279224537037037 0.08462962962962965 0.33055555555555555
4 0.37048611111111107 0.7086226851851851 0.05486111111111107 0.16776620370370382
12 0.1171875 0.537181712962963 0.17635416666666667 0.5322337962962962
1 0.402505787037037 0.6585358796296296 0.07459490740740726 0.2549768518518519
7 0.663130787037037 0.741261574074074 0.03618055555555557 0.06348379629629619
15 0.6200694444444445 0.21270254629629629 0.05020833333333332 0.11597222222222223
0 0.5538020833333334 0.7315972222222222 0.04321759259259252 0.09050925925925934
8 0.30105902777777777 0.752806712962963 0.04440972222222221 0.078125
13 0.4464236111111111 0.7353877314814815 0.046481481481481526 0.09542824074074083
3 0.347806712962963 0.390625 0.027256944444444466 0.02540509259259256