0 0.5644791666666666 0.2711458333333333 0.052604166666666785 0.0890625
9 0.20395833333333332 0.3822916666666667 0.17635416666666667 0.45197916666666665
6 0.48135416666666675 0.3046875 0.07531250000000007 0.17302083333333335
10 0.5983333333333334 0.41666666666666663 0.12114583333333329 0.3471875000000001
8 0.29760416666666667 0.28427083333333336 0.0822916666666667 0.184375
5 0.5200520833333334 0.2958854166666667 0.06885416666666658 0.14614583333333328
16 0.31942708333333336 0.35359375000000004 0.11218750000000002 0.30614583333333323
14 0.4997916666666667 0.7747916666666667 0.06125000000000007 0.12541666666666665
4 0.3690104166666667 0.28651041666666666 0.07510416666666667 0.16989583333333336
12 0.11239583333333333 0.43515625 0.22479166666666667 0.5673958333333333
11 0.5965104166666666 0.2806770833333333 0.05458333333333343 0.09541666666666666
2 0.7005208333333334 0.31885416666666666 0.06489583333333329 0.13343749999999996
7 0.6753125 0.27697916666666667 0.04645833333333336 0.06687499999999993
1 0.40421874999999996 0.2950520833333333 0.07697916666666664 0.17468750000000002
3 0.2970833333333333 0.6070833333333333 0.041145833333333395 0.03385416666666678
13 0.4577604166666667 0.25026041666666665 0.05031250000000007 0.07802083333333334
15 0.5313020833333333 0.78046875 0.057916666666666575 0.1220833333333335