14 0.78671875 0.70546875 0.1140625 0.0296875
15 0.78828125 0.740625 0.109375 0.0296875
10 0.3640625 0.73046875 0.2484375 0.0296875
11 0.32109375 0.69140625 0.1625 0.03125
6 0.33359375 0.5859375 0.196875 0.03125
9 0.43828125 0.31015625 0.403125 0.0515625
12 0.49140625 0.22890625 0.4828125 0.0890625
5 0.328125 0.62109375 0.1796875 0.0296875
2 0.32890625 0.79765625 0.1734375 0.0296875
4 0.30859375 0.44453125 0.15 0.0296875
0 0.275 0.6578125 0.075 0.028125
8 0.3015625 0.37578125 0.134375 0.03125
7 0.2640625 0.7625 0.0515625 0.028125
16 0.3546875 0.409375 0.2390625 0.0328125
13 0.278125 0.55234375 0.084375 0.028125
3 0.61796875 0.44296875 0.0234375 0.0328125
1 0.315625 0.515625 0.1546875 0.0296875
16 0.4390625 0.47734375 0.40625 0.0296875