14 0.7719444444444444 0.7058333333333333 0.06556712962962959 0.18343750000000014
9 0.3240219907407408 0.44328124999999996 0.12254629629629629 0.41145833333333337
1 0.4846701388888889 0.38161458333333337 0.08939814814814824 0.3127083333333333
5 0.5872511574074074 0.3340104166666667 0.07562499999999997 0.2572916666666667
11 0.6434895833333333 0.2393229166666667 0.04171296296296294 0.08375000000000003
12 0.2535821759259259 0.5059895833333334 0.18067129629629627 0.5414583333333333
4 0.4376504629629629 0.30635416666666665 0.054328703703703594 0.146875
2 0.7567476851851852 0.26156250000000003 0.05726851851851862 0.17354166666666665
0 0.6066493055555556 0.23942708333333335 0.03966435185185198 0.07427083333333329
16 0.4176446759259259 0.38921875000000006 0.08298611111111107 0.3091666666666667
6 0.5496006944444444 0.3184895833333333 0.06702546296296283 0.21156250000000004
7 0.7093402777777778 0.2090625 0.03704861111111111 0.05385416666666672
8 0.36484375 0.2931770833333333 0.04820601851851851 0.08885416666666668
10 0.6968171296296296 0.34552083333333333 0.08684027777777778 0.3234375
15 0.8457581018518517 0.6930729166666667 0.04950231481481495 0.11385416666666667
13 0.5036747685185186 0.2643229166666667 0.04343749999999993 0.08697916666666661
3 0.4836053240740741 0.5878645833333334 0.02292824074074069 0.021770833333333427