14 0.6140625 0.822795138888889 0.0375 0.117465277777778
9 0.2359375 0.45918981481481486 0.071875 0.4239699074074075
6 0.4890625 0.3682523148148148 0.040625 0.2128009259259259
5 0.525 0.3797048611111111 0.04375 0.231574074074074
15 0.65234375 0.823292824074074 0.0359375 0.11432870370370374
2 0.70546875 0.36586805555555557 0.04375 0.18626157407407398
1 0.41796875 0.36487268518518523 0.046875 0.21440972222222215
10 0.63203125 0.40078703703703705 0.046875 0.26128472222222215
16 0.3421875 0.4271527777777778 0.046875 0.33940972222222215
7 0.67265625 0.3020486111111111 0.0296875 0.05803240740740741
4 0.38203125 0.33467013888888886 0.040625 0.159675925925926
12 0.14296875 0.5036284722222223 0.11875 0.5102546296296296
11 0.5984375 0.3533796296296296 0.0421875 0.17062499999999997
13 0.45703125 0.3083333333333333 0.0359375 0.09401620370370374
3 0.37421875 0.6511342592592593 0.028125 0.025208333333333322
8 0.30703125 0.37350694444444443 0.046875 0.23940972222222223
0 0.565625 0.3098726851851852 0.034375 0.08150462962962965