5 0.365625 0.51953125 0.1921875 0.0328125
2 0.3640625 0.6984375 0.184375 0.0328125
9 0.47109375 0.2328125 0.421875 0.0578125
4 0.3421875 0.37734375 0.159375 0.03125
6 0.371875 0.48359375 0.209375 0.0328125
15 0.8234375 0.6640625 0.109375 0.0328125
14 0.8234375 0.62578125 0.1140625 0.03125
10 0.40078125 0.63046875 0.259375 0.0328125
7 0.296875 0.66640625 0.05625 0.028125
12 0.525 0.14609375 0.5078125 0.10625
11 0.35546875 0.590625 0.16875 0.03125
8 0.35 0.303125 0.175 0.034375
16 0.446875 0.33828125 0.3640625 0.0359375
0 0.3109375 0.5578125 0.0796875 0.0296875
1 0.38125 0.4140625 0.228125 0.0375
13 0.3125 0.44921875 0.09375 0.0328125
3 0.65703125 0.37734375 0.01875 0.021875