2 0.6448958333333333 0.6476909722222223 0.0546875 0.18874999999999992
8 0.24536458333333333 0.6405497685185185 0.06177083333333337 0.22482638888888892
14 0.5963020833333333 0.19066550925925924 0.0453125 0.1182986111111111
11 0.53828125 0.6617534722222222 0.051979166666666646 0.1715162037037036
1 0.3580729166666667 0.6642418981481482 0.05364583333333339 0.17312499999999992
9 0.18296874999999999 0.5432002314814814 0.11593749999999999 0.42915509259259255
10 0.5727604166666668 0.6142418981481482 0.06572916666666657 0.2608101851851853
12 0.09791666666666667 0.4921469907407408 0.166875 0.5148726851851851
4 0.3198958333333334 0.6732870370370371 0.051145833333333356 0.1590162037037036
7 0.6090104166666667 0.7162962962962963 0.03500000000000014 0.05717592592592595
15 0.6354166666666666 0.1910416666666667 0.04833333333333343 0.11682870370370368
16 0.28583333333333333 0.5853877314814815 0.08145833333333333 0.3330092592592592
0 0.5041666666666667 0.7037962962962963 0.04124999999999997 0.08075231481481478
6 0.42953125 0.6843634259259259 0.04604166666666672 0.1292361111111111
5 0.46703124999999995 0.6502488425925926 0.0564583333333335 0.19192129629629626
3 0.33786458333333336 0.35678819444444443 0.02822916666666675 0.025787037037037042
13 0.3947395833333333 0.7013368055555556 0.043645833333333425 0.09329861111111111