5 0.48542245370370374 0.4148726851851851 0.0517824074074074 0.24358796296296284
2 0.3091203703703703 0.3692534722222222 0.048252314814814845 0.18871527777777777
9 0.7643402777777778 0.5353530092592592 0.09065972222222207 0.43174768518518525
14 0.34630787037037036 0.8357233796296295 0.043055555555555534 0.11968749999999986
6 0.5213194444444444 0.42247106481481483 0.05181712962962966 0.24827546296296282
15 0.30728587962962967 0.8279398148148147 0.04146990740740737 0.11646990740740719
7 0.34631944444444446 0.30658564814814815 0.03167824074074073 0.059664351851851816
16 0.6590393518518518 0.5064467592592592 0.06218749999999993 0.3832060185185185
10 0.3736574074074074 0.4145023148148148 0.0519328703703704 0.263900462962963
11 0.41616898148148146 0.3732523148148148 0.04500000000000011 0.1713425925925926
12 0.849056712962963 0.5997743055555554 0.13976851851851854 0.5252430555555556
4 0.6310011574074075 0.3875462962962963 0.04336805555555543 0.16187499999999994
1 0.5900578703703704 0.42810763888888886 0.051863425925925986 0.254525462962963
8 0.710931712962963 0.3594560185185185 0.03965277777777772 0.08200231481481488
0 0.4524247685185186 0.33241319444444445 0.036527777777777715 0.08181712962962964
13 0.56171875 0.3498321759259259 0.03974537037037038 0.09450231481481479
3 0.6075578703703703 0.7034837962962963 0.029872685185185155 0.02675925925925924