6 0.6477777777777778 0.4924189814814815 0.19072916666666656 0.05150462962962958
5 0.6440104166666667 0.5246238425925925 0.19847222222222224 0.050520833333333216
14 0.1903125 0.6937210648148149 0.12048611111111111 0.04785879629629619
9 0.5396180555555555 0.26293402777777775 0.40298611111111116 0.09681712962962959
0 0.7049479166666666 0.555150462962963 0.07177083333333342 0.03802083333333321
11 0.6986979166666666 0.5906539351851852 0.07958333333333342 0.03859953703703702
12 0.5041319444444444 0.18535879629629629 0.48107638888888893 0.13686342592592596
8 0.7238368055555556 0.30535300925925923 0.04982638888888893 0.03483796296296297
4 0.6705729166666667 0.382494212962963 0.15152777777777776 0.045486111111111074
1 0.6495833333333334 0.41675347222222225 0.19072916666666656 0.05150462962962958
16 0.581232638888889 0.36030092592592594 0.33000000000000007 0.06649305555555554
10 0.5782118055555555 0.6385127314814815 0.32843750000000005 0.06637731481481488
2 0.6469965277777778 0.7027199074074074 0.17659722222222224 0.04890046296296298
13 0.7018576388888889 0.4494791666666667 0.08576388888888893 0.0375
15 0.18946180555555553 0.7303819444444445 0.1156597222222222 0.04438657407407405
7 0.7167013888888889 0.6586226851851851 0.05138888888888893 0.034953703703703806
3 0.36703125000000003 0.4143229166666666 0.022986111111111106 0.02662037037037024