9 0.558420138888889 0.3439988425925926 0.41646990740740736 0.11714120370370366
14 0.15896412037037036 0.6894965277777778 0.17856481481481482 0.060694444444444426
2 0.6080960648148148 0.810017361111111 0.18636574074074092 0.05918981481481467
0 0.6801736111111112 0.6777314814814815 0.08000000000000007 0.04277777777777771
16 0.6419791666666667 0.45478009259259267 0.222337962962963 0.0641435185185184
12 0.5224131944444445 0.24763310185185183 0.565486111111111 0.1963657407407407
5 0.6312847222222222 0.6328356481481482 0.1957523148148148 0.060821759259259166
8 0.6735185185185185 0.41594907407407405 0.15821759259259255 0.05585648148148152
11 0.6689988425925926 0.7096817129629629 0.08781250000000007 0.04283564814814813
4 0.6854340277777778 0.49494791666666665 0.1237962962962964 0.04935185185185187
10 0.5852256944444445 0.73328125 0.2489467592592593 0.07059027777777782
15 0.1490335648148148 0.7644270833333333 0.12065972222222224 0.0477662037037037
1 0.6219502314814814 0.5218229166666667 0.24581018518518505 0.06900462962962947
13 0.6887962962962962 0.5684143518518519 0.09563657407407397 0.04445601851851855
6 0.6799421296296296 0.6035069444444444 0.09563657407407397 0.04445601851851855
7 0.6754918981481481 0.7823900462962963 0.058101851851851904 0.03949074074074073
3 0.35368055555555555 0.454988425925926 0.044074074074074064 0.044074074074073974
14 0.1572800925925926 0.7058912037037037 0.1819560185185185 0.0966550925925926