0 0.26875 0.6203125 0.071875 0.03125
14 0.78359375 0.70625 0.1171875 0.03125
9 0.4375 0.3125 0.403125 0.0546875
2 0.3203125 0.76328125 0.175 0.03125
10 0.35703125 0.690625 0.24375 0.03125
11 0.31328125 0.65703125 0.1609375 0.03125
8 0.30703125 0.37109375 0.1453125 0.0328125
4 0.30703125 0.44453125 0.15 0.03125
5 0.3203125 0.5875 0.1796875 0.0328125
12 0.484375 0.22890625 0.496875 0.0890625
15 0.7828125 0.74140625 0.1140625 0.03125
13 0.2734375 0.515625 0.084375 0.0296875
1 0.4015625 0.47734375 0.34375 0.0328125
16 0.35390625 0.4125 0.2421875 0.0328125
7 0.25859375 0.72578125 0.05 0.028125
3 0.61484375 0.446875 0.0234375 0.025
6 0.2875 0.55078125 0.1140625 0.03125