14 0.41748263888888887 0.8553587962962963 0.04121527777777771 0.12087962962962955
9 0.7958333333333333 0.5146759259259259 0.08690972222222211 0.44773148148148145
2 0.31715277777777773 0.4037152777777778 0.04555555555555557 0.1834722222222222
6 0.5357118055555555 0.394849537037037 0.04232638888888882 0.14587962962962972
12 0.8917361111111111 0.5686689814814815 0.13868055555555542 0.5256018518518518
16 0.6866145833333334 0.4591145833333333 0.05270833333333336 0.2742824074074074
15 0.37689236111111113 0.853732638888889 0.04270833333333339 0.11940972222222221
8 0.7214236111111111 0.38325810185185183 0.041145833333333395 0.11931712962962955
1 0.6051041666666667 0.3958449074074074 0.042326388888889 0.14587962962962964
11 0.4261111111111111 0.4008217592592593 0.04166666666666661 0.16609953703703706
10 0.3862673611111111 0.3984606481481482 0.04329861111111111 0.16775462962962956
0 0.4570138888888889 0.3597974537037037 0.03642361111111114 0.08319444444444439
7 0.3473263888888889 0.3462847222222222 0.035243055555555534 0.056631944444444395
5 0.4970833333333333 0.3847685185185185 0.03864583333333336 0.13319444444444448
4 0.6466319444444444 0.3835011574074074 0.04107638888888889 0.11775462962962954
13 0.5679861111111111 0.3671527777777778 0.036840277777777784 0.09256944444444448
3 0.6598090277777777 0.6975173611111111 0.027604166666666607 0.025011574074074082