6 0.3375 0.553125 0.196875 0.03125
12 0.4953125 0.23515625 0.4796875 0.0859375
11 0.3203125 0.6578125 0.1578125 0.03125
10 0.3734375 0.6921875 0.2640625 0.03125
0 0.27734375 0.621875 0.0734375 0.028125
1 0.33984375 0.48046875 0.1984375 0.03125
9 0.4390625 0.315625 0.3953125 0.05
8 0.3328125 0.37578125 0.1859375 0.03125
5 0.32109375 0.5890625 0.1578125 0.03125
7 0.26640625 0.7265625 0.0515625 0.028125
14 0.78984375 0.703125 0.1140625 0.0296875
13 0.28125 0.51796875 0.0875 0.028125
4 0.29296875 0.4484375 0.1109375 0.0296875
2 0.32734375 0.76328125 0.1734375 0.03125
16 0.39921875 0.41171875 0.325 0.0375
15 0.790625 0.73828125 0.109375 0.03125
3 0.61640625 0.45 0.0109375 0.01875