14 0.790625 0.70234375 0.1453125 0.0328125
9 0.44140625 0.31015625 0.409375 0.053125
8 0.3234375 0.37109375 0.175 0.0328125
12 0.490625 0.2265625 0.4859375 0.0875
4 0.30703125 0.44453125 0.146875 0.0296875
13 0.27734375 0.515625 0.084375 0.0296875
1 0.31953125 0.48125 0.16875 0.0390625
11 0.27734375 0.6578125 0.0796875 0.028125
15 0.78984375 0.73828125 0.115625 0.03125
2 0.32890625 0.76484375 0.1734375 0.03125
16 0.36171875 0.41171875 0.2546875 0.03125
7 0.2609375 0.73046875 0.05 0.0296875
10 0.3984375 0.69140625 0.328125 0.0328125
0 0.2734375 0.6203125 0.0734375 0.03125
6 0.328125 0.55078125 0.184375 0.0359375
3 0.61640625 0.44375 0.0203125 0.0234375
5 0.27890625 0.5875 0.084375 0.034375