1 0.4483796296296296 0.36015625 0.09068287037037023 0.2125
13 0.47427662037037044 0.29375 0.05671296296296298 0.096875
9 0.30483217592592593 0.50234375 0.16996527777777776 0.4125
10 0.6626446759259259 0.33359375 0.10318287037037024 0.2546875
2 0.7255787037037036 0.2796875 0.0818287037037038 0.184375
6 0.5224247685185185 0.34375 0.090625 0.2109375
8 0.343287037037037 0.3921875 0.08900462962962959 0.209375
0 0.579369212962963 0.26171875 0.053125 0.084375
12 0.23177083333333334 0.5765625 0.23292824074074076 0.509375
11 0.619386574074074 0.29921875 0.07824074074074083 0.171875
16 0.39956597222222223 0.4546875 0.13530092592592596 0.3625
5 0.5491319444444445 0.29765625 0.06574074074074084 0.1296875
14 0.76171875 0.73828125 0.06047453703703702 0.1140625
15 0.7972511574074075 0.728125 0.05891203703703703 0.1140625
7 0.6799189814814814 0.22578125 0.04282407407407405 0.059375
4 0.40512152777777777 0.32578125 0.06545138888888893 0.121875
3 0.48321759259259256 0.64296875 0.02754629629629619 0.0265625