1 0.6263310185185185 0.5411805555555556 0.25190972222222213 0.10479166666666676
9 0.5980034722222223 0.3552430555555556 0.4136574074074074 0.17593750000000002
6 0.6034143518518519 0.6105902777777779 0.25190972222222213 0.10479166666666657
14 0.14965277777777777 0.6287673611111112 0.1241898148148148 0.06791666666666671
12 0.580295138888889 0.2628993055555556 0.50625 0.23309027777777774
11 0.6148726851851851 0.7237847222222222 0.1666666666666668 0.07760416666666661
10 0.5841724537037037 0.7498090277777777 0.20625 0.09340277777777786
0 0.6673032407407408 0.7026388888888888 0.07829861111111107 0.050277777777777644
8 0.7495659722222221 0.46762152777777777 0.06886574074074084 0.04829861111111118
16 0.583275462962963 0.4571006944444445 0.375 0.1430208333333333
4 0.7034143518518519 0.5305208333333333 0.1177662037037038 0.06295138888888889
2 0.5782696759259259 0.8246701388888888 0.17934027777777786 0.08284722222222207
13 0.69453125 0.6013368055555556 0.0862268518518519 0.053749999999999964
7 0.6470486111111111 0.8058159722222221 0.0578125 0.04468749999999986
5 0.6276331018518518 0.6539236111111111 0.1872685185185185 0.0863194444444444
15 0.13816550925925924 0.6642534722222223 0.1209490740740741 0.06465277777777771
3 0.3877604166666667 0.4327604166666667 0.029224537037037025 0.03093749999999993