14 0.36173611111111115 0.1633101851851852 0.04329861111111111 0.12181712962962962
9 0.7879340277777778 0.48295717592592596 0.09270833333333339 0.4483796296296296
2 0.32253472222222224 0.615914351851852 0.047812500000000036 0.18443287037037023
6 0.5430034722222222 0.6147858796296296 0.04385416666666657 0.14681712962962976
12 0.87734375 0.4249131944444445 0.1444097222222222 0.5267939814814815
16 0.6860763888888889 0.5438078703703704 0.056076388888888926 0.2752893518518519
15 0.3211631944444444 0.16715856481481478 0.04482638888888886 0.1203125
8 0.7307118055555556 0.6172164351851851 0.04326388888888886 0.12025462962962977
1 0.6125 0.610648148148148 0.04385416666666675 0.14681712962962976
11 0.4327430555555555 0.6141782407407407 0.042743055555555645 0.16707175925925916
10 0.3929513888888889 0.6179976851851852 0.045902777777777806 0.16875
0 0.4687847222222222 0.6527199074074075 0.037777777777777646 0.0841435185185185
7 0.36053819444444446 0.6723668981481481 0.03562500000000002 0.057523148148148094
5 0.5057291666666666 0.6263310185185185 0.040451388888888926 0.13420138888888894
4 0.6557291666666666 0.6207754629629629 0.043229166666666784 0.11869212962962958
13 0.5795486111111111 0.640798611111111 0.037986111111111144 0.09351851851851851
3 0.6261111111111111 0.3083333333333333 0.028680555555555643 0.02604166666666661