14 0.6624479166666667 0.19205439814814812 0.05087962962962962 0.12063657407407406
10 0.6474189814814815 0.611099537037037 0.08108796296296301 0.2614236111111111
9 0.2581712962962963 0.5053414351851852 0.1250925925925926 0.4241782407407408
5 0.5405381944444445 0.6408101851851852 0.06782407407407405 0.19572916666666665
2 0.7188541666666667 0.6559027777777777 0.06276620370370374 0.1894444444444444
15 0.7016493055555555 0.19410879629629632 0.04903935185185197 0.11593749999999999
8 0.32360532407407405 0.5939583333333334 0.07896990740740736 0.25203703703703706
4 0.39554976851851853 0.647355324074074 0.05962962962962966 0.1628703703703703
0 0.5750752314814814 0.6960474537037037 0.0439699074074074 0.0831018518518519
12 0.17441550925925925 0.45046875000000003 0.17908564814814815 0.518287037037037
6 0.5038310185185185 0.66765625 0.05593749999999993 0.1269212962962964
16 0.3590393518518519 0.5983854166666667 0.07943287037037035 0.2598495370370369
11 0.6101678240740741 0.655144675925926 0.058530092592592634 0.17067129629629624
13 0.46652199074074074 0.6843460648148149 0.047835648148148203 0.09562500000000007
7 0.6834953703703703 0.7186921296296296 0.039548611111111145 0.06120370370370374
1 0.4341261574074074 0.5861053240740741 0.08403935185185193 0.28487268518518505
3 0.4059837962962963 0.3354224537037037 0.031076388888888928 0.023657407407407405