14 0.7185474537037037 0.7898611111111111 0.04918981481481488 0.11682870370370377
2 0.708275462962963 0.3235185185185185 0.06545138888888893 0.18902777777777774
9 0.26817129629629627 0.4915856481481481 0.13148148148148148 0.427962962962963
16 0.37213541666666666 0.4681481481481482 0.10190972222222223 0.3865509259259259
15 0.7564814814814815 0.7840393518518519 0.05208333333333339 0.11379629629629626
10 0.6482349537037037 0.36914351851851857 0.0787037037037038 0.2626967592592592
5 0.5335648148148149 0.3326099537037037 0.06371527777777786 0.16559027777777774
12 0.18697916666666664 0.5581944444444444 0.18495370370370373 0.5184143518518519
6 0.5019965277777778 0.3820891203703704 0.07800925925925917 0.25332175925925926
7 0.6653645833333334 0.2621527777777778 0.04033564814814809 0.06043981481481477
11 0.6014756944444445 0.32981481481481484 0.06105324074074083 0.17174768518518507
4 0.3882233796296296 0.3470949074074074 0.05879629629629628 0.16232638888888892
1 0.4345486111111111 0.3911342592592593 0.07847222222222214 0.25957175925925924
0 0.5618055555555556 0.29105902777777776 0.04542824074074083 0.08709490740740744
8 0.3072048611111111 0.3314872685185185 0.05306712962962967 0.10603009259259259
13 0.4541377314814815 0.30677662037037035 0.04901620370370363 0.09343749999999992
3 0.4434606481481481 0.6594270833333333 0.026851851851851904 0.02574074074074062