5 0.34380787037037036 0.4913483796296296 0.23744212962962968 0.07112268518518512
2 0.2902199074074074 0.6678530092592593 0.1916666666666667 0.06319444444444447
9 0.484375 0.21345486111111112 0.43298611111111107 0.12355324074074074
6 0.33871527777777777 0.45491898148148147 0.21521990740740743 0.065625
10 0.3394386574074074 0.6029224537037037 0.2656828703703703 0.0737268518518519
14 0.7564525462962963 0.631886574074074 0.12065972222222214 0.05121527777777786
7 0.2306134259259259 0.631105324074074 0.06203703703703702 0.038136574074074045
16 0.42612847222222217 0.31611689814814814 0.3398148148148149 0.08582175925925925
1 0.3515046296296296 0.38744212962962965 0.21678240740740745 0.06568287037037032
4 0.33046875 0.3453703703703704 0.16464120370370364 0.05596064814814818
12 0.5475983796296297 0.1277488425925926 0.5294560185185185 0.1847800925925926
15 0.7480324074074074 0.6719328703703704 0.1174189814814813 0.049537037037037025
11 0.3021122685185185 0.5598958333333334 0.1758101851851852 0.05949074074074083
0 0.2658275462962963 0.5238425925925926 0.08582175925925925 0.04369212962962976
8 0.3791956018518518 0.2765625 0.24045138888888892 0.06967592592592595
3 0.640798611111111 0.3736111111111111 0.025289351851851903 0.025868055555555537
13 0.28703703703703703 0.41631944444444446 0.09699074074074074 0.047222222222222145