2 0.3640625 0.6984375 0.184375 0.034375
6 0.31953125 0.4796875 0.1015625 0.0328125
10 0.4015625 0.62578125 0.259375 0.0421875
9 0.4734375 0.2234375 0.428125 0.059375
0 0.31171875 0.55546875 0.08125 0.03125
12 0.525 0.13125 0.51875 0.10625
1 0.3171875 0.409375 0.1 0.034375
14 0.82578125 0.628125 0.115625 0.03125
16 0.3828125 0.3328125 0.2375 0.0359375
11 0.35546875 0.5921875 0.1703125 0.0375
8 0.36875 0.29296875 0.203125 0.0421875
7 0.29765625 0.66640625 0.0578125 0.03125
4 0.32734375 0.3703125 0.1203125 0.03125
13 0.31171875 0.4453125 0.09375 0.0328125
15 0.82578125 0.66640625 0.1109375 0.03125
5 0.33515625 0.5171875 0.13125 0.03125
3 0.66484375 0.37421875 0.028125 0.0296875