9 0.4409490740740741 0.31137152777777777 0.40769675925925936 0.11655092592592595
5 0.3875868055555556 0.5956886574074074 0.223587962962963 0.06603009259259274
14 0.8409085648148148 0.6383391203703704 0.11853009259259259 0.04965277777777786
6 0.3841782407407407 0.559837962962963 0.22193287037037032 0.06284722222222214
8 0.2988252314814815 0.397974537037037 0.10442129629629626 0.04756944444444446
15 0.8497395833333334 0.6724247685185185 0.11218749999999993 0.04629629629629637
1 0.3742592592592593 0.4890335648148148 0.2235879629629629 0.06603009259259256
7 0.3262673611111111 0.743431712962963 0.05414351851851853 0.03634259259259256
12 0.4712615740740741 0.22578125 0.4791203703703705 0.15665509259259255
11 0.37172453703703706 0.6674479166666667 0.16393518518518518 0.054456018518518515
10 0.3945486111111111 0.6986689814814815 0.20318287037037042 0.062152777777777855
0 0.3216261574074074 0.6395833333333334 0.07606481481481478 0.038715277777777855
16 0.3599074074074074 0.42699652777777775 0.21104166666666674 0.06400462962962958
4 0.3125810185185185 0.46629050925925924 0.11374999999999993 0.046354166666666606
2 0.3943344907407408 0.770630787037037 0.17809027777777775 0.058101851851851904
13 0.3076099537037037 0.536082175925926 0.08396990740740744 0.04212962962962976
3 0.6332986111111112 0.41530671296296295 0.02096064814814813 0.02262731481481488