14 0.79921875 0.6171875 0.1171875 0.0296875
8 0.3421875 0.30078125 0.1875 0.0359375
9 0.44140625 0.22734375 0.4296875 0.0609375
11 0.296875 0.603125 0.0890625 0.0328125
16 0.3453125 0.3375 0.190625 0.0359375
1 0.33515625 0.41640625 0.1703125 0.034375
12 0.50390625 0.1390625 0.5390625 0.103125
10 0.37890625 0.640625 0.2515625 0.034375
6 0.3359375 0.4875 0.1671875 0.0328125
4 0.3109375 0.37578125 0.1203125 0.0328125
5 0.32109375 0.52578125 0.1375 0.0328125
0 0.29609375 0.565625 0.0828125 0.034375
15 0.796875 0.64921875 0.115625 0.028125
7 0.28359375 0.678125 0.05625 0.03125
2 0.3203125 0.7109375 0.128125 0.0328125
3 0.64609375 0.375 0.0203125 0.025
13 0.2921875 0.4515625 0.0828125 0.0328125