6 0.527974537037037 0.627042824074074 0.052870370370370345 0.1952314814814816
9 0.7658912037037038 0.4864583333333334 0.10160879629629634 0.4278240740740742
14 0.34392361111111114 0.18894097222222223 0.04077546296296299 0.11678240740740745
11 0.42067708333333337 0.6481828703703704 0.049398148148148024 0.17170138888888892
10 0.3822395833333333 0.6071527777777778 0.05857638888888896 0.2641203703703704
2 0.30973958333333335 0.6514699074074073 0.052777777777777854 0.18898148148148158
5 0.4911747685185185 0.6335995370370371 0.05289351851851851 0.19679398148148142
16 0.6634606481481482 0.5480613425925925 0.06887731481481474 0.3268981481481482
4 0.634855324074074 0.6340277777777777 0.047719907407407544 0.1638425925925926
12 0.8581770833333333 0.42437500000000006 0.14987268518518526 0.522962962962963
1 0.5949016203703703 0.5899189814814815 0.06305555555555564 0.2501967592592592
7 0.34941550925925924 0.7143287037037037 0.03369212962962962 0.06034722222222229
15 0.30563078703703705 0.1908564814814815 0.04541666666666666 0.11379629629629626
0 0.45602430555555556 0.6869618055555555 0.04035879629629626 0.08865740740740743
8 0.7109201388888888 0.6653530092592593 0.041736111111111106 0.07620370370370359
13 0.5639988425925926 0.6728298611111111 0.04199074074074076 0.0933912037037036
3 0.6043749999999999 0.3194444444444445 0.026886574074073976 0.022662037037037043