0 0.6530729166666667 0.5536168981481481 0.08531249999999986 0.04056712962962976
10 0.5674479166666666 0.627980324074074 0.26145833333333324 0.06423611111111108
12 0.42645833333333333 0.15833333333333335 0.5413541666666667 0.19461805555555553
11 0.6122395833333333 0.590480324074074 0.1734375 0.05318287037037024
5 0.6288020833333333 0.518258101851852 0.13416666666666668 0.04861111111111107
7 0.6686979166666667 0.6599247685185186 0.05843750000000014 0.03489583333333339
15 0.14598958333333334 0.7118344907407408 0.11697916666666668 0.047974537037037024
2 0.6034895833333334 0.6982349537037037 0.19093750000000007 0.058506944444444466
8 0.5869270833333333 0.3005497685185185 0.20218749999999996 0.06359953703703702
6 0.6351041666666667 0.48246527777777776 0.12156249999999993 0.0465856481481481
16 0.5788541666666667 0.3394097222222222 0.22552083333333323 0.06290509259259255
4 0.6297916666666666 0.3741898148148148 0.12312499999999993 0.046643518518518515
14 0.14671874999999998 0.6774016203703704 0.11833333333333332 0.044907407407407264
13 0.6469791666666668 0.4453125 0.09812499999999993 0.04571759259259256
1 0.633125 0.40642361111111114 0.12312499999999993 0.046643518518518515
3 0.29932291666666666 0.40894097222222225 0.020624999999999984 0.028819444444444463
9 0.26758506249999997 0.296051890625 0.683388075 0.2526563609375 0.6821143203125 0.1895395484375 0.2664135859375 0.2396081375 0.26758506249999997 0.296051890625