0 0.3482060185185185 0.5414583333333333 0.1122106481481481 0.041770833333333354
2 0.3955439814814815 0.6777083333333334 0.18738425925925917 0.051458333333333425
5 0.38504050925925926 0.49984375 0.19525462962962958 0.05354166666666664
9 0.47045717592592595 0.20515625 0.429224537037037 0.10031249999999999
6 0.3883680555555556 0.46281250000000007 0.21400462962962968 0.05479166666666657
4 0.35240162037037037 0.35869791666666667 0.16082175925925926 0.049687500000000016
8 0.4066840277777778 0.2806770833333333 0.2814236111111111 0.06552083333333333
14 0.8478587962962962 0.5621875 0.11684027777777786 0.04052083333333343
7 0.32722800925925927 0.65171875 0.05891203703703703 0.03354166666666671
1 0.39048032407407407 0.39296875 0.22667824074074075 0.06031250000000003
10 0.42644675925925923 0.6028125 0.26261574074074084 0.06270833333333332
12 0.5201099537037037 0.10786458333333333 0.5136574074074074 0.14958333333333335
16 0.4415798611111111 0.31359375 0.34236111111111106 0.06958333333333329
15 0.8508391203703702 0.6003645833333333 0.11383101851851833 0.04343749999999993
11 0.378269675925926 0.57078125 0.17170138888888892 0.04885416666666664
13 0.3277488425925926 0.4331770833333334 0.09508101851851851 0.0421875
3 0.6677083333333333 0.3290625 0.022743055555555537 0.02489583333333334