10 0.3890625 0.62578125 0.259375 0.04375
9 0.46171875 0.2234375 0.43125 0.0609375
14 0.81328125 0.62578125 0.1171875 0.0328125
2 0.35 0.6984375 0.1859375 0.0359375
8 0.3140625 0.29140625 0.125 0.0375
6 0.3640625 0.478125 0.2203125 0.034375
1 0.36484375 0.40859375 0.225 0.0359375
16 0.42890625 0.33125 0.3546875 0.0359375
12 0.51328125 0.13125 0.521875 0.10625
3 0.6484375 0.3734375 0.0265625 0.03125
15 0.81484375 0.665625 0.1125 0.034375
0 0.29609375 0.5546875 0.0859375 0.0328125
11 0.3421875 0.590625 0.1703125 0.0359375
5 0.33515625 0.51640625 0.1640625 0.0328125
4 0.33046875 0.36953125 0.1625 0.0328125
7 0.28515625 0.665625 0.0578125 0.03125
13 0.29609375 0.44453125 0.090625 0.0328125