9 0.7273032407407408 0.5810474537037037 0.11590277777777765 0.43193287037037037
2 0.28287615740740735 0.6878356481481481 0.05449074074074076 0.18384259259259253
11 0.39686342592592594 0.7327372685185185 0.04093750000000007 0.08650462962962954
1 0.5750578703703704 0.6919155092592593 0.05263888888888886 0.15259259259259253
12 0.8144560185185185 0.5278240740740741 0.18671296296296305 0.5233217592592592
8 0.6862673611111111 0.6899421296296296 0.05061342592592588 0.14468750000000002
5 0.45947337962962964 0.6726099537037037 0.057627314814814846 0.2104976851851852
10 0.34972222222222216 0.6466435185185185 0.06343750000000004 0.25599537037037035
0 0.43505208333333334 0.7334432870370371 0.040567129629629585 0.08025462962962955
7 0.3283506944444444 0.7458043981481481 0.03614583333333332 0.05819444444444457
6 0.49812500000000004 0.6811284722222222 0.05449074074074076 0.18384259259259253
16 0.6362037037037037 0.6464930555555556 0.06435185185185191 0.24515046296296283
14 0.27468750000000003 0.24749421296296298 0.05087962962962962 0.12290509259259261
15 0.2349363425925926 0.24669560185185185 0.04894675925925931 0.11656250000000004
13 0.5411111111111111 0.7233796296296295 0.041307870370370384 0.09275462962962955
4 0.6119212962962963 0.7096701388888889 0.046377314814814774 0.1257523148148149
3 0.5577893518518519 0.4005092592592593 0.02942129629629626 0.023541666666666572