14 0.5397916666666667 0.11487268518518519 0.0627199074074074 0.12482638888888889
9 0.2596354166666667 0.5790798611111111 0.171875 0.4341435185185185
6 0.5272627314814815 0.5889756944444444 0.08908564814814816 0.21886574074074083
5 0.5597858796296297 0.5670138888888889 0.0971759259259258 0.2381944444444443
15 0.5771643518518518 0.10350115740740742 0.06267361111111107 0.12170138888888889
2 0.7374942129629629 0.5256944444444445 0.08715277777777786 0.19375
1 0.45880208333333333 0.6135995370370371 0.0953819444444445 0.22245370370370382
10 0.6583333333333334 0.5143518518518518 0.10699074074074062 0.2685763888888889
16 0.3706655092592593 0.5771122685185185 0.12526620370370373 0.343287037037037
7 0.7213368055555556 0.5964988425925926 0.04309027777777778 0.0640625
4 0.43202546296296296 0.65390625 0.0758217592592592 0.16637731481481488
12 0.1593113425925926 0.5646122685185185 0.23732638888888888 0.5326388888888889
11 0.6372569444444445 0.5698784722222222 0.08067129629629619 0.17766203703703703
13 0.5110474537037037 0.6558738425925925 0.05768518518518526 0.10104166666666678
3 0.3485821759259259 0.3535011574074074 0.03168981481481481 0.03200231481481479
8 0.34968171296296297 0.638888888888889 0.10197916666666665 0.2463541666666668
0 0.6161226851851852 0.6214988425925926 0.05281249999999993 0.08819444444444446