0 0.6012500000000001 0.7601041666666667 0.04350694444444443 0.07760416666666678
14 0.6641608796296297 0.2411458333333333 0.05087962962962962 0.12322916666666668
9 0.28582175925925923 0.6033854166666667 0.12094907407407404 0.41270833333333334
2 0.7418576388888889 0.70359375 0.06046296296296294 0.1798958333333333
10 0.6678356481481481 0.6688541666666666 0.07078703703703706 0.24906249999999996
11 0.6361053240740742 0.7145833333333333 0.05815972222222214 0.16729166666666656
8 0.3503819444444444 0.7316145833333334 0.05723379629629628 0.15166666666666656
4 0.42350115740740735 0.7286458333333334 0.05594907407407419 0.15625
5 0.5657928240740742 0.7098958333333333 0.06239583333333343 0.1862499999999999
12 0.19980902777777776 0.55921875 0.17043981481481482 0.5125
15 0.6986747685185185 0.24109375000000002 0.050694444444444466 0.12010416666666668
13 0.4961921296296296 0.759375 0.04424768518518522 0.09010416666666679
1 0.45194444444444437 0.6325 0.08921296296296291 0.3498958333333334
16 0.38932870370370376 0.6832291666666667 0.07225694444444439 0.2476041666666667
7 0.7075462962962963 0.76640625 0.035960648148148165 0.055312499999999966
3 0.41196180555555556 0.42041666666666666 0.028136574074074085 0.02833333333333332
6 0.5308043981481482 0.7444270833333333 0.050694444444444466 0.12010416666666668