16 0.32078125 0.3993576388888889 0.21218749999999992 0.0514930555555555
9 0.40093750000000006 0.2953125 0.40531249999999996 0.0974652777777778
14 0.7474479166666667 0.6475694444444444 0.11989583333333335 0.04583333333333321
0 0.25375 0.657048611111111 0.07572916666666671 0.037638888888889
15 0.7489583333333333 0.6833333333333333 0.11822916666666661 0.044201388888888894
6 0.31124999999999997 0.5773784722222223 0.19979166666666667 0.05249999999999986
7 0.24281250000000001 0.7626909722222223 0.0536458333333333 0.03354166666666671
2 0.3049479166666667 0.78875 0.17281250000000004 0.045069444444444426
12 0.4482291666666667 0.2051909722222222 0.49072916666666655 0.14020833333333335
4 0.27432291666666664 0.4419270833333333 0.12270833333333328 0.041284722222222216
1 0.28817708333333336 0.5145312499999999 0.14020833333333335 0.046736111111111
11 0.2963541666666667 0.6839756944444444 0.15739583333333335 0.04750000000000014
5 0.3057291666666667 0.613454861111111 0.18239583333333337 0.04861111111111107
8 0.25250000000000006 0.3720138888888889 0.06479166666666672 0.037152777777777854
13 0.25703125 0.5494097222222222 0.08666666666666671 0.038124999999999964
10 0.3404166666666667 0.7123958333333333 0.25625 0.05812500000000007
1 0.28635416666666663 0.47177083333333336 0.1416666666666666 0.0452430555555555
3 0.5626562500000001 0.44001736111111106 0.015104166666666785 0.016250000000000143