9 0.4911574074074074 0.2664409722222222 0.4259375 0.14545138888888892
5 0.6298206018518518 0.5375347222222222 0.23023148148148137 0.08364583333333328
14 0.2182175925925926 0.7146180555555556 0.12067129629629622 0.05378472222222221
1 0.626736111111111 0.4264236111111111 0.21300925925925931 0.0781944444444445
12 0.4300115740740741 0.18635416666666665 0.5217708333333333 0.21999999999999997
6 0.6324537037037038 0.49857638888888883 0.2145717592592593 0.078263888888889
10 0.6235358796296296 0.6474479166666667 0.2771412037037038 0.09041666666666667
2 0.6816840277777778 0.7102083333333333 0.18641203703703707 0.0723263888888889
16 0.54359375 0.3617708333333333 0.34444444444444444 0.10902777777777777
8 0.6126678240740742 0.3210763888888889 0.198900462962963 0.07131944444444445
15 0.2265219907407407 0.7540625000000001 0.1159953703703703 0.05513888888888889
4 0.6434375 0.3873090277777778 0.15980324074074073 0.06489583333333329
7 0.7390625 0.6658680555555556 0.058078703703703737 0.03850694444444436
0 0.7101331018518519 0.5622048611111111 0.07998842592592581 0.044166666666666646
11 0.6707523148148148 0.6034375 0.1723263888888889 0.06857638888888892
3 0.33435763888888886 0.43921875000000005 0.025208333333333322 0.02923611111111111
13 0.6866956018518519 0.4556597222222223 0.09881944444444457 0.05593749999999993