14 0.6639351851851852 0.7638078703703703 0.053275462962962906 0.12586805555555572
9 0.21846064814814814 0.4665162037037037 0.12532407407407406 0.4334722222222222
2 0.752199074074074 0.3056712962962963 0.06104166666666657 0.1854861111111111
12 0.13153356481481482 0.5274247685185185 0.17722222222222223 0.5327777777777778
7 0.7070138888888889 0.25004629629629627 0.03893518518518526 0.059675925925925896
1 0.4497453703703703 0.40987268518518516 0.12991898148148148 0.34177083333333336
15 0.7003703703703703 0.7564351851851852 0.054594907407407335 0.12126157407407412
0 0.6016435185185185 0.28762731481481485 0.049583333333333354 0.11476851851851855
11 0.6346701388888889 0.2749479166666667 0.045324074074074086 0.09273148148148147
16 0.35455439814814815 0.4171585648148149 0.0836342592592592 0.3206712962962964
3 0.42021990740740744 0.6260416666666667 0.04068287037037042 0.03327546296296298
13 0.4882407407407408 0.29115740740740736 0.045486111111111074 0.09585648148148156
5 0.5696180555555556 0.33472222222222225 0.06645833333333329 0.19979166666666667
4 0.3822916666666667 0.3326851851851852 0.05513888888888889 0.16180555555555554
6 0.5316203703703704 0.34217592592592594 0.06217592592592602 0.2073611111111111
8 0.2929803240740741 0.3929340277777778 0.11978009259259262 0.2664467592592593
10 0.713179778125 0.4795112625 0.6860343453125 0.22263252812499998 0.6496558078125 0.22913173593749997 0.671165178125 0.48983305 0.713179778125 0.4795112625