6 0.516712962962963 0.7135069444444444 0.04171296296296294 0.1430208333333333
9 0.2841840277777778 0.5668402777777778 0.0867592592592592 0.39854166666666674
4 0.40774884259259264 0.72359375 0.03761574074074083 0.11013888888888879
16 0.3795949074074074 0.6447916666666667 0.053182870370370415 0.2666319444444444
11 0.6215162037037038 0.7119270833333333 0.04226851851851841 0.16177083333333328
10 0.6594386574074074 0.6721180555555556 0.05106481481481495 0.24784722222222227
13 0.47759837962962964 0.7407812500000001 0.035358796296296194 0.08666666666666671
8 0.33677662037037037 0.6915277777777777 0.04369212962962967 0.15711805555555552
15 0.7422743055555555 0.25102430555555555 0.042442129629629656 0.11493055555555554
1 0.44286458333333334 0.6993576388888889 0.04383101851851858 0.16180555555555554
0 0.5841493055555556 0.7329861111111111 0.039548611111111145 0.12267361111111122
12 0.2054050925925926 0.5080208333333334 0.12929398148148152 0.5165972222222223
2 0.729375 0.7127604166666666 0.045810185185185225 0.1759027777777778
5 0.5499884259259259 0.6986111111111111 0.04438657407407405 0.18055555555555572
7 0.6861863425925926 0.7719965277777778 0.03282407407407408 0.05381944444444446
14 0.7056018518518519 0.24864583333333332 0.041006944444444395 0.06649305555555554
3 0.43132523148148144 0.4028125 0.01604166666666664 0.014409722222222143