0 0.463912037037037 0.2984375 0.03702546296296294 0.08125
9 0.8067245370370371 0.44609375 0.09464120370370352 0.4390625
6 0.5418402777777779 0.33984375 0.044525462962963044 0.165625
10 0.4031134259259259 0.43671875 0.05828703703703706 0.340625
8 0.7301215277777777 0.33984375 0.049699074074074014 0.175
5 0.5044733796296297 0.32734375 0.0431481481481482 0.1390625
16 0.6952430555555555 0.40546875 0.056099537037037094 0.2984375
14 0.43428819444444444 0.796875 0.038969907407407335 0.11875
4 0.6579629629629629 0.334375 0.045925925925925884 0.1625
12 0.9014120370370371 0.509375 0.1500694444444445 0.54375
11 0.43060185185185185 0.30390625 0.03891203703703709 0.0875
2 0.31865740740740744 0.3296875 0.04085648148148149 0.125
7 0.3518692129629629 0.2921875 0.03589120370370367 0.059375
1 0.6207060185185185 0.3390625 0.04616898148148145 0.1671875
3 0.6699247685185185 0.65546875 0.035671296296296263 0.025
13 0.5759664351851852 0.28984375 0.03802083333333321 0.0703125
15 0.40163773148148146 0.8 0.035682870370370524 0.115625