9 0.453125 0.3078125 0.4046875 0.053125
14 0.80078125 0.69765625 0.165625 0.03125
15 0.80234375 0.734375 0.1125 0.0328125
2 0.3359375 0.7921875 0.1765625 0.0296875
11 0.32421875 0.68671875 0.1484375 0.03125
10 0.328125 0.7203125 0.1546875 0.03125
8 0.3578125 0.36796875 0.2109375 0.03125
12 0.49921875 0.221875 0.53125 0.0859375
7 0.27421875 0.759375 0.0515625 0.028125
16 0.39765625 0.40703125 0.303125 0.03125
0 0.29921875 0.65390625 0.103125 0.028125
4 0.30078125 0.44140625 0.1125 0.0296875
6 0.30078125 0.58046875 0.109375 0.028125
3 0.6296875 0.43828125 0.0234375 0.0296875
5 0.31875 0.6171875 0.1375 0.03125
1 0.4296875 0.49453125 0.371875 0.0765625
13 0.29140625 0.54609375 0.0875 0.0328125