0 0.4209143518518518 0.30932291666666667 0.056597222222222146 0.12072916666666664
2 0.29075810185185186 0.38140625000000006 0.07274305555555553 0.19197916666666667
14 0.459212962962963 0.8093229166666667 0.05342592592592581 0.11895833333333314
9 0.7686805555555555 0.36911458333333336 0.150138888888889 0.43572916666666667
7 0.3089641203703704 0.30895833333333333 0.0409143518518519 0.0651041666666666
10 0.3655787037037037 0.39677083333333335 0.08898148148148151 0.2663541666666667
8 0.6734375 0.27213541666666663 0.07246527777777771 0.18260416666666668
12 0.8689872685185185 0.39921875 0.20902777777777787 0.5285416666666667
13 0.5238483796296296 0.26958333333333334 0.052870370370370345 0.10020833333333332
6 0.49671875 0.30505208333333333 0.06538194444444442 0.15406250000000005
16 0.648425925925926 0.32625000000000004 0.09261574074074072 0.28375000000000006
15 0.4218981481481482 0.8180729166666666 0.05498842592592581 0.11906249999999971
11 0.3945891203703704 0.34552083333333333 0.06759259259259257 0.1760416666666666
1 0.5707581018518518 0.32046875 0.07982638888888882 0.22052083333333333
5 0.47094907407407405 0.36 0.08516203703703695 0.2427083333333333
3 0.6686574074074074 0.5863541666666666 0.027256944444444466 0.025208333333333322
4 0.5972164351851852 0.26234375 0.056782407407407476 0.12697916666666664