9 0.46953125 0.23359375 0.421875 0.0546875
5 0.34765625 0.52421875 0.1625 0.034375
2 0.3640625 0.69921875 0.184375 0.034375
7 0.30078125 0.66640625 0.05625 0.0296875
14 0.8234375 0.62578125 0.1125 0.028125
16 0.44140625 0.340625 0.3515625 0.0328125
10 0.4 0.63125 0.2578125 0.0328125
6 0.37734375 0.484375 0.2203125 0.0328125
1 0.3765625 0.415625 0.2234375 0.0328125
12 0.51953125 0.140625 0.515625 0.09375
4 0.3421875 0.378125 0.1578125 0.03125
11 0.3546875 0.5921875 0.16875 0.0328125
0 0.31171875 0.55859375 0.0859375 0.03125
15 0.82265625 0.6640625 0.1109375 0.03125
8 0.31796875 0.30078125 0.1109375 0.034375
13 0.31171875 0.45078125 0.0921875 0.0328125
3 0.65 0.3765625 0.025 0.025