10 0.6192824074074074 0.5677256944444444 0.1182986111111111 0.26405092592592594
9 0.2093113425925926 0.6003414351851852 0.18650462962962963 0.4352430555555557
14 0.537505787037037 0.15753472222222223 0.0672569444444445 0.12277777777777779
2 0.6979166666666667 0.5868576388888889 0.08949074074074073 0.19024305555555543
8 0.30505208333333333 0.7261689814814816 0.07391203703703705 0.13068287037037046
6 0.47866319444444444 0.6299189814814815 0.09744212962962955 0.2231481481481481
1 0.4098842592592593 0.6465509259259259 0.10081018518518511 0.22788194444444443
16 0.3214872685185185 0.6049247685185185 0.1386226851851852 0.3549074074074074
12 0.11891203703703704 0.5745023148148148 0.23782407407407408 0.5362152777777778
3 0.32135416666666666 0.38166087962962963 0.03920138888888891 0.033368055555555554
15 0.5763541666666667 0.1460300925925926 0.06701388888888893 0.11809027777777778
0 0.5668576388888888 0.6754513888888889 0.05782407407407408 0.09141203703703696
11 0.5930497685185185 0.6219791666666666 0.0855555555555556 0.17457175925925927
5 0.5214409722222222 0.6480208333333334 0.08054398148148145 0.16825231481481479
4 0.37796875 0.6899594907407407 0.08046296296296296 0.16668981481481476
7 0.6778240740740741 0.6581944444444444 0.04707175925925924 0.06471064814814831
13 0.45844907407407404 0.703599537037037 0.058067129629629656 0.09609953703703696