0 0.5007986111111111 0.7070833333333333 0.061087962962962906 0.11826388888888886
14 0.702974537037037 0.2524826388888889 0.057939814814814736 0.11656250000000004
2 0.6468923611111111 0.7135763888888889 0.08244212962962968 0.18947916666666664
7 0.5968518518518519 0.7668576388888889 0.04309027777777778 0.06281250000000008
10 0.5882928240740741 0.65859375 0.10540509259259263 0.26388888888888895
5 0.47574652777777776 0.65671875 0.08412037037037035 0.19736111111111115
6 0.44315393518518514 0.6404166666666666 0.090625 0.21482638888888878
9 0.22835069444444445 0.46982638888888884 0.171875 0.4292361111111111
12 0.15677083333333336 0.39394097222222224 0.23737268518518517 0.5289583333333334
11 0.5401157407407406 0.6916319444444444 0.07910879629629619 0.1752777777777778
15 0.739542824074074 0.26427083333333334 0.05950231481481474 0.11663194444444444
1 0.3812789351851852 0.5954513888888888 0.1069907407407407 0.26552083333333343
8 0.2812847222222222 0.5378472222222223 0.12342592592592591 0.3209027777777777
4 0.32570023148148153 0.6531770833333332 0.06743055555555558 0.1247916666666665
13 0.3947685185185185 0.6875173611111111 0.05929398148148142 0.10256944444444435
16 0.31875 0.5418576388888889 0.12680555555555556 0.3382291666666667
3 0.4172106481481482 0.33359375 0.026909722222222144 0.024618055555555518