9 0.5578645833333333 0.33989583333333334 0.43218750000000006 0.13934027777777774
10 0.5647106481481481 0.7368865740740741 0.27401620370370383 0.0862268518518519
5 0.6030324074074074 0.6380439814814814 0.2317708333333332 0.0771643518518518
16 0.5680439814814815 0.4487673611111111 0.3584837962962963 0.10122685185185194
12 0.5165277777777778 0.24259837962962966 0.5247569444444444 0.19363425925925926
11 0.621556712962963 0.7135763888888889 0.17230324074074072 0.06290509259259273
14 0.1502025462962963 0.6644618055555556 0.12068287037037036 0.05356481481481481
6 0.6074479166666666 0.6014641203703703 0.22706018518518523 0.07390046296296297
15 0.14579282407407407 0.7018229166666666 0.11913194444444444 0.055081018518518474
1 0.6217418981481482 0.5276851851851851 0.2301967592592593 0.07555555555555564
2 0.5926388888888889 0.8166030092592592 0.18797453703703706 0.06961805555555571
4 0.6793576388888889 0.5028356481481481 0.1253819444444444 0.05526620370370381
0 0.6549189814814815 0.6833217592592593 0.11443287037037031 0.05337962962962948
13 0.6807118055555555 0.5802025462962963 0.09878472222222215 0.04979166666666668
7 0.6627951388888889 0.7975925925925926 0.059664351851851906 0.04082175925925924
8 0.7014814814814814 0.4316319444444444 0.10506944444444458 0.05466435185185183
3 0.35008680555555555 0.4438715277777778 0.025219907407407406 0.030428240740740797