14 0.8234375 0.62578125 0.115625 0.0328125
9 0.4703125 0.234375 0.421875 0.0578125
6 0.37265625 0.484375 0.2109375 0.0328125
5 0.3828125 0.52109375 0.2296875 0.0359375
15 0.82265625 0.6640625 0.1125 0.0328125
2 0.3640625 0.70078125 0.184375 0.0375
1 0.37109375 0.41328125 0.2125 0.0390625
10 0.40078125 0.62890625 0.259375 0.0375
16 0.43515625 0.33984375 0.3375 0.034375
7 0.30078125 0.665625 0.05625 0.028125
4 0.34140625 0.3765625 0.1578125 0.034375
12 0.5171875 0.14296875 0.50625 0.1015625
11 0.3546875 0.59375 0.16875 0.0359375
13 0.31328125 0.45078125 0.0921875 0.0328125
3 0.6578125 0.3796875 0.0234375 0.0265625
8 0.3828125 0.303125 0.2375 0.0390625
0 0.31171875 0.559375 0.0796875 0.03125