0 0.44369212962962956 0.32421875 0.03362268518518512 0.109375
2 0.30202546296296295 0.359375 0.03730324074074076 0.184375
5 0.4801099537037038 0.36484375 0.038923611111111 0.1921875
9 0.7621006944444444 0.47578125 0.06878472222222207 0.4265625
6 0.5167824074074074 0.37109375 0.0375 0.2109375
4 0.6247916666666666 0.34453125 0.037106481481481525 0.1578125
8 0.6954340277777777 0.40546875 0.04424768518518522 0.278125
14 0.36034143518518513 0.81875 0.03053240740740737 0.1140625
7 0.3368923611111111 0.29296875 0.030104166666666644 0.05625
1 0.58625 0.3796875 0.04228009259259267 0.2234375
10 0.3720659722222222 0.39609375 0.04254629629629623 0.259375
12 0.8522974537037037 0.53359375 0.11157407407407405 0.5078125
16 0.6576967592592593 0.4375 0.04313657407407412 0.3390625
15 0.3220659722222222 0.81796875 0.035196759259259205 0.1109375
11 0.4098958333333334 0.3515625 0.03562499999999993 0.16875
13 0.5531481481481482 0.31328125 0.03505787037037038 0.0921875
3 0.6138541666666667 0.6609375 0.023587962962962904 0.0203125