9 0.24988425925925925 0.49749999999999994 0.14554398148148148 0.4367708333333333
2 0.6966145833333333 0.7127604166666667 0.07256944444444446 0.1918750000000001
5 0.5219907407407407 0.6691666666666667 0.07598379629629637 0.19989583333333344
10 0.6307581018518519 0.6600520833333333 0.09253472222222214 0.26802083333333326
16 0.3445023148148148 0.5903125 0.09299768518518511 0.2805208333333333
6 0.48637152777777776 0.6543229166666666 0.07974537037037041 0.21729166666666658
14 0.6872106481481481 0.2484375 0.05115740740740726 0.11875
8 0.2943865740740741 0.6680208333333333 0.05214120370370372 0.10322916666666657
4 0.3734953703703704 0.6577083333333333 0.06695601851851851 0.16656250000000003
0 0.5500289351851853 0.7318229166666667 0.0484375 0.08739583333333342
11 0.591579861111111 0.6964062500000001 0.07204861111111108 0.17781249999999993
12 0.16770833333333332 0.425 0.2035300925925926 0.5294791666666667
7 0.6558738425925925 0.7700520833333333 0.039699074074074046 0.061875000000000034
1 0.41921296296296295 0.6085416666666668 0.09467592592592596 0.28374999999999984
15 0.7249710648148149 0.25796874999999997 0.054166666666666786 0.11583333333333332
13 0.44302662037037044 0.7044270833333334 0.052025462962962975 0.10010416666666658
3 0.4189814814814815 0.34979166666666667 0.027430555555555534 0.025208333333333322