5 0.36953125 0.5296875 0.2265625 0.0359375
14 0.8078125 0.6578125 0.1140625 0.03125
2 0.3453125 0.70625 0.1828125 0.0359375
4 0.334375 0.38359375 0.15625 0.0359375
6 0.36640625 0.490625 0.21875 0.0328125
15 0.803125 0.696875 0.1109375 0.03125
10 0.3859375 0.63671875 0.2578125 0.0359375
11 0.34140625 0.59765625 0.16875 0.03125
7 0.28359375 0.66953125 0.0546875 0.028125
0 0.29765625 0.56328125 0.0828125 0.03125
1 0.315625 0.41953125 0.1140625 0.0359375
3 0.65 0.39921875 0.0203125 0.025
13 0.30390625 0.45625 0.090625 0.034375
8 0.5079152953125 0.29383395 0.257401315625 0.28508771875 0.2539383734375 0.32146038906249996 0.5019434875 0.3344212578125 0.5079152953125 0.29383395
16 0.5972785953125 0.3423182171875 0.2568359375 0.3268229171875 0.25895309375000003 0.35733795156250003 0.5961551671875001 0.37471008281249996 0.5972785953125 0.3423182171875
12 0.7693277984375 0.134765625 0.27001953125 0.09765625 0.26021575937499997 0.190521240625 0.76154009375 0.223480225 0.7693277984375 0.134765625
9 0.6771332546875 0.23110707656249999 0.259765625 0.20963541718749998 0.25813674999999997 0.263117471875 0.6713215640625 0.28938293437499996 0.6771332546875 0.23110707656249999