14 0.33263888888888893 0.17723958333333334 0.04704861111111107 0.12020833333333333
2 0.3317013888888889 0.6418229166666667 0.062152777777777765 0.19145833333333329
9 0.7745138888888888 0.44338541666666664 0.12033564814814816 0.43104166666666666
7 0.37395254629629626 0.69609375 0.036793981481481455 0.06020833333333329
15 0.29521990740740744 0.18520833333333334 0.0485879629629629 0.11875
6 0.5420023148148149 0.5847916666666666 0.06578703703703717 0.22604166666666678
11 0.4386516203703703 0.6292187499999999 0.058796296296296194 0.17562499999999998
10 0.39186342592592593 0.5854166666666667 0.07438657407407412 0.2796875
12 0.854045138888889 0.3747395833333333 0.18121527777777757 0.5365624999999999
5 0.5065972222222223 0.623125 0.058657407407407366 0.16624999999999995
1 0.608269675925926 0.5709895833333334 0.06744212962962966 0.23239583333333336
16 0.6736458333333333 0.49703125000000004 0.08641203703703706 0.3538541666666667
0 0.47826967592592595 0.6641145833333333 0.04350694444444443 0.09187499999999993
4 0.6542766203703704 0.61484375 0.05021990740740741 0.12354166666666658
8 0.730943287037037 0.6167708333333334 0.04660879629629626 0.09052083333333343
3 0.6032754629629629 0.2866666666666667 0.026909722222222144 0.025208333333333322
13 0.5850810185185186 0.6421354166666667 0.0451620370370371 0.0982291666666665