9 0.2969560185185185 0.4203125 0.1430208333333333 0.4078125
14 0.5991261574074074 0.83046875 0.06812500000000003 0.16875
15 0.6346585648148148 0.83828125 0.05763888888888893 0.1171875
2 0.7962326388888888 0.3890625 0.06869212962962976 0.1796875
11 0.6954282407407407 0.359375 0.06410879629629633 0.1515625
10 0.7277546296296297 0.36875 0.06599537037037032 0.1578125
8 0.3770717592592593 0.33671875 0.0782060185185185 0.2125
12 0.2031886574074074 0.45078125 0.20443287037037033 0.5375
7 0.777800925925926 0.32265625 0.038854166666666676 0.05625
16 0.406712962962963 0.3828125 0.09861111111111107 0.3046875
0 0.6696643518518519 0.32890625 0.05082175925925938 0.10625
4 0.4613310185185185 0.29375 0.05443287037037052 0.115625
6 0.5975752314814815 0.31796875 0.05270833333333336 0.1125
3 0.3844039351851852 0.6171875 0.03427083333333334 0.028125
5 0.6291319444444444 0.3421875 0.061979166666666606 0.140625
1 0.48475115740740743 0.4296875 0.16031249999999986 0.3796875
13 0.5655729166666668 0.30234375 0.05165509259259267 0.0921875