5 0.6074305555555556 0.5733449074074074 0.19781249999999986 0.06782407407407405
2 0.5792361111111111 0.7494849537037037 0.18993055555555555 0.06579861111111107
9 0.5503472222222222 0.27152199074074074 0.4298611111111111 0.13456018518518514
4 0.6542013888888889 0.4374710648148148 0.16472222222222221 0.05962962962962966
6 0.60671875 0.5364872685185185 0.21506944444444437 0.07040509259259267
15 0.13088541666666667 0.6328356481481482 0.11451388888888889 0.051979166666666646
14 0.13727430555555556 0.5948321759259259 0.1192013888888889 0.05225694444444447
10 0.5543055555555556 0.675943287037037 0.2637847222222224 0.07952546296296284
7 0.6505902777777778 0.7302141203703704 0.06090277777777775 0.03789351851851848
12 0.5115104166666666 0.17600694444444445 0.5246180555555556 0.1978356481481481
11 0.6050173611111112 0.6452662037037037 0.17416666666666672 0.06174768518518512
8 0.6583159722222222 0.3625173611111111 0.18055555555555572 0.06524305555555561
16 0.5572743055555556 0.3800289351851852 0.36916666666666664 0.10135416666666668
0 0.6546701388888889 0.6207928240740741 0.08454861111111107 0.0439699074074074
1 0.6090625000000001 0.4661284722222222 0.2341666666666667 0.0793287037037036
13 0.6711805555555556 0.5136747685185185 0.09881944444444457 0.04949074074074069
3 0.3434027777777778 0.38067129629629626 0.022916666666666606 0.02473379629629626