6 0.4027488425925926 0.30462962962962964 0.07370370370370374 0.19369212962962967
16 0.5522280092592593 0.3285590277777778 0.10592592592592584 0.3174189814814815
14 0.30107060185185186 0.7866319444444445 0.05859953703703704 0.12256944444444429
9 0.6551099537037037 0.35127314814814814 0.14273148148148138 0.4134837962962963
5 0.3709895833333333 0.3155381944444445 0.07260416666666672 0.20138888888888892
1 0.4754108796296297 0.2860243055555555 0.07370370370370374 0.1936921296296296
12 0.7455787037037037 0.38657407407407407 0.19847222222222208 0.5140625
0 0.32795138888888886 0.26739004629629626 0.04672453703703701 0.0796875
11 0.2928819444444445 0.2816550925925926 0.04543981481481474 0.08425925925925926
8 0.5828530092592592 0.2842881944444444 0.0905439814814816 0.24160879629629628
13 0.4335648148148148 0.24401041666666665 0.04728009259259256 0.0890625
10 0.26830439814814816 0.36825810185185187 0.08769675925925924 0.2460648148148148
15 0.2656365740740741 0.7939236111111111 0.0552893518518518 0.11921296296296298
7 0.2229398148148148 0.280613425925926 0.03908564814814817 0.055787037037037024
4 0.5054398148148149 0.2386863425925926 0.05372685185185198 0.11909722222222223
2 0.19156828703703704 0.3506076388888889 0.06983796296296294 0.1809606481481482
3 0.5410995370370371 0.5557291666666666 0.025104166666666573 0.02986111111111107