14 0.4114872685185185 0.829681712962963 0.05599537037037035 0.11636574074074062
1 0.5180324074074074 0.40034143518518517 0.1012731481481481 0.26692129629629624
9 0.6966435185185185 0.41235532407407405 0.1586458333333333 0.4098495370370371
0 0.35701967592592593 0.3362847222222222 0.05133101851851851 0.08663194444444447
15 0.38438657407407406 0.8339641203703703 0.05122685185185176 0.11473379629629647
7 0.2498148148148148 0.34640624999999997 0.048553240740740744 0.0631712962962963
12 0.784994212962963 0.4300578703703704 0.2027546296296297 0.47763888888888884
4 0.539994212962963 0.3421180555555555 0.07413194444444446 0.1650347222222222
11 0.3350173611111111 0.39372685185185186 0.07979166666666675 0.1838541666666667
10 0.3118287037037037 0.44334490740740745 0.10472222222222224 0.2732175925925926
16 0.6059027777777779 0.4539467592592593 0.1413773148148149 0.4080324074074074
13 0.46015625 0.32298032407407407 0.05206018518518522 0.10069444444444446
2 0.23433449074074075 0.42424189814814817 0.08545138888888885 0.2026736111111111
6 0.445162037037037 0.4101909722222222 0.10094907407407412 0.26067129629629626
8 0.6019502314814815 0.30244212962962963 0.05715277777777779 0.10857638888888888
5 0.39848379629629627 0.368125 0.07577546296296296 0.16662037037037036
3 0.6093576388888889 0.6109085648148149 0.02292824074074069 0.020636574074073977