5 0.5133159722222222 0.3740335648148148 0.04600694444444446 0.2346643518518518
9 0.8080497685185186 0.46213541666666663 0.08162037037037032 0.43488425925925933
2 0.3314641203703704 0.3523784722222222 0.043009259259259205 0.18621527777777774
6 0.5490856481481481 0.34227430555555555 0.04287037037037038 0.18152777777777782
4 0.6622916666666667 0.31421296296296297 0.037986111111111144 0.12212962962962966
12 0.8999710648148149 0.5065567129629629 0.1309490740740742 0.5180439814814815
0 0.4704224537037037 0.2971701388888889 0.03535879629629637 0.08618055555555557
16 0.6986863425925925 0.4089930555555556 0.051724537037037166 0.32218750000000007
10 0.40826388888888887 0.3873148148148148 0.046793981481481416 0.2612268518518518
8 0.7389525462962963 0.34446180555555556 0.04480324074074069 0.1940393518518518
11 0.43821759259259263 0.34379629629629627 0.04098379629629641 0.17057870370370365
14 0.4186284722222222 0.8162037037037038 0.03789351851851848 0.11900462962962947
13 0.5813368055555556 0.2972106481481481 0.037106481481481525 0.09244212962962965
1 0.6264525462962963 0.3436284722222222 0.04443287037037038 0.1815393518518519
15 0.3780266203703704 0.8166840277777778 0.04097222222222223 0.11746527777777764
7 0.3607696759259259 0.2869849537037037 0.03457175925925924 0.05961805555555557
3 0.6714641203703703 0.650144675925926 0.03199074074074062 0.025231481481481487