0 0.32578125 0.56953125 0.1109375 0.03125
1 0.38515625 0.42421875 0.228125 0.0390625
10 0.39765625 0.64453125 0.259375 0.0375
5 0.384375 0.534375 0.2296875 0.0390625
15 0.8234375 0.70078125 0.1140625 0.0359375
16 0.4484375 0.34921875 0.3546875 0.0421875
6 0.38046875 0.4953125 0.225 0.0328125
4 0.346875 0.3859375 0.159375 0.034375
8 0.33359375 0.30625 0.128125 0.0375
13 0.31796875 0.45859375 0.09375 0.0328125
11 0.35390625 0.6046875 0.171875 0.0359375
2 0.36484375 0.71328125 0.1875 0.034375
14 0.82421875 0.6609375 0.1203125 0.034375
7 0.29765625 0.678125 0.0578125 0.03125
3 0.66328125 0.39921875 0.0203125 0.028125
12 0.795883178125 0.13221232031250002 0.28125 0.1015625 0.277435303125 0.19066365624999998 0.7858505250000001 0.22135416718749998 0.795883178125 0.13221232031250002
9 0.700124640625 0.2305201484375 0.273848684375 0.20833333281250002 0.2680985296875 0.2650424890625 0.69482100625 0.2865611296875 0.700124640625 0.2305201484375