11 0.3234375 0.6734375 0.16875 0.0328125
9 0.446875 0.31875 0.4265625 0.0625
15 0.7890625 0.76484375 0.115625 0.0359375
2 0.32578125 0.78125 0.1859375 0.0359375
14 0.7890625 0.7234375 0.11875 0.034375
12 0.50703125 0.2234375 0.515625 0.1078125
13 0.2796875 0.5265625 0.0890625 0.034375
5 0.3359375 0.60078125 0.196875 0.0328125
6 0.3125 0.5640625 0.1453125 0.0328125
7 0.26484375 0.74453125 0.0578125 0.03125
16 0.3859375 0.42265625 0.30625 0.0375
10 0.3703125 0.70703125 0.2609375 0.034375
4 0.29375 0.453125 0.1203125 0.0328125
0 0.27578125 0.63515625 0.08125 0.0328125
8 0.3203125 0.375 0.1671875 0.0375
1 0.309375 0.49140625 0.146875 0.034375
3 0.63125 0.46328125 0.025 0.0296875