8 0.6836226851851851 0.46223958333333337 0.1130787037037038 0.06438657407407397
1 0.5837962962962964 0.5451909722222222 0.2737268518518519 0.10820601851851848
9 0.5394675925925926 0.35859375 0.4197916666666668 0.17922453703703703
2 0.5740740740740741 0.8299247685185186 0.18709490740740725 0.08436342592592609
7 0.644357638888889 0.8122627314814814 0.05769675925925917 0.04239583333333315
15 0.13237847222222224 0.6907175925925926 0.1177083333333333 0.0631018518518518
12 0.5065104166666667 0.2685532407407407 0.5107060185185185 0.23450231481481482
14 0.14033564814814814 0.6529918981481482 0.12089120370370372 0.06484953703703696
0 0.6499710648148148 0.7112557870370371 0.08460648148148149 0.0533449074074074
5 0.6028935185185185 0.6609143518518519 0.19496527777777786 0.08638888888888889
6 0.6046296296296296 0.623599537037037 0.2075231481481481 0.08869212962962969
16 0.6016493055555555 0.4799884259259259 0.2549189814814815 0.10553240740740737
11 0.6409143518518519 0.7403414351851852 0.08929398148148149 0.05362268518518505
10 0.5138310185185185 0.739826388888889 0.33368055555555554 0.12734953703703694
4 0.643894675925926 0.5261458333333333 0.16024305555555554 0.07497685185185184
13 0.6647569444444444 0.6053356481481481 0.09560185185185191 0.05555555555555554
3 0.342650462962963 0.4537268518518518 0.02604166666666661 0.029606481481481595