16 0.425 0.3453125 0.3390625 0.040625
9 0.4625 0.240625 0.415625 0.0625
11 0.3375 0.59609375 0.16875 0.03125
10 0.38359375 0.63671875 0.2609375 0.0328125
2 0.34453125 0.70546875 0.1828125 0.0328125
5 0.3671875 0.52890625 0.2296875 0.034375
14 0.8046875 0.653125 0.115625 0.0296875
6 0.3625 0.48828125 0.2171875 0.03125
7 0.27890625 0.66796875 0.0546875 0.0296875
8 0.32734375 0.30625 0.1484375 0.0375
12 0.50859375 0.15 0.5046875 0.1015625
15 0.80234375 0.690625 0.1109375 0.03125
1 0.41328125 0.4203125 0.3171875 0.0390625
0 0.29609375 0.56171875 0.08125 0.03125
4 0.31328125 0.3796875 0.11875 0.034375
13 0.296875 0.45390625 0.0953125 0.03125
3 0.64609375 0.39453125 0.0203125 0.0234375