11 0.6409722222222223 0.6527083333333333 0.17103009259259264 0.059791666666666646
10 0.6044328703703703 0.6909375 0.2586921296296296 0.0765625
2 0.6456481481481482 0.759375 0.1851157407407408 0.062291666666666676
7 0.704832175925926 0.7234375 0.05993055555555564 0.041458333333333285
0 0.6689178240740741 0.61390625 0.11468750000000014 0.04979166666666668
9 0.48015625 0.26427083333333334 0.4266203703703704 0.13770833333333332
12 0.42822337962962964 0.18026041666666667 0.5164699074074074 0.19677083333333334
15 0.1847916666666667 0.7231770833333333 0.11471064814814813 0.05135416666666668
5 0.6248032407407408 0.5828125 0.1960763888888888 0.0645833333333334
14 0.18144097222222222 0.6854166666666667 0.11468750000000001 0.04979166666666668
6 0.6167418981481482 0.5463020833333333 0.21030092592592595 0.07645833333333343
4 0.6243518518518518 0.4021354166666667 0.16321759259259264 0.05927083333333325
16 0.5333622685185185 0.3679166666666666 0.3401273148148148 0.09447916666666671
1 0.5139699074074073 0.46281249999999996 0.4016435185185184 0.13760416666666675
8 0.4877546296296297 0.33203125 0.4232175925925926 0.11875
13 0.6689293981481482 0.5075520833333333 0.09591435185185197 0.04697916666666657
3 0.3143518518518518 0.4236979166666667 0.023831018518518477 0.028125