5 0.35 0.6587384259259259 0.196875 0.07864583333333322
16 0.3625 0.4729456018518519 0.29375 0.11082175925925916
11 0.3515625 0.7307291666666667 0.1703125 0.07199074074074083
10 0.403125 0.7611111111111111 0.2578125 0.09722222222222214
6 0.34921875 0.6219618055555556 0.209375 0.08269675925925916
9 0.4171875 0.36293402777777783 0.4328125 0.1617476851851852
1 0.3734375 0.5432870370370371 0.284375 0.10231481481481489
12 0.4375 0.2644386574074074 0.5234375 0.23721064814814818
8 0.28203125 0.4404224537037037 0.1421875 0.06834490740740744
15 0.83046875 0.7716724537037036 0.1203125 0.06203703703703702
2 0.38125 0.8391782407407409 0.1859375 0.0778356481481481
14 0.81953125 0.7325810185185185 0.11875 0.06035879629629619
13 0.2875 0.5931712962962963 0.096875 0.054050925925925954
0 0.29921875 0.7041956018518519 0.0828125 0.04988425925925917
7 0.30859375 0.8087962962962963 0.059375 0.0450231481481481
4 0.2859375 0.5157118055555555 0.125 0.060821759259259166
3 0.615625 0.4893518518518519 0.028125 0.031770833333333214