4 0.4544675925925926 0.7175983796296297 0.07190972222222225 0.1628587962962964
12 0.19358217592592591 0.5702719907407408 0.25650462962962967 0.5484143518518518
6 0.5623553240740741 0.6942418981481481 0.07517361111111107 0.1677083333333332
15 0.6757233796296296 0.19543981481481482 0.06298611111111115 0.12495370370370366
9 0.29713541666666665 0.6139814814814815 0.17054398148148148 0.43787037037037047
2 0.775005787037037 0.6473668981481481 0.0820717592592592 0.18990740740740755
8 0.3752372685185185 0.7244444444444444 0.08018518518518522 0.17888888888888896
7 0.7493923611111111 0.7195891203703704 0.04399305555555557 0.06312500000000014
11 0.6767361111111111 0.7158217592592593 0.052777777777777854 0.09634259259259252
1 0.4842534722222222 0.6894097222222222 0.08405092592592603 0.20405092592592594
16 0.405787037037037 0.670474537037037 0.10502314814814824 0.2800231481481482
14 0.6378993055555556 0.20443287037037033 0.06298611111111115 0.12495370370370366
5 0.5954224537037037 0.687349537037037 0.07706018518518523 0.17872685185185197
0 0.6392361111111111 0.7138773148148149 0.05967592592592581 0.11854166666666668
10 0.6899537037037037 0.5866203703703704 0.12103009259259263 0.34637731481481476
3 0.4066493055555555 0.40370370370370373 0.04642361111111111 0.039849537037036954
13 0.5313020833333333 0.7387962962962963 0.05608796296296283 0.1027546296296297