9 0.6254861111111112 0.34832175925925923 0.4168287037037036 0.15891203703703702
6 0.6572800925925926 0.6005787037037037 0.2578240740740741 0.1
14 0.21019675925925924 0.640162037037037 0.12479166666666668 0.06076388888888893
1 0.6731655092592593 0.5309895833333333 0.2624305555555555 0.09861111111111107
0 0.7330324074074074 0.6930555555555555 0.08359953703703696 0.04832175925925917
10 0.6347627314814815 0.7377604166666667 0.2514930555555555 0.09820601851851851
12 0.5870717592592593 0.2541087962962963 0.5005902777777778 0.21035879629629636
16 0.6197743055555556 0.4486979166666666 0.38271990740740736 0.13269675925925917
11 0.6827256944444444 0.7153645833333334 0.1691087962962964 0.07332175925925917
4 0.7259375 0.5111111111111111 0.15792824074074083 0.06822916666666679
8 0.7750810185185185 0.45133101851851853 0.08993055555555554 0.050115740740740836
13 0.7486574074074074 0.5883680555555555 0.08672453703703695 0.0484375
15 0.2041666666666667 0.6742476851851852 0.11681712962962969 0.057349537037037025
2 0.6574826388888889 0.8150173611111111 0.18193287037037037 0.08003472222222215
7 0.725920138888889 0.7964988425925925 0.05671296296296298 0.04108796296296298
5 0.6078356481481482 0.6244791666666666 0.3511458333333334 0.12528935185185192
3 0.4264814814814815 0.43530092592592595 0.021689814814814846 0.027314814814814882