16 0.3546875 0.4046875 0.2078125 0.028125
9 0.43515625 0.309375 0.396875 0.0515625
14 0.7796875 0.703125 0.115625 0.0328125
0 0.28671875 0.65546875 0.071875 0.0296875
15 0.78125 0.7390625 0.1140625 0.03125
6 0.34453125 0.58203125 0.1953125 0.0296875
7 0.27578125 0.7609375 0.05 0.028125
2 0.3375 0.79375 0.16875 0.0265625
12 0.4828125 0.22421875 0.478125 0.0859375
4 0.30859375 0.4421875 0.11875 0.028125
1 0.321875 0.51640625 0.1359375 0.03125
11 0.3296875 0.6875 0.153125 0.0296875
5 0.3390625 0.61796875 0.178125 0.028125
8 0.28671875 0.36953125 0.0609375 0.0296875
13 0.290625 0.54765625 0.0828125 0.028125
10 0.3734375 0.72109375 0.2515625 0.0296875
1 0.3203125 0.4734375 0.1375 0.0296875
3 0.59609375 0.47265625 0.0125 0.0140625