9 0.5804918981481482 0.315625 0.4139930555555555 0.103125
6 0.617662037037037 0.5640625 0.25502314814814825 0.0640625
14 0.17320023148148148 0.6671875 0.12165509259259259 0.0453125
1 0.6322916666666666 0.4921875 0.25971064814814826 0.0640625
0 0.6957233796296296 0.6453125 0.08079861111111111 0.0375
10 0.5986516203703705 0.7046875 0.25033564814814824 0.0640625
12 0.540162037037037 0.2265625 0.4948842592592593 0.14375
16 0.577505787037037 0.41640625 0.3820486111111112 0.0796875
11 0.6456018518518519 0.67578125 0.16715277777777793 0.0515625
4 0.6838831018518519 0.46484375 0.15612268518518527 0.0484375
8 0.7319675925925926 0.39765625 0.08709490740740726 0.0390625
13 0.7090509259259259 0.53828125 0.0839236111111111 0.0375
15 0.16827546296296297 0.7015625 0.1153587962962963 0.04375
2 0.6230381944444444 0.778125 0.17974537037037025 0.0546875
7 0.6910358796296296 0.75078125 0.05414351851851862 0.034375
5 0.5691030092592593 0.59453125 0.3507523148148149 0.078125
3 0.38412037037037033 0.43046875 0.019490740740740798 0.025