9 0.31403935185185183 0.5516666666666666 0.07192129629629633 0.4327083333333334
10 0.7057928240740741 0.6364062500000001 0.04263888888888889 0.27458333333333335
5 0.6009201388888888 0.6544270833333334 0.04075231481481474 0.2307291666666668
16 0.41932870370370373 0.5829166666666666 0.04482638888888886 0.35906249999999995
12 0.22381365740740738 0.49171875 0.11163194444444446 0.5228125
11 0.6725868055555555 0.6873437499999999 0.03562499999999993 0.1710416666666667
14 0.7065451388888888 0.21828124999999998 0.035243055555555534 0.11947916666666672
6 0.564207175925926 0.6511979166666666 0.037592592592592664 0.22583333333333327
15 0.7448263888888889 0.2208333333333333 0.03678240740740755 0.11645833333333329
1 0.4883912037037037 0.6508333333333333 0.040740740740740834 0.2291666666666668
2 0.7797222222222222 0.6804166666666667 0.040428240740740765 0.18697916666666678
4 0.4536168981481482 0.7024479166666666 0.03527777777777778 0.12416666666666672
0 0.6364351851851853 0.7138541666666667 0.03519675925925938 0.11322916666666671
13 0.5300983796296296 0.7184895833333333 0.035069444444444466 0.09604166666666672
7 0.7479861111111111 0.7439583333333333 0.03321759259259256 0.05687499999999997
8 0.3793055555555555 0.71 0.0382407407407408 0.10249999999999986
3 0.4529571759259259 0.36942708333333335 0.026724537037037165 0.02364583333333332