2 0.6403877314814814 0.7706944444444443 0.1768518518518519 0.03513888888888879
14 0.17767939814814815 0.7111284722222223 0.11913194444444448 0.035416666666666784
1 0.5713483796296297 0.48362847222222227 0.3412847222222222 0.04503472222222236
8 0.6144560185185185 0.3766319444444445 0.25369212962962956 0.04152777777777779
9 0.5421006944444444 0.31713541666666667 0.40967592592592583 0.06684027777777776
13 0.6927025462962962 0.5215277777777778 0.0862268518518519 0.03312500000000007
3 0.35596643518518517 0.44833333333333325 0.026944444444444483 0.033368055555555644
12 0.4954456018518519 0.23317708333333337 0.5008680555555556 0.1047569444444445
10 0.6041145833333333 0.6963541666666667 0.24431712962962954 0.041319444444444464
6 0.6365740740740741 0.5578298611111111 0.20194444444444457 0.037256944444444426
16 0.5824074074074075 0.4158159722222222 0.3272222222222222 0.04472222222222229
0 0.6949537037037037 0.6287499999999999 0.07363425925925923 0.031284722222222075
5 0.644832175925926 0.5900868055555556 0.18163194444444458 0.036805555555555536
4 0.6655729166666667 0.4513020833333334 0.14881944444444456 0.036076388888889
15 0.17637731481481483 0.7463020833333334 0.11756944444444443 0.035381944444444355
7 0.7036400462962963 0.7329861111111111 0.05019675925925924 0.030763888888888858
11 0.6475578703703704 0.6628993055555557 0.1612268518518519 0.034791666666666644