9 0.47109375 0.2328125 0.425 0.05625
2 0.3640625 0.6984375 0.184375 0.034375
5 0.365625 0.521875 0.1921875 0.0359375
10 0.40078125 0.62734375 0.259375 0.0390625
16 0.4015625 0.33828125 0.2734375 0.0359375
6 0.371875 0.48515625 0.209375 0.0359375
14 0.8234375 0.62578125 0.1125 0.028125
8 0.3125 0.3 0.0953125 0.0328125
4 0.34140625 0.37578125 0.159375 0.034375
0 0.31015625 0.5578125 0.0796875 0.03125
11 0.35546875 0.59375 0.16875 0.0375
12 0.5234375 0.14296875 0.5078125 0.0984375
7 0.29765625 0.66640625 0.0546875 0.028125
1 0.4015625 0.41328125 0.2765625 0.0375
15 0.8234375 0.66328125 0.109375 0.03125
13 0.31171875 0.45 0.0921875 0.0328125
3 0.65859375 0.37734375 0.0203125 0.0234375