0 0.7040219907407408 0.6835648148148149 0.07459490740740744 0.03668981481481488
9 0.564236111111111 0.354369212962963 0.40740740740740744 0.10341435185185191
14 0.18394097222222222 0.7022280092592592 0.11707175925925925 0.04762731481481488
5 0.65390625 0.6406828703703704 0.18275462962962957 0.054050925925925954
6 0.6745949074074075 0.6108796296296296 0.14363425925925916 0.04959490740740726
8 0.6929976851851851 0.43127893518518523 0.13732638888888893 0.04756944444444446
4 0.6832754629629629 0.5034143518518519 0.14982638888888894 0.04849537037037024
1 0.6196469907407407 0.5292534722222222 0.27824074074074084 0.06579861111111107
11 0.6941261574074075 0.7180844907407408 0.08402777777777785 0.03894675925925935
13 0.7095196759259259 0.5774305555555556 0.0887731481481481 0.04085648148148149
16 0.6283854166666666 0.4625289351851851 0.2719907407407408 0.0653356481481481
12 0.5260127314814815 0.26536458333333335 0.4979166666666666 0.14907407407407405
7 0.7048032407407406 0.7893807870370371 0.05590277777777786 0.03686342592592595
15 0.1818576388888889 0.7373263888888889 0.11388888888888893 0.04583333333333321
2 0.6370659722222223 0.8203993055555555 0.1796875 0.05538194444444464
10 0.5743055555555555 0.7381944444444445 0.3283564814814815 0.07262731481481488
3 0.3799189814814815 0.46605902777777775 0.02285879629629628 0.028182870370370417