9 0.82390625 0.5050752314814815 0.15718749999999987 0.4368865740740741
4 0.7144270833333334 0.6549710648148148 0.06885416666666658 0.1660532407407409
1 0.67640625 0.646880787037037 0.07333333333333343 0.18638888888888888
8 0.7893229166666667 0.6656770833333333 0.06447916666666664 0.12385416666666664
0 0.53421875 0.7043923611111111 0.05614583333333343 0.1159837962962964
16 0.7297395833333333 0.5684085648148148 0.10989583333333322 0.3365856481481481
11 0.49494791666666665 0.6775520833333333 0.07104166666666671 0.1754398148148148
13 0.6447916666666667 0.6997453703703703 0.05333333333333332 0.09722222222222214
14 0.3530729166666667 0.21266782407407409 0.06135416666666664 0.12383101851851848
12 0.8996354166666667 0.43540509259259264 0.2007291666666667 0.5294444444444444
15 0.31369791666666663 0.21940393518518517 0.06114583333333332 0.12070601851851848
6 0.5974999999999999 0.6462962962962963 0.07958333333333342 0.20986111111111114
2 0.3830208333333333 0.6853125 0.075 0.18796296296296297
10 0.4601041666666667 0.6819791666666666 0.07250000000000015 0.1738888888888889
3 0.6426562499999999 0.3397511574074074 0.036250000000000074 0.028379629629629654
7 0.43140625000000005 0.7434548611111111 0.04489583333333336 0.06436342592592581
5 0.5721875 0.6999884259259259 0.05552083333333328 0.10660879629629623