9 0.4100520833333333 0.27651041666666665 0.43204861111111104 0.15187499999999998
16 0.3661284722222223 0.38328124999999996 0.31937499999999996 0.10541666666666663
2 0.34532986111111114 0.74546875 0.19020833333333337 0.0734375
12 0.45505208333333336 0.18078124999999998 0.5266666666666666 0.21270833333333333
14 0.7968055555555555 0.6541145833333333 0.11777777777777772 0.05614583333333343
6 0.3345659722222222 0.5292708333333334 0.2139236111111112 0.08125
5 0.3273958333333333 0.5671875 0.19802083333333337 0.07395833333333339
10 0.3798090277777778 0.6748958333333334 0.2767708333333333 0.09322916666666661
11 0.3250173611111111 0.6383333333333333 0.17281250000000004 0.06760416666666665
0 0.27541666666666664 0.6083854166666667 0.0847569444444444 0.049270833333333285
13 0.2692708333333333 0.49984375 0.0989583333333334 0.05333333333333332
15 0.7998611111111111 0.6911458333333333 0.11628472222222222 0.05760416666666668
1 0.3390798611111111 0.46296874999999993 0.2389930555555555 0.08447916666666658
7 0.27531249999999996 0.7165104166666667 0.05940972222222225 0.03979166666666671
8 0.24203124999999998 0.35463541666666665 0.06756944444444439 0.048125000000000015
4 0.27640625 0.42744791666666665 0.1224652777777778 0.05645833333333332
3 0.6102777777777778 0.40817708333333336 0.02951388888888893 0.03312500000000007