2 0.2945023148148148 0.6383043981481482 0.04282407407407405 0.1864699074074075
8 0.6932581018518519 0.6356134259259258 0.047280092592592735 0.22245370370370382
14 0.3739293981481482 0.18219907407407407 0.03709490740740744 0.11611111111111114
11 0.4002604166666667 0.6531597222222223 0.040625 0.1692592592592593
1 0.5798900462962963 0.6573842592592593 0.04224537037037042 0.1708449074074075
9 0.7625289351851852 0.5381481481481482 0.08917824074074084 0.4260879629629629
10 0.36918402777777776 0.6057986111111111 0.04861111111111107 0.2583912037037036
12 0.8519386574074075 0.4878819444444444 0.13443287037037024 0.5095254629629629
4 0.6170428240740741 0.6673148148148147 0.041724537037037025 0.15678240740740748
7 0.3247685185185185 0.7075405092592593 0.03171296296296298 0.05512731481481481
15 0.33486689814814813 0.18162037037037038 0.040162037037037024 0.11459490740740744
16 0.65703125 0.5795775462962963 0.0606481481481481 0.33040509259259265
0 0.4315104166666667 0.6958333333333334 0.03570601851851851 0.07861111111111115
6 0.5064525462962963 0.6774016203703704 0.0375 0.12704861111111115
5 0.4717881944444445 0.6424942129629629 0.04450231481481488 0.18961805555555564
3 0.6209490740740741 0.3507928240740741 0.025868055555555537 0.02380787037037031
13 0.5409722222222222 0.6951099537037038 0.03773148148148149 0.0911342592592593