5 0.38671875 0.51953125 0.2390625 0.0328125
2 0.3640625 0.6984375 0.184375 0.034375
9 0.47109375 0.23359375 0.4234375 0.0578125
14 0.82421875 0.625 0.115625 0.034375
6 0.38984375 0.48359375 0.24375 0.0328125
15 0.821875 0.66484375 0.1125 0.0328125
7 0.296875 0.66640625 0.05625 0.028125
16 0.45625 0.33984375 0.378125 0.0328125
10 0.40078125 0.63046875 0.259375 0.03125
11 0.3546875 0.59140625 0.1671875 0.0328125
12 0.52421875 0.14453125 0.5109375 0.1
4 0.34140625 0.37734375 0.1578125 0.03125
1 0.38671875 0.41484375 0.25 0.0328125
8 0.303125 0.3 0.078125 0.034375
0 0.309375 0.55859375 0.078125 0.03125
13 0.3125 0.44921875 0.090625 0.0328125
3 0.65859375 0.37578125 0.0234375 0.028125