1 0.32473958333333336 0.44412615740740746 0.2418981481481482 0.06354166666666679
5 0.2863368055555556 0.5531539351851851 0.1932986111111111 0.05862268518518512
14 0.7245833333333334 0.7030092592592593 0.12258101851851855 0.04820601851851851
9 0.43892939814814813 0.28706597222222224 0.40954861111111107 0.10873842592592595
0 0.22620370370370368 0.585011574074074 0.0769444444444444 0.04027777777777786
11 0.2242997685185185 0.621730324074074 0.0863194444444444 0.040625
6 0.2866377314814815 0.5172743055555555 0.1792361111111111 0.058101851851851904
12 0.4883333333333334 0.2064814814814815 0.48657407407407405 0.15057870370370371
16 0.3670833333333333 0.37939814814814815 0.30035879629629625 0.07818287037037033
8 0.2555324074074074 0.3351851851851852 0.0674884259259259 0.03836805555555554
4 0.2696122685185185 0.409519675925926 0.11460648148148156 0.044791666666666605
2 0.25752893518518516 0.7327835648148149 0.18071759259259262 0.056597222222222146
15 0.7188136574074073 0.7390914351851852 0.11945601851851854 0.04809027777777786
10 0.29629050925925926 0.6619502314814815 0.2372106481481481 0.06336805555555554
7 0.19811921296296295 0.6905381944444444 0.05482638888888887 0.03478009259259256
13 0.245775462962963 0.47824074074074074 0.08467592592592599 0.039004629629629584
3 0.5904050925925926 0.4335069444444445 0.018564814814814846 0.02719907407407405