0 0.39101851851851854 0.2545486111111111 0.03335648148148147 0.07416666666666671
6 0.45620370370370367 0.3124652777777778 0.04197916666666668 0.1837152777777778
5 0.4210763888888889 0.30934027777777773 0.0404050925925926 0.18211805555555555
14 0.27394097222222225 0.7695659722222222 0.036793981481481455 0.11642361111111121
9 0.6896469907407408 0.43303819444444447 0.07800925925925917 0.40791666666666676
10 0.31535879629629626 0.3452777777777778 0.04717592592592599 0.25256944444444446
8 0.636556712962963 0.3240798611111111 0.043645833333333425 0.19781250000000003
11 0.3524131944444444 0.2991493055555555 0.04025462962962969 0.16180555555555554
12 0.771267361111111 0.48668402777777775 0.11767361111111115 0.4900347222222223
2 0.24459490740740736 0.30232638888888885 0.04192129629629626 0.1759027777777778
4 0.5665972222222223 0.2779861111111111 0.03831018518518512 0.11020833333333328
13 0.4963946759259259 0.2647048611111111 0.03502314814814813 0.08826388888888896
1 0.528125 0.30461805555555554 0.040289351851851764 0.16649305555555555
16 0.5931712962962963 0.38128472222222226 0.050717592592592634 0.3088888888888889
15 0.23958333333333334 0.767986111111111 0.03673611111111112 0.10861111111111121
7 0.2872395833333333 0.23967013888888894 0.033194444444444395 0.052291666666666715
3 0.5462094907407408 0.6049479166666666 0.026724537037036988 0.022465277777777716