11 0.27101273148148153 0.5873437499999999 0.05466435185185183 0.16083333333333344
9 0.6425925925925926 0.5018750000000001 0.11728009259259267 0.42958333333333343
5 0.34381365740740744 0.5669270833333333 0.06571759259259258 0.21604166666666663
8 0.5561921296296296 0.62046875 0.05262731481481495 0.12645833333333342
14 0.31224537037037037 0.14104166666666668 0.05097222222222229 0.12479166666666663
16 0.5301273148148148 0.5350520833333333 0.07788194444444443 0.29000000000000004
1 0.46303819444444444 0.5247395833333334 0.07743055555555553 0.3086458333333333
12 0.73484375 0.45526041666666667 0.16768518518518521 0.5185416666666667
10 0.23756365740740737 0.5740104166666666 0.05954861111111107 0.19072916666666656
6 0.3820949074074075 0.5643750000000001 0.06471064814814813 0.22531250000000008
15 0.28435185185185186 0.13901041666666666 0.0474768518518518 0.11833333333333332
0 0.2967766203703704 0.6253125 0.044340277777777715 0.09166666666666679
2 0.16514467592592594 0.56171875 0.06359953703703702 0.20656250000000007
4 0.48635416666666664 0.5908854166666666 0.05890046296296294 0.17979166666666657
13 0.4042650462962962 0.6235937500000001 0.046736111111111 0.10583333333333336
7 0.18822916666666667 0.6317708333333334 0.041296296296296296 0.06656249999999986
3 0.528431712962963 0.31416666666666665 0.02289351851851862 0.01864583333333334