10 0.38012152777777775 0.6191145833333334 0.26041666666666663 0.050717592592592634
11 0.3387673611111111 0.5809895833333334 0.16968749999999994 0.04468749999999986
6 0.3645486111111111 0.47586805555555556 0.2134722222222222 0.04689814814814817
2 0.3394097222222222 0.6927546296296295 0.18843750000000004 0.044965277777777854
9 0.4886979166666666 0.2346585648148148 0.42534722222222215 0.09221064814814817
7 0.27937500000000004 0.6512268518518518 0.056944444444444464 0.03208333333333328
12 0.5475868055555555 0.15190972222222224 0.5156944444444445 0.15134259259259258
5 0.35748263888888887 0.5124942129629629 0.19940972222222228 0.046689814814814844
0 0.2981423611111111 0.5452199074074074 0.08048611111111112 0.037118055555555605
14 0.8012152777777779 0.6605208333333333 0.11645833333333329 0.03921296296296291
8 0.41539930555555554 0.29765625 0.29038194444444443 0.06365740740740744
15 0.7972395833333333 0.698755787037037 0.11333333333333329 0.03916666666666657
1 0.37706597222222227 0.4049363425925926 0.21986111111111112 0.05324074074074066
13 0.3114409722222222 0.4391319444444445 0.09458333333333338 0.03888888888888893
4 0.3287152777777778 0.3651446759259259 0.11961805555555553 0.04082175925925924
16 0.43565972222222216 0.33546875 0.33715277777777786 0.059664351851851906
3 0.6609027777777777 0.3982002314814815 0.02250000000000014 0.028449074074074154