14 0.33005208333333336 0.18246527777777777 0.03775462962962965 0.11559027777777775
1 0.531244212962963 0.5834374999999999 0.059432870370370414 0.2679166666666667
9 0.7044675925925926 0.5421006944444444 0.09489583333333336 0.41149305555555565
0 0.38526041666666666 0.6728472222222223 0.0399537037037037 0.08447916666666658
15 0.3034664351851852 0.18286458333333333 0.03458333333333332 0.11388888888888893
7 0.2767824074074074 0.6815798611111111 0.03921296296296299 0.05947916666666657
12 0.787986111111111 0.5094444444444444 0.12965277777777776 0.47857638888888887
4 0.5648958333333333 0.6367013888888888 0.04856481481481474 0.1644444444444444
11 0.35085069444444444 0.6203993055555556 0.05224537037037038 0.1833333333333332
10 0.31667245370370367 0.5757638888888889 0.06274305555555557 0.2743055555555555
16 0.6059085648148148 0.5159722222222223 0.07619212962962969 0.41222222222222216
13 0.48997106481481484 0.6689756944444445 0.03729166666666668 0.09996527777777775
2 0.24487268518518518 0.6078993055555555 0.05436342592592593 0.2021527777777777
6 0.4562210648148149 0.5859895833333333 0.059247685185185264 0.2616666666666667
8 0.6345717592592592 0.6648958333333332 0.042164351851851835 0.10642361111111107
5 0.41935185185185186 0.6353472222222222 0.05017361111111107 0.1660763888888889
3 0.5747627314814816 0.36246527777777776 0.020868055555555643 0.019652777777777786