5 0.37578125 0.521875 0.2390625 0.0328125
14 0.80703125 0.65546875 0.1140625 0.03125
6 0.3796875 0.484375 0.2453125 0.0328125
9 0.46796875 0.23828125 0.4203125 0.0671875
8 0.359375 0.30234375 0.2046875 0.0421875
15 0.803125 0.69453125 0.1125 0.034375
12 0.5171875 0.15390625 0.5046875 0.11875
11 0.34140625 0.59140625 0.1703125 0.0328125
1 0.37890625 0.4140625 0.2453125 0.040625
10 0.3828125 0.63125 0.2578125 0.0359375
2 0.34609375 0.69921875 0.184375 0.0328125
0 0.29375 0.55625 0.078125 0.0296875
13 0.29921875 0.446875 0.0875 0.0328125
4 0.3359375 0.375 0.159375 0.0375
7 0.28046875 0.6640625 0.05625 0.0296875
3 0.65078125 0.3953125 0.0203125 0.028125
16 0.6323628734375 0.33779296875 0.259375 0.3135416671875 0.2546142578125 0.3501363125 0.63157399375 0.37275390625 0.6323628734375 0.33779296875