0 0.3219270833333333 0.3150347222222222 0.04552083333333332 0.07718749999999996
6 0.39828125 0.35892939814814817 0.07878472222222221 0.1942708333333334
9 0.6542361111111111 0.43171296296296297 0.15399305555555554 0.41329861111111105
14 0.3245138888888889 0.8382465277777778 0.061736111111111124 0.12635416666666685
1 0.4740798611111111 0.3448495370370371 0.07545138888888889 0.1894212962962963
12 0.7464236111111111 0.47173032407407406 0.20809027777777764 0.5080787037037038
11 0.2869965277777778 0.3257523148148148 0.047499999999999966 0.08664351851851855
4 0.5031423611111111 0.32521412037037034 0.06781249999999997 0.15784722222222225
15 0.28890625000000003 0.8465798611111112 0.05826388888888889 0.1183796296296297
5 0.36572916666666666 0.36898726851851854 0.07756944444444454 0.20200231481481482
16 0.5422743055555556 0.36091435185185183 0.08874999999999993 0.24311342592592594
13 0.42734375 0.30405671296296294 0.049409722222222285 0.09453703703703704
7 0.21519097222222222 0.32046296296296295 0.041423611111111126 0.05515046296296298
8 0.5835763888888889 0.3654050925925926 0.0941319444444444 0.25898148148148153
2 0.19001736111111112 0.3935474537037037 0.07510416666666667 0.18160879629629623
10 0.27196180555555555 0.4526099537037037 0.11309027777777772 0.33479166666666665
3 0.5524826388888888 0.6245486111111112 0.026041666666666786 0.02473379629629626