14 0.7071701388888889 0.23074074074074075 0.03611111111111107 0.1176967592592593
9 0.316087962962963 0.5631539351851852 0.06695601851851851 0.4071527777777778
1 0.47892361111111115 0.5882175925925927 0.04222222222222225 0.3193055555555556
12 0.23022569444444443 0.5142361111111111 0.10090277777777779 0.4842013888888889
6 0.5550810185185184 0.6674537037037037 0.03542824074074069 0.17704861111111114
15 0.7431076388888889 0.23127314814814817 0.03440972222222225 0.10829861111111114
5 0.5875810185185186 0.6468460648148148 0.0344444444444445 0.21608796296296298
10 0.695300925925926 0.642193287037037 0.03931712962962965 0.22865740740740748
11 0.6604745370370371 0.7166608796296297 0.030821759259259274 0.07700231481481482
7 0.7302488425925926 0.7340972222222222 0.030428240740740797 0.05043981481481481
2 0.7676157407407407 0.6729456018518518 0.033773148148148205 0.17077546296296298
0 0.6246064814814816 0.7208159722222222 0.030729166666666786 0.07075231481481481
8 0.37835069444444447 0.7062326388888889 0.03254629629629626 0.08796296296296298
16 0.4141203703703704 0.6427141203703703 0.036076388888889 0.22079861111111115
4 0.4492939814814815 0.6971296296296297 0.032893518518518405 0.11140046296296298
13 0.5175173611111111 0.7153240740740741 0.030868055555555607 0.0801273148148148
3 0.44796296296296295 0.3963946759259259 0.020567129629629654 0.017488425925925987