5 0.5794965277777777 0.6301157407407407 0.05123842592592602 0.2026851851851852
0 0.6160185185185185 0.6872222222222222 0.03659722222222221 0.07703703703703688
9 0.29929976851851847 0.55859375 0.09333333333333335 0.41262731481481474
14 0.6776446759259259 0.16027199074074075 0.04262731481481481 0.12262731481481479
10 0.6822164351851852 0.5850347222222222 0.056076388888888926 0.26068287037037036
8 0.3625925925925926 0.6070949074074073 0.06660879629629637 0.30030092592592583
12 0.21321180555555558 0.5161226851851852 0.13668981481481488 0.5072222222222222
11 0.6502893518518518 0.6360590277777778 0.0455324074074074 0.16803240740740738
3 0.4220428240740741 0.3641493055555555 0.03199074074074062 0.026851851851851904
4 0.4380787037037037 0.6915277777777777 0.04078703703703699 0.11315972222222222
15 0.7152604166666666 0.15414351851851854 0.042581018518518476 0.12106481481481479
6 0.54328125 0.6416203703703705 0.04916666666666671 0.18540509259259252
1 0.4724131944444444 0.664537037037037 0.05008101851851841 0.1636226851851852
2 0.7584259259259258 0.618732638888889 0.04907407407407405 0.18228009259259254
13 0.5096527777777778 0.6974247685185185 0.03687499999999986 0.08641203703703706
7 0.7214178240740741 0.6833159722222222 0.03287037037037042 0.0565393518518519
16 0.3987615740740741 0.5971527777777779 0.06550925925925935 0.3158333333333335