14 0.7081944444444443 0.8008564814814815 0.054166666666666786 0.11795138888888879
2 0.6728645833333333 0.3356423611111111 0.07447916666666661 0.1885416666666666
9 0.24451388888888886 0.5300115740740741 0.1516319444444445 0.42710648148148156
16 0.34616319444444443 0.5002777777777778 0.12097222222222222 0.38291666666666657
15 0.7447222222222223 0.792806712962963 0.057222222222222285 0.11487268518518512
10 0.6153819444444444 0.3847743055555556 0.0917361111111111 0.2622106481481482
5 0.4991319444444445 0.35493634259259255 0.07083333333333322 0.16505787037037037
12 0.16722222222222222 0.6014988425925926 0.20833333333333334 0.5185416666666667
6 0.47059027777777784 0.4060590277777778 0.08996527777777778 0.25281249999999994
7 0.62625 0.27637731481481487 0.04197916666666668 0.061539351851851797
11 0.5669270833333333 0.34813078703703704 0.06944444444444446 0.1728472222222222
4 0.3559375 0.377806712962963 0.06763888888888889 0.1618865740740741
1 0.4044965277777778 0.41913773148148153 0.0916666666666666 0.2590856481481481
0 0.5247395833333334 0.3123611111111111 0.05038194444444457 0.08821759259259263
8 0.27447916666666666 0.3672280092592593 0.057048611111111126 0.10706018518518512
13 0.4197916666666666 0.33423611111111107 0.05208333333333322 0.09449074074074079
3 0.42763888888888885 0.6873611111111111 0.028750000000000143 0.028541666666666642