9 0.77734375 0.44366319444444446 0.0875 0.4300694444444444
2 0.31015625 0.3735763888888889 0.0453125 0.18381944444444437
16 0.66875 0.3859201388888889 0.053125 0.2777430555555556
7 0.3390625 0.3065277777777778 0.0328125 0.058541666666666624
14 0.3984375 0.8247395833333332 0.0359375 0.11486111111111086
11 0.415625 0.3540451388888889 0.0421875 0.17125000000000004
5 0.48515625 0.32984375000000005 0.0421875 0.13843750000000005
4 0.6328125 0.3296875 0.04375 0.15878472222222229
12 0.87265625 0.4915451388888889 0.1484375 0.5189236111111111
10 0.3859375 0.4015798611111111 0.05 0.2604861111111111
1 0.59921875 0.3640277777777778 0.046875 0.2229166666666667
6 0.52265625 0.3399479166666667 0.04375 0.1650347222222223
0 0.44609375 0.3080555555555556 0.0359375 0.08048611111111104
15 0.36015625 0.8263715277777777 0.0375 0.11020833333333328
8 0.70078125 0.27661458333333333 0.0390625 0.06961805555555553
13 0.55859375 0.30399305555555556 0.04375 0.09784722222222228
3 0.64140625 0.6427777777777777 0.025 0.02243055555555564