5 0.5051157407407407 0.3302083333333333 0.051446759259259164 0.19864583333333333
9 0.22759259259259262 0.47833333333333333 0.09533564814814817 0.43114583333333345
2 0.6833738425925926 0.3003645833333333 0.049814814814814846 0.18916666666666665
6 0.46764467592592596 0.32880208333333333 0.04980324074074076 0.18760416666666674
7 0.6455671296296297 0.23885416666666667 0.03481481481481481 0.06166666666666672
14 0.6471238425925926 0.7666145833333333 0.03835648148148145 0.11812499999999986
10 0.6182175925925926 0.346875 0.055069444444444574 0.2660416666666666
1 0.40042824074074074 0.3371875 0.04979166666666668 0.18604166666666666
12 0.13886574074074073 0.544375 0.14134259259259258 0.5279166666666667
16 0.33315972222222223 0.4580208333333333 0.0717245370370371 0.40614583333333343
11 0.5755497685185185 0.30911458333333336 0.04814814814814809 0.175
15 0.6854340277777778 0.76015625 0.04459490740740755 0.1169791666666665
4 0.3614583333333333 0.32729166666666665 0.04646990740740744 0.15927083333333333
0 0.5391377314814815 0.27015625 0.039699074074074046 0.0885416666666667
13 0.43125 0.2875 0.041331018518518545 0.09802083333333336
8 0.28875 0.33916666666666667 0.04803240740740744 0.159375
3 0.3825636574074074 0.6405729166666667 0.03302083333333332 0.03031250000000014