14 0.8505092592592594 0.5055729166666667 0.11792824074074063 0.0578125
2 0.41537037037037033 0.6941145833333333 0.18849537037037045 0.0796875
9 0.42314236111111114 0.21578124999999998 0.4270138888888889 0.1642708333333333
16 0.43643518518518515 0.32125000000000004 0.38438657407407406 0.1317708333333334
15 0.8573148148148148 0.5426562500000001 0.11484953703703696 0.06072916666666668
10 0.4369270833333333 0.6183854166666667 0.26214120370370375 0.09864583333333332
5 0.3644212962962963 0.5278125 0.16501157407407413 0.075
12 0.45835648148148145 0.11177083333333333 0.5184259259259258 0.2234375
6 0.39965277777777775 0.47776041666666663 0.2527430555555556 0.09645833333333335
7 0.3432175925925926 0.68015625 0.061539351851851797 0.04468750000000003
11 0.38492476851851853 0.5921354166666667 0.17280092592592594 0.07395833333333321
4 0.32950231481481485 0.3878125 0.1618402777777778 0.07166666666666668
1 0.3861689814814815 0.41218750000000004 0.25901620370370376 0.0984375
0 0.3361284722222222 0.5711458333333332 0.08819444444444446 0.05270833333333336
8 0.28782407407407407 0.31942708333333336 0.10703703703703704 0.06020833333333329
13 0.3142418981481481 0.46624999999999994 0.09446759259259263 0.0546875
3 0.6379745370370371 0.30625 0.028541666666666642 0.02999999999999998