10 0.36171875 0.57109375 0.090625 0.2578125
11 0.3859375 0.621875 0.0703125 0.1703125
6 0.49453125 0.62890625 0.0796875 0.2125
2 0.2796875 0.58828125 0.0734375 0.1890625
9 0.76015625 0.58125 0.15625 0.4234375
7 0.3015625 0.6578125 0.0390625 0.059375
12 0.85625 0.54921875 0.228125 0.521875
5 0.45703125 0.62421875 0.0765625 0.1984375
0 0.40859375 0.67109375 0.0484375 0.0828125
14 0.44375 0.15625 0.05625 0.11875
8 0.67890625 0.6328125 0.1078125 0.290625
15 0.40625 0.1484375 0.0546875 0.115625
1 0.56484375 0.6375 0.0875 0.2203125
13 0.5140625 0.68984375 0.053125 0.096875
4 0.58984375 0.6953125 0.0578125 0.121875
16 0.64921875 0.6015625 0.1125 0.334375
3 0.65390625 0.36796875 0.0296875 0.025