6 0.31484375 0.5515625 0.1765625 0.03125
0 0.2640625 0.62109375 0.0734375 0.03125
11 0.2671875 0.65703125 0.078125 0.028125
8 0.2796875 0.3734375 0.1109375 0.03125
7 0.25234375 0.72734375 0.0515625 0.028125
9 0.43125 0.30703125 0.4125 0.0546875
5 0.3234375 0.5875 0.1953125 0.0328125
2 0.315625 0.76484375 0.1765625 0.03125
16 0.34375 0.41171875 0.2296875 0.0328125
12 0.48125 0.22421875 0.4875 0.0890625
10 0.390625 0.6921875 0.33125 0.034375
1 0.28671875 0.4765625 0.1171875 0.0328125
13 0.26640625 0.51484375 0.0828125 0.0296875
14 0.78359375 0.703125 0.11875 0.03125
4 0.2796875 0.44375 0.1109375 0.0296875
15 0.7828125 0.7375 0.1125 0.03125
3 0.60859375 0.440625 0.0234375 0.0328125