9 0.6380729166666667 0.3002372685185185 0.4151041666666668 0.15688657407407405
1 0.7240625 0.4841666666666667 0.15406250000000005 0.06982638888888885
12 0.5802604166666667 0.20954282407407407 0.5247916666666665 0.2147453703703704
5 0.6936458333333333 0.5926388888888889 0.19354166666666667 0.07839120370370374
4 0.7328125 0.45070601851851855 0.1570833333333333 0.06844907407407419
8 0.7483333333333333 0.3776273148148149 0.13489583333333338 0.06246527777777775
6 0.6880208333333334 0.555324074074074 0.20770833333333344 0.08078703703703702
14 0.23697916666666669 0.6369560185185186 0.12541666666666665 0.06034722222222229
11 0.7405208333333333 0.6722164351851851 0.08583333333333343 0.05021990740740741
16 0.6792187499999999 0.4115277777777778 0.2679166666666667 0.0968055555555555
7 0.7436458333333333 0.7426215277777778 0.055625000000000036 0.04064814814814817
0 0.746875 0.6381134259259259 0.08125 0.05150462962962976
10 0.610625 0.6885416666666666 0.3328125 0.11310185185185198
3 0.42151041666666667 0.404837962962963 0.035208333333333286 0.03788194444444439
2 0.6995312499999999 0.7750405092592592 0.12697916666666664 0.06043981481481495
15 0.2303125 0.6663715277777778 0.12374999999999999 0.05869212962962962
13 0.74875 0.5250578703703704 0.10802083333333332 0.056203703703703665