6 0.5788541666666667 0.33369791666666665 0.1021412037037038 0.2565625000000001
5 0.6237442129629629 0.3065104166666667 0.07927083333333336 0.18791666666666665
14 0.6080671296296296 0.7852083333333333 0.06430555555555557 0.12604166666666677
0 0.671244212962963 0.26119791666666664 0.04800925925925927 0.0796875
11 0.7046412037037036 0.2722395833333333 0.049687499999999926 0.08760416666666666
9 0.3239467592592592 0.36552083333333335 0.16539351851851852 0.41687499999999994
1 0.5072337962962964 0.3213020833333333 0.1021412037037038 0.2565625000000001
12 0.23137731481481483 0.3974479166666666 0.21995370370370368 0.5172916666666667
16 0.4245891203703704 0.3681770833333333 0.1351967592592592 0.3805208333333333
10 0.7224537037037038 0.33427083333333335 0.08577546296296301 0.2055208333333333
8 0.43161458333333336 0.21005208333333333 0.04961805555555543 0.08291666666666667
15 0.6430729166666667 0.7930208333333333 0.0611574074074074 0.12427083333333329
2 0.7933391203703704 0.34359375 0.07920138888888886 0.18322916666666664
4 0.4966724537037036 0.24395833333333333 0.057939814814814736 0.11781249999999996
7 0.7748958333333333 0.27145833333333336 0.041458333333333285 0.058958333333333356
13 0.5676736111111111 0.24546874999999999 0.052905092592592594 0.09406249999999998
3 0.40369212962962964 0.56703125 0.02849537037037031 0.026875000000000072