14 0.7874305555555555 0.7416087962962964 0.06298611111111115 0.1223148148148148
6 0.5237847222222222 0.3319328703703704 0.08248842592592602 0.20056712962962955
4 0.4143865740740741 0.33034143518518516 0.0685995370370371 0.15359953703703705
16 0.4070081018518518 0.42401620370370374 0.11431712962962966 0.3257754629629629
9 0.3182349537037037 0.48584490740740743 0.15578703703703703 0.4073148148148148
13 0.4747395833333334 0.2847048611111111 0.051168981481481524 0.09254629629629632
11 0.6233854166666667 0.2928356481481481 0.07204861111111108 0.16456018518518523
0 0.5762037037037038 0.25577546296296294 0.047673611111111215 0.08002314814814807
10 0.666568287037037 0.32674189814814814 0.09320601851851862 0.24594907407407413
1 0.46203125000000006 0.3830266203703704 0.1001504629629629 0.2694328703703704
15 0.822355324074074 0.7340567129629629 0.05986111111111114 0.12229166666666665
5 0.5542013888888888 0.3040393518518519 0.0720949074074074 0.16612268518518522
12 0.25230324074074073 0.5540914351851851 0.21490740740740738 0.5046064814814816
2 0.7284143518518519 0.27877314814814813 0.07398148148148138 0.1770717592592593
7 0.6751851851851851 0.22214120370370374 0.042291666666666575 0.05655092592592599
8 0.34302083333333333 0.3469965277777778 0.06689814814814818 0.14890046296296297
3 0.49429976851851853 0.6285243055555556 0.025740740740740797 0.02518518518518533