11 0.6429282407407408 0.6185763888888889 0.04724537037037031 0.1586805555555557
9 0.29325231481481484 0.5147569444444444 0.1000810185185185 0.42517361111111107
5 0.5755150462962962 0.5943229166666667 0.056331018518518405 0.21350694444444435
8 0.35013310185185187 0.6367881944444445 0.0469444444444445 0.12277777777777779
14 0.7135532407407408 0.1745486111111111 0.04530092592592592 0.12118055555555554
16 0.3973958333333333 0.5530208333333333 0.06482638888888896 0.28704861111111113
1 0.46717013888888886 0.5467881944444445 0.06423611111111108 0.30576388888888884
12 0.21319444444444446 0.4634722222222222 0.1466435185185185 0.5104861111111111
10 0.6802141203703703 0.6068229166666667 0.05190972222222214 0.18843750000000004
6 0.5374768518518518 0.5904861111111112 0.05525462962962955 0.22284722222222228
15 0.7416782407407407 0.17392361111111113 0.043495370370370524 0.11645833333333333
0 0.6082523148148148 0.6552430555555555 0.040474537037037094 0.08829861111111104
2 0.7555787037037037 0.5981249999999999 0.05584490740740744 0.20413194444444435
4 0.42717013888888894 0.6108854166666667 0.05134259259259259 0.17749999999999985
13 0.500925925925926 0.648263888888889 0.041284722222222216 0.10392361111111122
7 0.7145543981481481 0.6669270833333334 0.03917824074074083 0.06329861111111121
3 0.4539699074074074 0.3348263888888889 0.0227662037037037 0.017673611111111143