10 0.6251331018518519 0.7063020833333333 0.20048611111111114 0.07006944444444443
14 0.1764236111111111 0.6475347222222222 0.11913194444444444 0.054201388888888855
5 0.6516724537037037 0.6033854166666666 0.18952546296296297 0.06670138888888885
6 0.6628703703703704 0.5679861111111111 0.1770138888888889 0.06486111111111122
15 0.1667824074074074 0.6836805555555555 0.1128703703703704 0.05250000000000003
0 0.6998032407407407 0.6437152777777777 0.07531250000000007 0.04385416666666657
9 0.5890104166666666 0.31029513888888893 0.4102777777777778 0.13097222222222218
4 0.7151736111111111 0.46684027777777776 0.11129629629629623 0.05090277777777778
12 0.5584201388888889 0.22192708333333333 0.5028472222222222 0.18458333333333332
11 0.689380787037037 0.6798784722222223 0.08312500000000007 0.044027777777777645
1 0.6727893518518518 0.4943402777777777 0.1754513888888889 0.06482638888888878
2 0.6238252314814815 0.7774131944444445 0.17700231481481482 0.06329861111111104
7 0.6904166666666667 0.7509375 0.05652777777777782 0.03874999999999993
13 0.7146296296296296 0.5402777777777779 0.08625000000000008 0.04409722222222214
16 0.6280381944444444 0.41956597222222225 0.295914351851852 0.08781250000000007
8 0.7149305555555555 0.3942013888888889 0.13163194444444457 0.054479166666666676
3 0.39292824074074073 0.4185416666666667 0.023622685185185243 0.025520833333333392