14 0.7050462962962963 0.8447743055555555 0.05311342592592592 0.12309027777777785
9 0.33873842592592596 0.43442129629629633 0.12270833333333328 0.4138310185185185
1 0.5035416666666667 0.44340856481481483 0.08692129629629619 0.3244791666666666
12 0.2499363425925926 0.464207175925926 0.16902777777777783 0.4960185185185185
6 0.5852546296296296 0.3820486111111111 0.060798611111111 0.1811805555555555
15 0.7412268518518518 0.8515914351851851 0.04950231481481495 0.11353009259259253
5 0.6162789351851853 0.4095891203703704 0.06594907407407398 0.22042824074074066
10 0.7228414351851852 0.4369328703703704 0.07128472222222229 0.23320601851851847
11 0.6937094907407408 0.3557638888888889 0.04163194444444436 0.08190972222222222
7 0.7644791666666666 0.3537268518518518 0.03712962962962969 0.05516203703703706
2 0.7976099537037037 0.4218923611111111 0.057349537037037025 0.17474537037037036
0 0.6588483796296296 0.34435185185185185 0.03974537037037038 0.07556712962962964
8 0.4123206018518519 0.30637731481481484 0.045324074074074086 0.09303240740740737
16 0.4424479166666666 0.37670138888888893 0.06775462962962955 0.22520833333333332
4 0.48134259259259266 0.3307175925925926 0.049664351851851765 0.11665509259259252
13 0.55125 0.32707175925925924 0.04179398148148152 0.08503472222222222
3 0.45931712962962956 0.6269328703703703 0.02292824074074069 0.02160879629629626