8 0.3796875 0.4032118055555555 0.24812499999999993 0.06722222222222225
2 0.3899652777777778 0.7954687500000001 0.1729166666666666 0.05451388888888893
14 0.8219965277777778 0.7093055555555556 0.11656249999999986 0.04732638888888889
12 0.46923611111111113 0.2534375 0.4921875 0.16236111111111118
10 0.4530555555555555 0.7194444444444444 0.320173611111111 0.07822916666666657
16 0.4171354166666667 0.43765625 0.3202430555555555 0.08135416666666657
1 0.3462152777777778 0.5125520833333332 0.15413194444444436 0.05211805555555564
7 0.32602430555555556 0.76296875 0.05541666666666671 0.035243055555555534
15 0.826701388888889 0.7454166666666666 0.11180555555555571 0.04399305555555557
9 0.4258333333333333 0.3373611111111111 0.4115277777777777 0.11506944444444445
13 0.31427083333333333 0.55015625 0.08833333333333329 0.04138888888888879
4 0.3345138888888889 0.47769097222222223 0.1447222222222222 0.05013888888888882
6 0.36887152777777776 0.5838020833333333 0.19013888888888886 0.05684027777777771
11 0.3322743055555556 0.6930034722222222 0.08204861111111103 0.039548611111111145
0 0.3368923611111111 0.6549652777777778 0.10402777777777779 0.04520833333333343
3 0.6205729166666666 0.4607465277777778 0.025520833333333215 0.024548611111111108
5 0.33147569444444447 0.6219444444444445 0.09927083333333328 0.041874999999999926