14 0.6303298611111111 0.18946759259259258 0.06209490740740744 0.12702546296296294
9 0.1632002314814815 0.49519675925925927 0.15818287037037035 0.4330439814814815
2 0.682795138888889 0.6458912037037037 0.07489583333333343 0.18518518518518512
12 0.09479166666666666 0.43509837962962966 0.18958333333333333 0.5334490740740743
7 0.6334606481481482 0.7022858796296296 0.042581018518518476 0.060821759259259166
1 0.3901041666666667 0.5468171296296296 0.15437499999999993 0.3424768518518519
15 0.6658043981481481 0.19594907407407408 0.06337962962962962 0.12239583333333334
0 0.5319155092592592 0.6662905092592593 0.05832175925925931 0.11597222222222214
11 0.5631597222222222 0.6783854166666666 0.05077546296296305 0.09386574074074083
16 0.29530092592592594 0.5417534722222223 0.10785879629629633 0.3204861111111111
3 0.37636574074074075 0.331394675925926 0.04266203703703706 0.03587962962962958
13 0.41900462962962964 0.664236111111111 0.05252314814814803 0.09704861111111107
5 0.5034895833333334 0.6197916666666666 0.08041666666666672 0.19942129629629618
4 0.3160821759259259 0.625173611111111 0.0672569444444445 0.16151620370370381
6 0.46571759259259266 0.6126157407407408 0.07775462962962969 0.20711805555555554
8 0.23145833333333332 0.5667245370370371 0.13908564814814817 0.26863425925925916
10 0.6164523296875 0.4629763359375 0.5748843984375 0.723867965625 0.610668040625 0.7296705828125 0.6575626328124999 0.47249125468750003 0.6164523296875 0.4629763359375