14 0.13739583333333333 0.6524421296296297 0.1253125 0.055173611111111145
5 0.6189583333333333 0.5984085648148147 0.1929166666666667 0.06341435185185187
10 0.58640625 0.7007349537037036 0.20885416666666662 0.06856481481481466
11 0.65359375 0.6753530092592592 0.08729166666666668 0.046250000000000034
4 0.6897916666666667 0.45986111111111116 0.1171875 0.050254629629629656
0 0.6669791666666667 0.6383101851851852 0.07916666666666661 0.041331018518518545
1 0.64734375 0.4884085648148148 0.1788541666666667 0.06299768518518523
6 0.6315104166666666 0.5621701388888889 0.18197916666666672 0.06309027777777772
12 0.5396354166666667 0.22104166666666666 0.5126041666666665 0.18048611111111112
13 0.6864583333333334 0.5332523148148148 0.09177083333333336 0.04326388888888886
15 0.12416666666666668 0.6871412037037038 0.12041666666666666 0.05190972222222214
2 0.5845312500000001 0.7756423611111112 0.18364583333333329 0.06469907407407405
9 0.5696875 0.3082581018518519 0.42041666666666655 0.13097222222222218
16 0.5775520833333333 0.41250578703703705 0.3541666666666668 0.09626157407407412
7 0.6535416666666667 0.7463078703703705 0.058645833333333286 0.03760416666666657
8 0.7202083333333333 0.3895659722222223 0.08572916666666668 0.046203703703703705
3 0.36744791666666665 0.4179513888888889 0.023333333333333338 0.022523148148148132