1 0.3867013888888889 0.45042245370370376 0.23347222222222222 0.0767129629629629
10 0.4445833333333333 0.6640856481481482 0.26325231481481487 0.08005787037037031
5 0.4086226851851852 0.5575925925925926 0.2365972222222222 0.07673611111111107
0 0.35757523148148146 0.6009548611111111 0.11871527777777775 0.052430555555555716
6 0.39652777777777776 0.518449074074074 0.23186342592592588 0.075138888888889
12 0.4725752314814815 0.15893518518518518 0.5309722222222222 0.20545138888888886
2 0.4256423611111111 0.7365856481481481 0.19261574074074073 0.0685995370370371
9 0.4425173611111111 0.25166087962962963 0.4354166666666666 0.1438194444444445
8 0.3459143518518518 0.339207175925926 0.20837962962962964 0.07340277777777775
13 0.3270138888888889 0.4921585648148149 0.09991898148148151 0.050729166666666714
7 0.3546122685185185 0.7118460648148148 0.06375000000000001 0.04265046296296297
11 0.3911979166666667 0.6285416666666667 0.1768518518518519 0.06379629629629627
16 0.43176504629629625 0.363275462962963 0.3622916666666667 0.10109953703703703
4 0.32557291666666666 0.41716435185185186 0.13135416666666666 0.057210648148148205
14 0.8646296296296295 0.6054918981481482 0.1250115740740739 0.054039351851851866
15 0.871232638888889 0.6438136574074074 0.12349537037037024 0.05559027777777779
3 0.6538715277777778 0.3727314814814815 0.03231481481481495 0.03616898148148149