6 0.37578125 0.55 0.2421875 0.034375
5 0.37890625 0.58671875 0.2484375 0.034375
11 0.3 0.65859375 0.0875 0.03125
9 0.4390625 0.31015625 0.4078125 0.0515625
4 0.3375 0.4453125 0.165625 0.03125
14 0.790625 0.69765625 0.1171875 0.028125
7 0.284375 0.728125 0.0578125 0.03125
8 0.3265625 0.3734375 0.134375 0.0359375
0 0.2984375 0.62109375 0.084375 0.03125
12 0.4890625 0.22578125 0.490625 0.0890625
2 0.3609375 0.76640625 0.203125 0.0328125
1 0.334375 0.48046875 0.1578125 0.0359375
10 0.4390625 0.69453125 0.3609375 0.034375
15 0.7890625 0.7265625 0.1125 0.0265625
16 0.440625 0.41015625 0.3703125 0.0375
13 0.30234375 0.51640625 0.0953125 0.0296875
3 0.61484375 0.4453125 0.0203125 0.0234375