16 0.65078125 0.6364872685185186 0.059375 0.3325231481481481
2 0.2859375 0.6664930555555555 0.040625 0.18425925925925918
11 0.39609375 0.6855902777777778 0.0421875 0.1734375
9 0.7546875 0.6066840277777777 0.0828125 0.42957175925925933
5 0.46640625 0.664236111111111 0.05 0.23807870370370382
10 0.35703125 0.6350405092592594 0.046875 0.26440972222222214
14 0.36484375 0.21218171296296298 0.0375 0.11996527777777777
12 0.8421875 0.5616030092592592 0.1390625 0.522800925925926
1 0.571875 0.7329861111111111 0.04375 0.12042824074074084
15 0.328125 0.21258680555555554 0.0421875 0.1203125
6 0.50390625 0.6849826388888889 0.04375 0.20167824074074084
7 0.3203125 0.7346643518518519 0.03125 0.05856481481481488
8 0.6859375 0.6703414351851852 0.053125 0.2804976851851853
4 0.60859375 0.7380497685185186 0.0390625 0.12164351851851851
0 0.4265625 0.7315972222222222 0.0359375 0.08391203703703702
13 0.534375 0.7427083333333334 0.0375 0.10277777777777786
3 0.61328125 0.40402199074074074 0.0234375 0.023611111111111072