5 0.38125 0.5203125 0.23125 0.034375
14 0.82109375 0.62890625 0.1140625 0.03125
2 0.3625 0.6984375 0.1828125 0.0328125
9 0.4703125 0.23515625 0.4203125 0.0578125
7 0.29609375 0.66640625 0.0578125 0.0296875
10 0.39921875 0.63125 0.259375 0.0328125
6 0.35546875 0.48359375 0.178125 0.0328125
1 0.3453125 0.415625 0.1578125 0.0328125
12 0.52265625 0.14609375 0.5125 0.103125
11 0.35390625 0.59140625 0.1671875 0.0328125
4 0.3234375 0.378125 0.1171875 0.03125
15 0.8203125 0.66640625 0.1125 0.03125
0 0.31015625 0.55859375 0.078125 0.0296875
16 0.43515625 0.33984375 0.3421875 0.0328125
13 0.3125 0.45 0.09375 0.0328125
3 0.65703125 0.37734375 0.0203125 0.025
8 0.43671875 0.3046875 0.346875 0.034375