14 0.81953125 0.57578125 0.1140625 0.03125
6 0.365625 0.42734375 0.2078125 0.0328125
2 0.3625 0.64375 0.1859375 0.0328125
10 0.3953125 0.571875 0.25625 0.0328125
9 0.46796875 0.17734375 0.4234375 0.0640625
5 0.37890625 0.4625 0.2328125 0.0328125
11 0.35078125 0.53671875 0.1703125 0.0328125
15 0.81875 0.61484375 0.1125 0.034375
12 0.5171875 0.0859375 0.50625 0.1078125
13 0.31015625 0.39140625 0.09375 0.03125
0 0.32890625 0.5 0.128125 0.03125
1 0.36640625 0.3515625 0.2078125 0.0328125
8 0.4390625 0.240625 0.35 0.0390625
16 0.4265625 0.2796875 0.3375 0.040625
7 0.29453125 0.60703125 0.0578125 0.028125
4 0.321875 0.31484375 0.11875 0.03125
3 0.65625 0.321875 0.021875 0.0234375