5 0.43839699074074073 0.6262673611111111 0.07118055555555554 0.23483796296296297
9 0.7365740740740742 0.5678240740740741 0.12974537037037043 0.4242824074074075
16 0.6200231481481481 0.6147685185185185 0.08489583333333321 0.3099189814814814
6 0.4755208333333334 0.6361458333333333 0.06753472222222215 0.2207523148148148
10 0.3324652777777778 0.5973726851851853 0.07222222222222223 0.26296296296296295
12 0.8320023148148149 0.5218171296296296 0.1800925925925924 0.5183796296296297
11 0.36417824074074073 0.6479050925925927 0.05949074074074075 0.1722685185185185
14 0.3863715277777778 0.17521412037037037 0.04976851851851851 0.12064814814814814
0 0.3912037037037037 0.6984722222222223 0.04369212962962958 0.08311342592592581
7 0.28423032407407406 0.6977025462962964 0.03807870370370363 0.058078703703703737
4 0.5769965277777779 0.6799131944444444 0.062152777777777855 0.15979166666666664
8 0.6511863425925926 0.659056712962963 0.07256944444444446 0.23016203703703705
2 0.26024305555555555 0.6283680555555555 0.06168981481481488 0.18946759259259255
15 0.3512152777777778 0.17547453703703703 0.05121527777777777 0.11753472222222223
1 0.5375578703703703 0.6903587962962963 0.05625 0.12694444444444458
13 0.4979166666666667 0.7062731481481481 0.04733796296296298 0.09719907407407398
3 0.6176215277777778 0.3632928240740741 0.025868055555555537 0.023622685185185156