0 0.31484375 0.55546875 0.109375 0.03125
5 0.37421875 0.5171875 0.23125 0.034375
9 0.4640625 0.23125 0.4171875 0.0640625
6 0.34453125 0.48359375 0.178125 0.0328125
8 0.41875 0.29921875 0.3328125 0.0421875
10 0.390625 0.6203125 0.2546875 0.03125
2 0.35234375 0.6953125 0.1828125 0.0328125
12 0.51640625 0.13828125 0.509375 0.09375
14 0.8125 0.6265625 0.1125 0.028125
13 0.3015625 0.44609375 0.09375 0.0328125
11 0.3421875 0.5875 0.1703125 0.03125
15 0.8109375 0.6640625 0.10625 0.0328125
16 0.4359375 0.33828125 0.371875 0.034375
4 0.31484375 0.375 0.11875 0.0328125
1 0.3046875 0.41328125 0.0953125 0.0328125
7 0.28671875 0.66328125 0.05625 0.028125
3 0.64921875 0.375 0.0203125 0.021875