9 0.46171875 0.3328125 0.4109375 0.0578125
14 0.80625 0.7328125 0.175 0.0359375
2 0.34453125 0.78671875 0.1828125 0.0328125
0 0.29296875 0.6453125 0.0765625 0.03125
16 0.36328125 0.43046875 0.21875 0.0328125
12 0.51171875 0.24296875 0.553125 0.115625
5 0.34765625 0.6078125 0.1921875 0.0328125
8 0.3375 0.3875 0.1546875 0.0328125
11 0.29921875 0.678125 0.084375 0.03125
4 0.3140625 0.46328125 0.1203125 0.03125
10 0.378125 0.7140625 0.2453125 0.034375
15 0.80546875 0.80859375 0.1171875 0.03125
1 0.3734375 0.49921875 0.24375 0.0328125
13 0.3 0.5359375 0.0921875 0.03125
6 0.30390625 0.571875 0.0921875 0.03125
7 0.28203125 0.74921875 0.0546875 0.03125
3 0.6484375 0.47265625 0.0390625 0.0390625
14 0.80546875 0.75 0.1734375 0.071875