9 0.46171875 0.2390625 0.4234375 0.0578125
16 0.40546875 0.34140625 0.3140625 0.0359375
2 0.34453125 0.6984375 0.184375 0.0328125
12 0.5171875 0.1484375 0.509375 0.1
14 0.80390625 0.6484375 0.1125 0.03125
6 0.3578125 0.4828125 0.2078125 0.034375
5 0.346875 0.5203125 0.1921875 0.03125
10 0.38671875 0.63125 0.271875 0.0328125
11 0.3359375 0.590625 0.1671875 0.03125
0 0.28984375 0.55625 0.078125 0.03125
13 0.29609375 0.44765625 0.0921875 0.0328125
15 0.803125 0.6859375 0.1109375 0.0328125
1 0.36953125 0.41796875 0.234375 0.0328125
7 0.278125 0.66328125 0.0546875 0.028125
8 0.28515625 0.3015625 0.0609375 0.034375
4 0.31171875 0.3765625 0.1171875 0.03125
3 0.64609375 0.3875 0.0234375 0.028125