0 0.26953125 0.61953125 0.071875 0.0296875
6 0.325 0.55078125 0.18125 0.03125
5 0.32265625 0.5859375 0.1796875 0.0296875
14 0.78671875 0.70546875 0.1140625 0.0296875
9 0.43828125 0.31015625 0.4046875 0.053125
10 0.36171875 0.68984375 0.25 0.0328125
8 0.33125 0.36953125 0.1953125 0.03125
11 0.31484375 0.65546875 0.159375 0.03125
12 0.48984375 0.225 0.4828125 0.0890625
2 0.32109375 0.7625 0.1734375 0.03125
4 0.2875 0.4421875 0.1078125 0.03125
13 0.27578125 0.51328125 0.0859375 0.0296875
1 0.31484375 0.47890625 0.1640625 0.03125
16 0.38984375 0.409375 0.30625 0.0328125
15 0.78671875 0.73984375 0.10625 0.0296875
7 0.2578125 0.72421875 0.05 0.0296875
3 0.6140625 0.44296875 0.0203125 0.025