2 0.2007002314814815 0.36246527777777776 0.06616898148148147 0.17927083333333335
14 0.3320138888888889 0.8021354166666667 0.05668981481481481 0.12267361111111122
1 0.4968576388888889 0.3734895833333334 0.1053587962962963 0.3432986111111111
8 0.5962268518518519 0.31133680555555554 0.08562499999999992 0.25659722222222225
9 0.66703125 0.37060763888888887 0.13859953703703703 0.41187500000000005
13 0.4400347222222222 0.2636631944444444 0.047951388888888856 0.09107638888888889
3 0.5657233796296296 0.5771875 0.038425925925925954 0.03291666666666657
12 0.7574652777777777 0.3993576388888889 0.1913773148148147 0.5078472222222222
10 0.2804513888888889 0.3831076388888889 0.08378472222222229 0.24715277777777783
6 0.4124710648148149 0.32496527777777773 0.07315972222222236 0.20454861111111117
16 0.5623032407407408 0.3502951388888889 0.10181712962962966 0.3290972222222222
0 0.33336805555555554 0.28244791666666663 0.042893518518518546 0.07836805555555557
5 0.3797511574074074 0.3232986111111111 0.06947916666666672 0.18565972222222218
4 0.5145486111111112 0.2767361111111111 0.06225694444444443 0.15256944444444445
15 0.2974768518518519 0.8091319444444445 0.056643518518518475 0.12111111111111121
7 0.22847222222222224 0.29413194444444446 0.03907407407407408 0.05479166666666666
11 0.3068634259259259 0.3343402777777778 0.06262731481481483 0.16506944444444444