10 0.6038483796296296 0.6649479166666666 0.258136574074074 0.0609375
5 0.6546354166666667 0.5636979166666667 0.1706018518518519 0.050416666666666644
0 0.6963136574074074 0.6031770833333333 0.07836805555555557 0.03802083333333321
9 0.5384375 0.2678125 0.42237268518518506 0.0953125
4 0.6660763888888889 0.4215625 0.15806712962962965 0.04489583333333336
2 0.6426851851851852 0.7425 0.18623842592592582 0.05302083333333343
6 0.6246759259259258 0.525 0.22687500000000008 0.05729166666666661
14 0.1819560185185185 0.6344791666666667 0.11744212962962966 0.0421875
1 0.6249305555555555 0.4539583333333333 0.23313657407407398 0.059270833333333425
16 0.5610937500000001 0.3747395833333333 0.3596759259259258 0.0645833333333334
12 0.4830902777777778 0.17510416666666667 0.5070717592592594 0.14468750000000002
11 0.65515625 0.6340104166666667 0.1674652777777778 0.04864583333333332
8 0.7084895833333333 0.34942708333333333 0.067488425925926 0.04510416666666668
13 0.6947337962962963 0.4953125 0.08931712962962965 0.04031249999999993
7 0.7080613425925926 0.71328125 0.05803240740740741 0.03354166666666671
15 0.1837962962962963 0.6720833333333334 0.11274305555555557 0.04031249999999993
3 0.34652199074074075 0.3971354166666667 0.020497685185185154 0.02635416666666668