9 0.7468171296296295 0.5191550925925925 0.12986111111111107 0.42825231481481474
14 0.3006944444444445 0.8088020833333334 0.047974537037037024 0.11471064814814831
15 0.26339699074074074 0.8027777777777778 0.05109953703703703 0.11475694444444429
2 0.30931712962962965 0.3438310185185185 0.06631944444444446 0.18837962962962962
7 0.3528645833333333 0.28663194444444445 0.03964120370370363 0.058368055555555555
6 0.5218171296296296 0.36808449074074073 0.06446759259259274 0.18054398148148146
5 0.4819733796296296 0.38859953703703703 0.07424768518518512 0.2337847222222223
10 0.3693576388888889 0.3900578703703704 0.07847222222222223 0.2635185185185186
12 0.8271412037037036 0.5875694444444444 0.1893518518518519 0.5165856481481482
1 0.5894386574074074 0.3784664351851852 0.06452546296296298 0.18210648148148145
11 0.4161458333333334 0.35088541666666667 0.06261574074074083 0.1727083333333333
4 0.6325810185185186 0.35331018518518514 0.05133101851851851 0.12100694444444446
16 0.6533564814814815 0.44663773148148145 0.08628472222222214 0.3057986111111111
0 0.45665509259259257 0.3124016203703704 0.04542824074074083 0.08812499999999997
13 0.5638310185185185 0.3311863425925926 0.048784722222222146 0.0944212962962963
8 0.7007523148148148 0.3910590277777778 0.06603009259259256 0.18056712962962962
3 0.5734953703703705 0.6823032407407407 0.025868055555555713 0.02380787037037031