9 0.49840856481481477 0.2167361111111111 0.4359375 0.13934027777777783
5 0.3810763888888889 0.49082175925925925 0.2382523148148148 0.06949074074074062
8 0.3900752314814815 0.26921875 0.2197916666666666 0.07674768518518515
2 0.34140625 0.665625 0.18946759259259255 0.058680555555555534
11 0.34519675925925924 0.5567997685185185 0.17384259259259255 0.05821759259259256
6 0.36006944444444444 0.45155671296296296 0.1958333333333333 0.061990740740740694
12 0.558767361111111 0.13595486111111113 0.5300347222222221 0.19363425925925926
16 0.45046296296296295 0.31592013888888887 0.3545138888888889 0.09010416666666661
10 0.38359375 0.6010243055555555 0.2633101851851851 0.0717939814814816
1 0.370775462962963 0.38163194444444437 0.19907407407407404 0.06520833333333335
7 0.27806712962962965 0.6237037037037038 0.05914351851851851 0.037650462962962906
4 0.33793402777777776 0.33958912037037037 0.1221643518518519 0.05356481481481481
15 0.7986689814814815 0.7005671296296296 0.11736111111111107 0.050300925925925985
0 0.3 0.5190335648148148 0.08275462962962958 0.04303240740740755
14 0.8050347222222222 0.6612731481481482 0.11886574074074083 0.048784722222222146
13 0.3163483796296297 0.41140046296296295 0.09537037037037041 0.04652777777777768
3 0.668142361111111 0.3861168981481481 0.02615740740740726 0.0319907407407408