0 0.6166666666666666 0.6803472222222222 0.04833333333333343 0.1162268518518518
2 0.7508854166666666 0.6331655092592593 0.06083333333333325 0.18665509259259264
14 0.6121354166666666 0.17921296296296294 0.046666666666666676 0.11464120370370372
9 0.27359374999999997 0.5566319444444444 0.12218749999999998 0.42795138888888895
7 0.728125 0.7015104166666667 0.03677083333333329 0.05986111111111114
10 0.6771354166666667 0.6039756944444445 0.07208333333333332 0.2617476851851851
8 0.36234374999999996 0.6703356481481482 0.06177083333333329 0.1773032407407406
12 0.1759375 0.5083564814814815 0.17635416666666667 0.5146064814814816
13 0.5103125000000001 0.7006249999999999 0.04697916666666657 0.09591435185185197
6 0.5402604166666667 0.669849537037037 0.055208333333333214 0.1491087962962963
16 0.39026041666666667 0.6207986111111111 0.07479166666666667 0.2789583333333333
15 0.6502604166666667 0.17743634259259258 0.04822916666666668 0.11466435185185189
11 0.645 0.6487673611111111 0.05666666666666664 0.1709837962962963
1 0.468125 0.6414641203703704 0.0658333333333335 0.21482638888888878
5 0.5697395833333333 0.6203356481481481 0.07052083333333332 0.23831018518518512
3 0.3877083333333333 0.36008101851851854 0.02635416666666668 0.02068287037037031
4 0.4372916666666667 0.6940798611111111 0.05031250000000007 0.12249999999999997