0 0.3042361111111111 0.5663888888888888 0.11649305555555553 0.05194444444444439
14 0.8073611111111111 0.5440277777777778 0.11633101851851854 0.04881944444444457
2 0.3542592592592592 0.6990104166666666 0.19049768518518517 0.06614583333333339
7 0.285162037037037 0.6786979166666667 0.05975694444444439 0.04006944444444436
10 0.3831481481481481 0.6228993055555556 0.2662268518518518 0.08354166666666671
5 0.3415798611111111 0.5226388888888889 0.19839120370370375 0.06805555555555554
6 0.34422453703703704 0.4866666666666667 0.21574074074074073 0.0719444444444445
9 0.4211168981481482 0.22135416666666666 0.43255787037037036 0.13458333333333333
12 0.4643402777777778 0.12434027777777776 0.5276620370370371 0.19493055555555555
11 0.3339467592592592 0.5946875 0.17487268518518517 0.06545138888888893
15 0.8101446759259259 0.5805381944444445 0.11493055555555572 0.051875000000000074
1 0.3628761574074074 0.41256944444444443 0.2663078703703704 0.08510416666666672
8 0.378125 0.29887152777777776 0.3230439814814815 0.09697916666666666
4 0.28695023148148147 0.38866319444444447 0.1229861111111111 0.056909722222222216
13 0.2822395833333333 0.46447916666666667 0.09930555555555554 0.05118055555555543
16 0.3888020833333333 0.3334722222222222 0.3402314814814815 0.09774305555555554
3 0.6214120370370371 0.32703125 0.023171296296296263 0.025972222222222285