5 0.47163773148148147 0.3358506944444445 0.06695601851851851 0.19768518518518513
9 0.775 0.39340277777777777 0.12980324074074084 0.43425925925925934
14 0.4458622685185185 0.8120659722222221 0.050150462962962904 0.11741898148148167
1 0.5884259259259259 0.3573206018518518 0.08217592592592596 0.2763310185185185
10 0.3732407407407407 0.394994212962963 0.08201388888888887 0.2653935185185185
12 0.8692592592592593 0.42430555555555555 0.20152777777777758 0.532175925925926
7 0.3179224537037037 0.30167824074074073 0.03837962962962962 0.06076388888888893
11 0.4013831018518518 0.3423611111111111 0.06033564814814803 0.17245370370370372
16 0.6577025462962963 0.3375578703703704 0.08068287037037045 0.2809606481481482
4 0.6124537037037037 0.29076967592592595 0.05865740740740755 0.1645833333333334
8 0.6894097222222222 0.31449652777777776 0.0754398148148148 0.24328703703703702
2 0.2963541666666667 0.3759548611111111 0.06681712962962968 0.18831018518518522
0 0.4248726851851853 0.29224537037037035 0.04497685185185176 0.08443287037037042
15 0.40768518518518515 0.8205150462962963 0.053298611111111074 0.11909722222222215
6 0.5091840277777778 0.3375868055555556 0.06716435185185184 0.21174768518518522
13 0.533292824074074 0.27650462962962963 0.04831018518518526 0.09861111111111107
3 0.6639814814814814 0.6030960648148149 0.026909722222222144 0.02442129629629619