0 0.44276041666666666 0.6441840277777778 0.06541666666666668 0.11706018518518527
5 0.4919270833333334 0.5938136574074073 0.10927083333333343 0.23767361111111107
9 0.7902604166666667 0.5650173611111111 0.19833333333333342 0.4291435185185186
6 0.5194270833333333 0.6300173611111111 0.09020833333333336 0.18530092592592595
8 0.7146874999999999 0.5955902777777778 0.14875000000000008 0.3393750000000001
10 0.39375 0.555787037037037 0.11385416666666667 0.25971064814814826
2 0.3129166666666666 0.5780092592592594 0.09197916666666668 0.18850694444444435
12 0.8821614583333334 0.5338483796296296 0.2356770833333332 0.5271296296296295
14 0.46963541666666675 0.14184606481481482 0.06395833333333342 0.11854166666666668
13 0.5478125 0.6795023148148148 0.06281250000000008 0.10135416666666668
11 0.4169791666666667 0.6102430555555556 0.08645833333333322 0.17576388888888878
15 0.43234374999999997 0.13515625 0.06677083333333336 0.11401620370370372
16 0.6801041666666666 0.5707291666666666 0.15427083333333336 0.37547453703703704
4 0.6200520833333334 0.681244212962963 0.07072916666666665 0.12667824074074066
1 0.5809895833333334 0.6832696759259259 0.06291666666666665 0.10291666666666668
7 0.3309895833333333 0.6491956018518519 0.046250000000000034 0.06312499999999996
3 0.6852604166666667 0.35409143518518515 0.02822916666666675 0.026377314814814846