14 0.8016493055555556 0.6640625 0.12135416666666679 0.046875
10 0.34579861111111115 0.71640625 0.20604166666666668 0.0609375
5 0.32703125 0.61171875 0.19031249999999994 0.05625
0 0.2753819444444444 0.65078125 0.07586805555555554 0.0390625
4 0.27227430555555554 0.47421875 0.11350694444444445 0.0453125
15 0.810295138888889 0.696875 0.11506944444444471 0.0453125
6 0.3176909722222222 0.575 0.17777777777777776 0.0546875
1 0.3075 0.50625 0.1746180555555556 0.053125
9 0.4076909722222222 0.321875 0.4102083333333333 0.1078125
12 0.445625 0.23203125 0.5128819444444443 0.1578125
11 0.28315972222222224 0.6875 0.08368055555555554 0.0390625
8 0.30994791666666666 0.39609375 0.20600694444444442 0.059375
13 0.26831597222222225 0.546875 0.08840277777777779 0.040625
16 0.36625 0.42890625 0.30947916666666664 0.075
3 0.5998090277777777 0.43046875 0.023993055555555642 0.025
2 0.341875 0.7875 0.17934027777777778 0.0546875
7 0.27765625 0.759375 0.055486111111111035 0.0359375