9 0.27541666666666664 0.534375 0.1350462962962963 0.4046875
11 0.5876909722222223 0.71953125 0.05769675925925917 0.1484375
12 0.20020833333333332 0.478125 0.18678240740740737 0.4984375
0 0.544704861111111 0.75 0.04295138888888879 0.075
14 0.7314872685185184 0.2515625 0.054594907407407335 0.11875
5 0.5219212962962964 0.6921875 0.06729166666666657 0.1828125
10 0.6325520833333333 0.66796875 0.08359953703703696 0.25625
2 0.6971064814814815 0.71875 0.067048611111111 0.178125
4 0.3793576388888889 0.684375 0.060983796296296335 0.1515625
1 0.43516203703703704 0.5875 0.11394675925925916 0.359375
15 0.7656597222222222 0.25546875 0.05254629629629619 0.109375
8 0.30649884259259264 0.68828125 0.057962962962962904 0.1234375
6 0.4883564814814815 0.6765625 0.07130787037037045 0.2
7 0.6486342592592592 0.7796875 0.04049768518518526 0.0578125
16 0.35631944444444447 0.61640625 0.09591435185185189 0.2828125
13 0.44115162037037037 0.728125 0.0451620370370371 0.0875
3 0.4418287037037037 0.38359375 0.0258912037037037 0.0171875