9 0.2221701388888889 0.4927025462962963 0.14381944444444442 0.4329629629629629
5 0.4800000000000001 0.6832118055555555 0.06774305555555564 0.1694212962962963
2 0.6546180555555555 0.7107696759259259 0.07291666666666678 0.19157407407407412
7 0.6088368055555555 0.764380787037037 0.04197916666666668 0.06334490740740736
14 0.6805729166666667 0.24685185185185182 0.051006944444444355 0.11849537037037035
16 0.3203125 0.5470196759259259 0.1078125 0.357488425925926
10 0.5955208333333333 0.6595486111111111 0.08701388888888886 0.26418981481481474
6 0.44722222222222224 0.6445023148148148 0.07993055555555557 0.22631944444444443
1 0.3803125 0.6280208333333334 0.07999999999999999 0.22944444444444442
12 0.14161458333333332 0.4214351851851852 0.20225694444444448 0.5347337962962962
4 0.3359548611111111 0.6527719907407408 0.0645138888888889 0.16454861111111113
11 0.5478298611111111 0.6934895833333333 0.06788194444444429 0.1756712962962963
0 0.5064062500000001 0.7270196759259259 0.04888888888888889 0.09340277777777786
15 0.7178819444444444 0.25766782407407407 0.05413194444444436 0.1186805555555555
8 0.2552951388888889 0.6565972222222222 0.057256944444444444 0.11886574074074083
13 0.40060763888888895 0.7004108796296297 0.052152777777777715 0.09983796296296284
3 0.40050347222222227 0.3530729166666667 0.030347222222222213 0.03144675925925924