6 0.3296875 0.5484375 0.1875 0.03125
5 0.3328125 0.58046875 0.1953125 0.0296875
14 0.78515625 0.7 0.1171875 0.034375
9 0.43984375 0.30625 0.3984375 0.053125
0 0.271875 0.6171875 0.06875 0.0296875
11 0.278125 0.65234375 0.0765625 0.0296875
12 0.4765625 0.22421875 0.4734375 0.084375
8 0.25546875 0.36875 0.046875 0.0296875
4 0.3078125 0.440625 0.1484375 0.0296875
1 0.32890625 0.47265625 0.1875 0.03125
16 0.39765625 0.4078125 0.3265625 0.03125
10 0.39765625 0.6875 0.325 0.03125
2 0.328125 0.759375 0.1734375 0.0296875
13 0.27578125 0.5109375 0.0828125 0.028125
15 0.7859375 0.73671875 0.1125 0.03125
7 0.259375 0.72265625 0.0484375 0.0296875
3 0.6109375 0.4390625 0.0203125 0.025