0 0.26640625 0.61796875 0.071875 0.028125
9 0.434375 0.3078125 0.403125 0.053125
14 0.78046875 0.7015625 0.1140625 0.0328125
5 0.31953125 0.58125 0.1796875 0.03125
6 0.3015625 0.54921875 0.140625 0.03125
8 0.29921875 0.36796875 0.134375 0.03125
4 0.303125 0.44140625 0.146875 0.0296875
1 0.36328125 0.475 0.275 0.03125
11 0.27265625 0.653125 0.08125 0.028125
13 0.2703125 0.51171875 0.0859375 0.0296875
16 0.3609375 0.4078125 0.26875 0.03125
12 0.4796875 0.22421875 0.4890625 0.0875
7 0.25625 0.72265625 0.053125 0.0296875
15 0.7796875 0.73671875 0.1109375 0.03125
2 0.3203125 0.76171875 0.1765625 0.0328125
10 0.38984375 0.68828125 0.325 0.03125
3 0.60703125 0.4421875 0.0203125 0.025