5 0.605642361111111 0.32557870370370373 0.0669791666666665 0.20341435185185192
0 0.6498611111111112 0.26805555555555555 0.042326388888889 0.07776620370370377
9 0.3151736111111111 0.3974247685185185 0.12468750000000002 0.41123842592592597
14 0.6389409722222222 0.7945949074074073 0.05270833333333336 0.1233564814814816
10 0.7022395833333334 0.37034143518518514 0.0760416666666666 0.2598958333333333
8 0.3849652777777778 0.34851273148148143 0.08940972222222214 0.2993287037037037
12 0.22210069444444444 0.44000000000000006 0.17524305555555558 0.507986111111111
11 0.6776041666666666 0.3195428240740741 0.05840277777777771 0.16880787037037043
3 0.4107986111111111 0.5913368055555555 0.03343749999999997 0.029097222222222285
4 0.4727256944444445 0.26393518518518516 0.049374999999999857 0.11388888888888893
15 0.6755034722222222 0.8005381944444444 0.05111111111111129 0.12174768518518526
6 0.5707638888888888 0.31412037037037044 0.06347222222222229 0.18613425925925925
1 0.5033506944444445 0.2911342592592593 0.06298611111111115 0.16425925925925924
2 0.7834027777777777 0.3367071759259259 0.06340277777777778 0.18300925925925923
13 0.5446701388888888 0.2586805555555555 0.04253472222222214 0.08714120370370378
7 0.7551736111111111 0.27196180555555555 0.03718749999999993 0.05731481481481478
16 0.41986111111111113 0.3591898148148148 0.08975694444444446 0.3149537037037037