5 0.3714525462962963 0.540798611111111 0.19276620370370362 0.044756944444444356
10 0.4027141203703704 0.6461689814814815 0.26006944444444446 0.05456018518518526
11 0.35690393518518515 0.613917824074074 0.17243055555555564 0.04259259259259256
9 0.48315972222222225 0.22016203703703704 0.4260416666666666 0.08290509259259257
6 0.376412037037037 0.5062615740740741 0.21158564814814812 0.05
0 0.3313599537037037 0.5779398148148148 0.11300925925925923 0.03770833333333332
14 0.8266203703703704 0.6125057870370371 0.11454861111111114 0.03619212962962966
8 0.3903935185185185 0.2893460648148148 0.2396643518518518 0.04770833333333328
12 0.53578125 0.1318460648148148 0.5159143518518519 0.14023148148148148
7 0.3040393518518519 0.6858275462962963 0.05668981481481481 0.03135416666666675
2 0.36939236111111107 0.7182812500000001 0.18656249999999996 0.04769675925925938
15 0.8256134259259259 0.6500520833333334 0.11300925925925931 0.03770833333333332
16 0.4393634259259259 0.3238483796296296 0.33814814814814814 0.053749999999999964
13 0.3203877314814815 0.47040509259259267 0.0942592592592593 0.037152777777777854
4 0.33362268518518523 0.36137152777777776 0.11771990740740748 0.039409722222222235
1 0.45010416666666664 0.41575810185185186 0.35124999999999995 0.09474537037037027
3 0.6634490740740742 0.36097800925925927 0.01912037037037031 0.025555555555555554