9 0.2888715277777778 0.44375 0.13055555555555554 0.40625
1 0.44782986111111106 0.3125 0.059791666666666646 0.15
12 0.21270833333333333 0.52265625 0.18059027777777778 0.5125
5 0.5610763888888888 0.31328125 0.06621527777777772 0.1890625
4 0.41338541666666667 0.3140625 0.058368055555555645 0.153125
8 0.3389930555555556 0.31796875 0.05427083333333336 0.13125
6 0.5259722222222223 0.3296875 0.06847222222222235 0.2046875
14 0.7068923611111112 0.74140625 0.052291666666666715 0.121875
11 0.6280555555555555 0.24765625 0.045798611111111144 0.08125
16 0.3880208333333333 0.375 0.08041666666666672 0.2625
7 0.6961805555555556 0.2265625 0.036666666666666715 0.0515625
0 0.5935416666666666 0.25078125 0.04559027777777782 0.0765625
10 0.6726736111111111 0.36875 0.0911458333333334 0.328125
3 0.4394444444444444 0.62421875 0.03576388888888893 0.03125
2 0.7368402777777778 0.2609375 0.053923611111111214 0.1234375
15 0.7374305555555556 0.73984375 0.05065972222222222 0.1203125
13 0.48291666666666677 0.27890625 0.04989583333333343 0.103125