5 0.5884317129629629 0.536701388888889 0.19609953703703695 0.053923611111111214
9 0.5009548611111111 0.24543402777777779 0.4357870370370371 0.10666666666666665
14 0.15618055555555557 0.6576562499999999 0.1240625 0.04760416666666671
11 0.6440393518518519 0.6119965277777778 0.08623842592592582 0.03968750000000014
8 0.6241550925925926 0.31590277777777775 0.12554398148148138 0.046111111111111124
12 0.44685763888888885 0.15611111111111112 0.5293287037037038 0.16694444444444448
2 0.5986053240740741 0.7180381944444444 0.18351851851851855 0.05180555555555557
6 0.5865104166666667 0.4982465277777778 0.20399305555555552 0.05583333333333336
0 0.6468460648148149 0.57296875 0.07842592592592582 0.03934027777777782
16 0.5792013888888888 0.35227430555555556 0.2103240740740741 0.05767361111111109
1 0.5973495370370371 0.4251215277777778 0.17578703703703696 0.05302083333333325
7 0.6583622685185185 0.6831076388888888 0.05795138888888882 0.03531249999999986
15 0.15337384259259262 0.6966840277777777 0.11460648148148148 0.04562500000000007
4 0.6101504629629629 0.38967013888888885 0.15843749999999995 0.049131944444444464
13 0.642361111111111 0.46314236111111107 0.09248842592592581 0.03996527777777779
10 0.5207581018518519 0.6488020833333333 0.3326041666666667 0.07090277777777772
3 0.3152662037037037 0.39848958333333334 0.024814814814814845 0.027604166666666697