6 0.3546875 0.475 0.1921875 0.0328125
9 0.4671875 0.228125 0.421875 0.059375
14 0.81328125 0.6265625 0.1140625 0.0296875
11 0.34609375 0.58359375 0.16875 0.0328125
10 0.39140625 0.61875 0.2609375 0.0328125
2 0.35546875 0.69375 0.1859375 0.034375
5 0.35234375 0.5125 0.19375 0.0328125
16 0.4171875 0.334375 0.3234375 0.0359375
4 0.33515625 0.36953125 0.1609375 0.03125
12 0.51796875 0.13203125 0.5125 0.0984375
1 0.38359375 0.40625 0.246875 0.0375
7 0.28828125 0.65859375 0.0578125 0.028125
15 0.815625 0.66484375 0.109375 0.034375
0 0.303125 0.55078125 0.084375 0.03125
8 0.29453125 0.29609375 0.071875 0.034375
13 0.3046875 0.44296875 0.0890625 0.0328125
3 0.65234375 0.3765625 0.0203125 0.025