6 0.3296875 0.48046875 0.0984375 0.03125
1 0.3296875 0.41328125 0.1015625 0.034375
9 0.48125 0.23359375 0.4109375 0.05625
8 0.35 0.29921875 0.1484375 0.0390625
10 0.40078125 0.628125 0.240625 0.0328125
0 0.32109375 0.55546875 0.078125 0.0296875
12 0.53671875 0.14296875 0.5140625 0.1015625
14 0.8296875 0.62578125 0.1125 0.028125
2 0.37265625 0.69609375 0.18125 0.03125
15 0.83203125 0.6640625 0.1109375 0.03125
16 0.38984375 0.33828125 0.23125 0.0328125
11 0.325 0.5890625 0.084375 0.03125
4 0.33515625 0.375 0.1171875 0.0328125
13 0.3234375 0.446875 0.09375 0.0328125
7 0.309375 0.6625 0.0546875 0.028125
5 0.34453125 0.51796875 0.1296875 0.0328125
3 0.66875 0.37578125 0.0203125 0.0359375