0 0.26796875 0.61953125 0.0703125 0.028125
6 0.3234375 0.55078125 0.1875 0.03125
9 0.43515625 0.31015625 0.4046875 0.053125
14 0.78359375 0.70234375 0.11875 0.0328125
1 0.32109375 0.47421875 0.184375 0.0296875
12 0.4890625 0.22578125 0.490625 0.0859375
11 0.27265625 0.65546875 0.0796875 0.028125
4 0.30625 0.4421875 0.1515625 0.0296875
15 0.7859375 0.7390625 0.1109375 0.03125
5 0.328125 0.58515625 0.196875 0.028125
16 0.34765625 0.409375 0.2375 0.0296875
13 0.2734375 0.51328125 0.0875 0.028125
7 0.25625 0.725 0.0484375 0.0296875
8 0.35859375 0.36953125 0.253125 0.03125
2 0.32421875 0.7625 0.175 0.03125
10 0.3953125 0.690625 0.3296875 0.03125
3 0.60859375 0.4421875 0.01875 0.021875