10 0.34183449074074074 0.5768576388888889 0.052870370370370345 0.2615972222222222
14 0.36908564814814815 0.15640625000000002 0.03966435185185189 0.11756944444444443
5 0.44278356481481485 0.6074652777777778 0.04732638888888889 0.19431712962962955
9 0.7346932870370371 0.48973958333333334 0.09090277777777782 0.43045138888888895
8 0.6608506944444444 0.5797511574074073 0.058101851851851904 0.24478009259259254
2 0.2645659722222222 0.6195833333333333 0.04686342592592592 0.18650462962962955
4 0.5832581018518519 0.6279456018518519 0.04703703703703699 0.16315972222222222
0 0.4011226851851852 0.6667650462962963 0.03753472222222225 0.0816319444444444
6 0.47890625 0.6022106481481482 0.049814814814814846 0.21003472222222222
15 0.33080439814814816 0.15867476851851853 0.04104166666666664 0.11453703703703702
16 0.6251041666666667 0.5655208333333334 0.055636574074074116 0.28200231481481486
12 0.8291087962962962 0.4335416666666667 0.14259259259259238 0.5144791666666666
11 0.3700289351851852 0.626568287037037 0.047499999999999966 0.17097222222222222
13 0.509855324074074 0.657986111111111 0.03983796296296305 0.09422453703703688
7 0.29109953703703706 0.6841840277777778 0.03302083333333332 0.05800925925925924
1 0.5458449074074074 0.6418402777777779 0.046377314814814774 0.1257523148148149
3 0.6060069444444445 0.30974537037037037 0.02951388888888893 0.02510416666666666