1 0.30390625 0.4734375 0.134375 0.03125
6 0.3015625 0.54765625 0.1421875 0.034375
9 0.440625 0.30703125 0.40625 0.0546875
13 0.275 0.5125 0.0796875 0.0296875
0 0.26953125 0.61953125 0.071875 0.03125
12 0.490625 0.2234375 0.4921875 0.0859375
8 0.33359375 0.36796875 0.2015625 0.0296875
5 0.325 0.58203125 0.1875 0.040625
16 0.4 0.40703125 0.3359375 0.0296875
15 0.7875 0.73671875 0.10625 0.028125
10 0.31484375 0.6890625 0.1578125 0.034375
14 0.7859375 0.7015625 0.1140625 0.0296875
4 0.2890625 0.4421875 0.1078125 0.0296875
11 0.27578125 0.65625 0.0796875 0.034375
7 0.259375 0.72265625 0.0515625 0.03125
2 0.31953125 0.75859375 0.175 0.034375
3 0.61171875 0.44296875 0.0125 0.0203125