9 0.47574652777777776 0.21961805555555552 0.4291666666666668 0.08605324074074075
14 0.8645138888888889 0.5833912037037037 0.1143518518518519 0.035416666666666784
15 0.8682986111111111 0.6208333333333333 0.11453703703703688 0.038541666666666786
2 0.4143229166666667 0.6893229166666666 0.18834490740740736 0.047511574074074046
7 0.3484548611111111 0.6612268518518519 0.058101851851851904 0.033333333333333215
6 0.38445023148148144 0.47589699074074066 0.1804398148148149 0.04565972222222214
5 0.41465856481481483 0.510011574074074 0.23374999999999985 0.05075231481481488
10 0.44384259259259257 0.6193287037037036 0.265 0.05190972222222214
12 0.5217997685185185 0.12473958333333332 0.514849537037037 0.13755787037037037
1 0.3780787037037037 0.40801504629629626 0.1820023148148148 0.04571759259259256
11 0.3947453703703704 0.5835648148148148 0.1726273148148149 0.045370370370370415
4 0.3438715277777778 0.3724826388888889 0.12087962962962955 0.04033564814814818
16 0.4289641203703704 0.32861689814814815 0.30728009259259254 0.055034722222222235
0 0.3475347222222222 0.5532118055555555 0.08797453703703706 0.037557870370370415
13 0.339537037037037 0.444675925925926 0.09431712962962964 0.0393518518518519
8 0.3628645833333334 0.29661458333333335 0.18053240740740736 0.047222222222222235
3 0.6752083333333333 0.3484664351851852 0.02160879629629626 0.02262731481481488