11 0.71328125 0.6574826388888889 0.171875 0.08107638888888893
9 0.5078125 0.33350694444444445 0.4296875 0.18315972222222215
15 0.28359375 0.8391666666666667 0.1203125 0.06784722222222221
2 0.73671875 0.7632118055555555 0.1890625 0.08809027777777771
14 0.2734375 0.7988715277777778 0.1234375 0.06798611111111104
12 0.4265625 0.25255208333333334 0.5265625 0.25309027777777776
13 0.7203125 0.5046701388888889 0.0953125 0.05892361111111111
5 0.68359375 0.5881944444444445 0.1984375 0.08850694444444436
6 0.69765625 0.5481944444444444 0.1484375 0.07378472222222214
7 0.7875 0.71546875 0.0640625 0.04659722222222236
16 0.5921875 0.42397569444444444 0.30625 0.12454861111111111
10 0.67578125 0.6995659722222223 0.2609375 0.10847222222222222
4 0.6890625 0.43531250000000005 0.125 0.06649305555555571
0 0.75 0.6098958333333334 0.0875 0.055451388888888786
8 0.64375 0.3637673611111111 0.171875 0.08420138888888884
1 0.6828125 0.4756597222222222 0.1515625 0.07548611111111114
3 0.3640625 0.5122743055555555 0.03125 0.03576388888888893