0 0.2718055555555556 0.5645949074074074 0.07871527777777772 0.049571759259259274
14 0.7591666666666667 0.7794907407407408 0.12451388888888885 0.06118055555555557
9 0.4978472222222222 0.31030092592592595 0.41135416666666663 0.15599537037037034
2 0.29335069444444445 0.7155960648148147 0.1813888888888889 0.07607638888888886
10 0.3437326388888889 0.6546643518518518 0.24770833333333328 0.09267361111111114
11 0.30744791666666665 0.6111863425925926 0.1671180555555555 0.07118055555555554
8 0.3583333333333333 0.33321759259259254 0.1514236111111112 0.06938657407407404
4 0.34430555555555553 0.4040567129629629 0.15611111111111117 0.06945601851851854
5 0.32875000000000004 0.5459201388888889 0.18614583333333332 0.07770833333333335
12 0.5611284722222222 0.24097222222222223 0.5122916666666667 0.21370370370370367
15 0.7512847222222222 0.8129456018518519 0.12131944444444435 0.05957175925925924
13 0.2970138888888889 0.4642534722222222 0.09121527777777771 0.04975694444444443
1 0.4303298611111111 0.4599826388888889 0.3473263888888889 0.1206944444444444
16 0.39656250000000004 0.38531250000000006 0.2462152777777778 0.09421296296296297
7 0.2403125 0.6640625 0.05642361111111107 0.03987268518518512
3 0.6453993055555556 0.48581018518518515 0.02944444444444443 0.030104166666666644
6 0.30336805555555557 0.5018229166666667 0.12131944444444445 0.05957175925925924