1 0.4830034722222222 0.37433449074074077 0.057835648148148164 0.214525462962963
13 0.4385127314814815 0.3171875 0.042037037037037095 0.09681712962962959
9 0.6598668981481481 0.46608796296296295 0.10457175925925917 0.4177083333333334
10 0.2729224537037037 0.41423611111111114 0.0631712962962963 0.258449074074074
2 0.1975925925925926 0.3809606481481481 0.054293981481481526 0.18628472222222223
6 0.40786458333333336 0.38093171296296297 0.0578125 0.21296296296296297
8 0.5916898148148148 0.3721064814814815 0.05622685185185183 0.21134259259259255
0 0.3306076388888889 0.3194444444444445 0.040289351851851854 0.08425925925925926
12 0.7505902777777778 0.5155671296296296 0.15442129629629625 0.5148148148148148
11 0.3033159722222222 0.3676793981481482 0.0509606481481482 0.1721064814814815
16 0.5569270833333333 0.4497685185185185 0.07731481481481488 0.36984953703703705
5 0.36932291666666667 0.3443287037037037 0.045671296296296314 0.13130787037037042
14 0.29796875 0.8341435185185185 0.042314814814814736 0.11556712962962976
15 0.2612037037037037 0.8359085648148149 0.04229166666666666 0.11400462962962976
7 0.2243576388888889 0.31550925925925927 0.035231481481481454 0.059085648148148096
4 0.5134085648148148 0.32699652777777777 0.047094907407407405 0.12199074074074075
3 0.5335358796296296 0.6568287037037037 0.023784722222222145 0.024305555555555535