10 0.41657986111111117 0.6438715277777778 0.0792361111111111 0.2663888888888888
9 0.8055613425925927 0.5602199074074073 0.12096064814814796 0.44020833333333337
14 0.3579861111111111 0.21982060185185182 0.048425925925925914 0.12281250000000003
2 0.35017939814814814 0.6851099537037036 0.06136574074074073 0.1921180555555555
8 0.7588136574074074 0.7101041666666668 0.055081018518518474 0.1309953703703705
6 0.5664467592592592 0.6652141203703704 0.06462962962962955 0.22502314814814817
1 0.635613425925926 0.6623032407407408 0.06643518518518512 0.22980324074074082
16 0.7030613425925927 0.5962037037037037 0.08565972222222236 0.36023148148148143
12 0.8899826388888888 0.5060300925925926 0.17902777777777779 0.5386689814814816
3 0.6309837962962963 0.37774884259259256 0.034351851851851835 0.03163194444444439
15 0.31822337962962965 0.21902199074074075 0.04974537037037034 0.11821759259259261
0 0.49998263888888894 0.7352662037037037 0.0452430555555555 0.09146990740740737
11 0.4579108796296296 0.6899363425925926 0.058993055555555604 0.17640046296296302
5 0.5321701388888889 0.6951157407407408 0.05546296296296305 0.16840277777777785
4 0.6786400462962963 0.6960069444444444 0.05538194444444429 0.16684027777777785
7 0.39166087962962964 0.7490972222222222 0.03909722222222225 0.06306712962962954
13 0.6088715277777779 0.7323726851851852 0.045486111111111074 0.09615740740740737