10 0.5432638888888889 0.6464583333333334 0.05456018518518526 0.26905092592592583
9 0.13292824074074075 0.5715162037037038 0.10129629629629626 0.4474537037037038
14 0.5689930555555556 0.21054398148148148 0.04209490740740733 0.11901620370370374
15 0.6064930555555555 0.21082175925925925 0.04201388888888893 0.11745370370370374
2 0.6197280092592592 0.679068287037037 0.04902777777777771 0.1924768518518519
6 0.3917071759259259 0.7055150462962964 0.04511574074074076 0.14715277777777763
5 0.4266203703703704 0.710462962962963 0.044791666666666785 0.14090277777777782
11 0.5059606481481482 0.6876041666666667 0.046655092592592595 0.17684027777777783
16 0.2366377314814815 0.6363715277777778 0.0577430555555555 0.3003125000000001
1 0.3114409722222222 0.7010127314814815 0.04552083333333332 0.15496527777777783
4 0.2699537037037037 0.7022685185185186 0.04616898148148145 0.16746527777777764
13 0.34876157407407404 0.7348958333333334 0.040717592592592576 0.09245370370370373
7 0.577962962962963 0.7459722222222223 0.03589120370370367 0.05961805555555557
12 0.057951388888888886 0.5176736111111111 0.11590277777777777 0.5337499999999998
8 0.1988425925925926 0.6267129629629629 0.06224537037037035 0.3268981481481482
0 0.4643865740740741 0.7357523148148148 0.04023148148148152 0.08307870370370374
3 0.29626157407407405 0.37577546296296294 0.0227662037037037 0.01734953703703699