0 0.5296585648148148 0.6593460648148148 0.03686342592592595 0.11034722222222229
9 0.21333912037037037 0.5188831018518518 0.08125 0.4238194444444444
2 0.6723668981481481 0.62 0.042708333333333216 0.18387731481481479
7 0.6363136574074074 0.6874016203703703 0.03171296296296298 0.05556712962962962
14 0.6253472222222223 0.16174189814814816 0.033912037037037025 0.11494212962962962
10 0.606568287037037 0.5844907407407407 0.04554398148148149 0.26043981481481476
12 0.1253761574074074 0.47076388888888887 0.1270833333333333 0.5235069444444445
16 0.31519097222222225 0.6134143518518519 0.042476851851851904 0.2197685185185186
15 0.6643518518518519 0.16214699074074074 0.038541666666666786 0.11351851851851853
11 0.5642650462962963 0.6310069444444444 0.040625 0.16976851851851862
8 0.27144097222222224 0.6779224537037037 0.04079861111111107 0.09017361111111111
6 0.4549479166666666 0.6748263888888889 0.03761574074074083 0.08851851851851862
5 0.4966435185185185 0.6025752314814815 0.04756944444444446 0.23084490740740743
1 0.387818287037037 0.6752546296296297 0.037557870370370415 0.08695601851851861
13 0.4213831018518518 0.6750405092592592 0.03773148148148149 0.09164351851851862
3 0.36938657407407405 0.3300868055555556 0.027372685185185118 0.022662037037037043
4 0.3499421296296296 0.644380787037037 0.0401041666666667 0.15570601851851862