6 0.3296875 0.55 0.196875 0.03125
14 0.784375 0.7015625 0.1171875 0.03125
9 0.43125 0.3078125 0.3953125 0.0515625
11 0.2703125 0.6546875 0.0796875 0.0296875
12 0.48515625 0.225 0.496875 0.0859375
8 0.30390625 0.371875 0.15 0.03125
5 0.3203125 0.58515625 0.1796875 0.028125
4 0.30703125 0.4421875 0.15 0.03125
15 0.78359375 0.73671875 0.1125 0.03125
1 0.3 0.4734375 0.134375 0.0296875
0 0.2828125 0.61875 0.1015625 0.028125
16 0.3859375 0.4078125 0.3109375 0.0296875
7 0.25859375 0.72421875 0.0484375 0.028125
13 0.27421875 0.5125 0.0859375 0.028125
10 0.396875 0.6890625 0.3296875 0.03125
2 0.32421875 0.7625 0.1734375 0.03125
3 0.6125 0.4390625 0.0203125 0.03125