9 0.48046875 0.2203125 0.425 0.0578125
2 0.3671875 0.68125 0.18125 0.0328125
16 0.4125 0.325 0.275 0.034375
7 0.303125 0.64765625 0.05625 0.0296875
14 0.82578125 0.62421875 0.1125 0.028125
11 0.3578125 0.575 0.16875 0.03125
5 0.33984375 0.50390625 0.1359375 0.0328125
4 0.353125 0.35625 0.15625 0.0328125
12 0.53671875 0.12890625 0.509375 0.1125
10 0.40234375 0.6078125 0.2578125 0.0328125
1 0.384375 0.3921875 0.2203125 0.03125
6 0.353125 0.4671875 0.1625 0.0328125
0 0.31484375 0.54140625 0.078125 0.03125
15 0.82421875 0.6625 0.1078125 0.0296875
8 0.30703125 0.28515625 0.0671875 0.034375
13 0.32109375 0.42890625 0.09375 0.0375
3 0.66640625 0.36953125 0.0203125 0.0234375