6 0.5447858796296297 0.6711863425925927 0.04606481481481488 0.10189814814814824
9 0.7715682870370371 0.4916261574074074 0.10936342592592574 0.42109953703703695
14 0.33655671296296297 0.1915451388888889 0.043055555555555534 0.11749999999999998
0 0.4722627314814815 0.6886168981481482 0.04121527777777771 0.07998842592592599
10 0.3872280092592592 0.598929398148148 0.0676273148148148 0.27079861111111114
12 0.8516087962962964 0.43440972222222224 0.16469907407407405 0.5090046296296297
2 0.32591435185185186 0.6531597222222223 0.056064814814814845 0.18634259259259273
16 0.6777777777777778 0.5909259259259259 0.06265046296296291 0.2317013888888889
8 0.7274768518518518 0.6561342592592594 0.04601851851851855 0.09564814814814823
13 0.5776099537037037 0.6729918981481482 0.044467592592592455 0.09719907407407416
4 0.6452719907407408 0.6320891203703705 0.051168981481481524 0.15818287037037032
11 0.4371064814814815 0.6883564814814814 0.04126157407407405 0.08623842592592582
1 0.6119270833333333 0.6654340277777777 0.04762731481481488 0.10190972222222214
15 0.29829282407407404 0.19360532407407405 0.04773148148148145 0.11597222222222223
7 0.36539930555555555 0.710480324074074 0.036365740740740726 0.058078703703703737
5 0.5048611111111111 0.6599537037037037 0.04785879629629619 0.13315972222222214
3 0.6062615740740741 0.32244212962962965 0.028310185185185154 0.025208333333333322