14 0.8171875 0.61796875 0.1171875 0.03125
10 0.396875 0.62265625 0.2578125 0.0390625
9 0.46484375 0.23046875 0.4203125 0.05625
5 0.35625 0.5171875 0.1921875 0.0359375
2 0.35859375 0.6953125 0.1859375 0.0328125
15 0.81875 0.65703125 0.1125 0.03125
8 0.38203125 0.29921875 0.2484375 0.0390625
4 0.3359375 0.3734375 0.159375 0.0328125
0 0.3046875 0.5546875 0.0796875 0.03125
12 0.51171875 0.14453125 0.509375 0.0953125
6 0.32578125 0.48203125 0.1234375 0.0359375
16 0.38125 0.33515625 0.25625 0.0375
11 0.34921875 0.5875 0.16875 0.03125
13 0.30546875 0.44609375 0.0921875 0.0328125
7 0.2921875 0.66328125 0.0578125 0.0296875
1 0.40078125 0.409375 0.28125 0.0375
3 0.64921875 0.36953125 0.0203125 0.028125