10 0.33359375 0.69453125 0.196875 0.03125
14 0.7875 0.7046875 0.115625 0.03125
5 0.32578125 0.5890625 0.1859375 0.03125
6 0.32109375 0.55234375 0.1734375 0.03125
15 0.790625 0.74140625 0.109375 0.03125
0 0.27109375 0.62109375 0.0703125 0.0296875
9 0.440625 0.31015625 0.40625 0.0515625
4 0.2875 0.4453125 0.1078125 0.0296875
12 0.48671875 0.228125 0.49375 0.0890625
11 0.27421875 0.65859375 0.0796875 0.028125
1 0.32421875 0.47890625 0.171875 0.03125
2 0.321875 0.76484375 0.1734375 0.0296875
7 0.2609375 0.728125 0.0515625 0.0296875
13 0.275 0.5171875 0.0828125 0.028125
16 0.38203125 0.41171875 0.2953125 0.0296875
8 0.30078125 0.3734375 0.128125 0.0296875
3 0.61484375 0.44609375 0.0203125 0.021875