14 0.6289988425925925 0.22178819444444448 0.050868055555555534 0.11903935185185191
6 0.40087962962962964 0.634548611111111 0.0703125 0.21348379629629619
2 0.6130787037037038 0.6830439814814815 0.06546296296296301 0.19143518518518512
10 0.5477835648148147 0.636082175925926 0.07847222222222214 0.2606481481481481
9 0.17303819444444443 0.4823206018518519 0.13910879629629633 0.43315972222222215
5 0.4376504629629629 0.6288773148148148 0.07517361111111107 0.23709490740740743
11 0.5053182870370371 0.6720196759259259 0.06378472222222235 0.17575231481481488
15 0.6672222222222223 0.2310185185185185 0.05399305555555554 0.11915509259259256
12 0.0955324074074074 0.4137152777777778 0.1910648148148148 0.5243055555555556
13 0.3552083333333333 0.6813078703703704 0.04760416666666671 0.10017361111111107
0 0.4653587962962963 0.6861689814814815 0.05409722222222228 0.13321759259259255
1 0.32598379629629626 0.6177083333333334 0.0703125 0.21348379629629619
8 0.22978009259259258 0.5234953703703704 0.10260416666666669 0.3552662037037038
16 0.2663541666666666 0.5443865740740741 0.10094907407407412 0.3427083333333334
7 0.5641898148148148 0.7421875 0.037962962962962976 0.06388888888888893
4 0.2819560185185185 0.653587962962963 0.052465277777777784 0.12378472222222214
3 0.34923032407407406 0.32786458333333335 0.026747685185185156 0.02598379629629628