6 0.3896122685185185 0.684693287037037 0.07887731481481489 0.19332175925925926
16 0.54375 0.6664236111111111 0.1145833333333334 0.3154861111111112
14 0.3597222222222222 0.20218171296296297 0.06070601851851851 0.12364583333333332
9 0.6509548611111111 0.6469386574074074 0.1539930555555557 0.4113657407407409
5 0.35954861111111114 0.6719502314814815 0.07916666666666669 0.20113425925925926
1 0.4608506944444445 0.7061400462962963 0.07881944444444447 0.1917592592592591
12 0.7468171296296295 0.6166030092592593 0.2122685185185187 0.5114814814814814
0 0.3085069444444445 0.7182523148148148 0.04814814814814809 0.07924768518518518
11 0.27540509259259255 0.7029803240740741 0.048379629629629585 0.08549768518518519
8 0.5679108796296296 0.7117013888888889 0.09618055555555571 0.23956018518518524
13 0.41238425925925926 0.7463310185185186 0.048553240740740654 0.09018518518518519
10 0.26374421296296297 0.6161631944444445 0.09484953703703702 0.24571759259259257
15 0.3240162037037037 0.19380208333333332 0.05896990740740744 0.11886574074074074
7 0.20497685185185185 0.7019386574074075 0.04103009259259256 0.05543981481481488
4 0.4833622685185185 0.7536689814814815 0.05740740740740744 0.11877314814814817
2 0.1833622685185185 0.6301909722222222 0.07366898148148149 0.17898148148148146
3 0.5670138888888889 0.43995949074074076 0.024479166666666784 0.02951388888888893