14 0.78125 0.7 0.1765625 0.034375
9 0.4390625 0.30625 0.4015625 0.053125
1 0.40859375 0.47421875 0.30625 0.0359375
5 0.38125 0.5828125 0.2515625 0.0328125
11 0.2984375 0.6546875 0.078125 0.028125
12 0.4875 0.22578125 0.5234375 0.090625
4 0.32578125 0.44140625 0.140625 0.0296875
2 0.34140625 0.76171875 0.16875 0.028125
0 0.2921875 0.61875 0.06875 0.028125
16 0.40390625 0.40703125 0.303125 0.0296875
6 0.35859375 0.54921875 0.20625 0.03125
7 0.28125 0.72421875 0.0484375 0.028125
8 0.29921875 0.371875 0.0828125 0.034375
10 0.41328125 0.68828125 0.3171875 0.03125
15 0.7828125 0.775 0.1078125 0.03125
13 0.296875 0.51328125 0.08125 0.0296875
3 0.6109375 0.4375 0.01875 0.0203125