14 0.6992824074074073 0.7972511574074075 0.03454861111111107 0.11767361111111115
10 0.6873032407407408 0.3399421296296296 0.038923611111111 0.2020949074074075
5 0.5803414351851852 0.33366898148148144 0.03712962962962969 0.1864467592592593
0 0.6124247685185186 0.2778819444444444 0.03231481481481495 0.07233796296296298
4 0.43634259259259256 0.2955902777777778 0.03287037037037024 0.10983796296296297
15 0.734369212962963 0.8024594907407406 0.032893518518518586 0.11140046296296298
6 0.5428993055555555 0.3292071759259259 0.036944444444444356 0.17394675925925931
1 0.4733912037037037 0.32661458333333326 0.035335648148148026 0.17079861111111114
9 0.3043634259259259 0.4483564814814815 0.06539351851851852 0.4071296296296296
12 0.22082175925925926 0.49634837962962963 0.10589120370370368 0.5045833333333334
11 0.6498784722222222 0.2815625 0.030868055555555607 0.0801273148148148
8 0.36375 0.34296296296296297 0.03736111111111118 0.2020717592592593
13 0.5076331018518518 0.28336226851851853 0.03249999999999993 0.08483796296296298
16 0.40440393518518525 0.39435763888888886 0.042037037037037095 0.30680555555555555
3 0.43927083333333333 0.6253935185185184 0.022175925925925988 0.020636574074073977
2 0.75703125 0.3276909722222222 0.036967592592592524 0.1755092592592593
7 0.7204224537037037 0.26697916666666666 0.03201388888888897 0.052025462962962975