10 0.359375 0.696875 0.203125 0.0328125
5 0.36875 0.5890625 0.2234375 0.03125
2 0.34375 0.76796875 0.1796875 0.03125
6 0.35 0.55234375 0.184375 0.03125
9 0.4640625 0.31328125 0.409375 0.053125
14 0.81484375 0.70859375 0.11875 0.0328125
1 0.3203125 0.4796875 0.1203125 0.03125
12 0.5109375 0.23046875 0.490625 0.0890625
15 0.81796875 0.74609375 0.1140625 0.034375
4 0.3140625 0.446875 0.1125 0.028125
16 0.36875 0.4140625 0.221875 0.0359375
13 0.3 0.5171875 0.0859375 0.028125
11 0.3 0.6609375 0.08125 0.03125
0 0.29453125 0.6234375 0.071875 0.03125
7 0.2828125 0.73125 0.0515625 0.0296875
8 0.34375 0.37734375 0.175 0.03125
3 0.63359375 0.44921875 0.0109375 0.0171875