5 0.6733275462962963 0.5646006944444444 0.19040509259259258 0.04951388888888886
9 0.5588483796296296 0.33720486111111114 0.35709490740740735 0.0891319444444445
8 0.6952546296296296 0.3823958333333334 0.09793981481481495 0.038090277777777716
2 0.7050694444444444 0.7136458333333333 0.15598379629629627 0.04718750000000007
15 0.3081770833333334 0.7305902777777777 0.10896990740740745 0.041458333333333285
10 0.7189120370370371 0.6538368055555555 0.1151736111111111 0.040034722222222284
16 0.6557407407407407 0.41899305555555555 0.18732638888888892 0.051006944444444355
12 0.5177025462962963 0.26602430555555556 0.43486111111111114 0.13145833333333332
14 0.3047916666666667 0.6953819444444445 0.10579861111111111 0.039826388888888786
6 0.6678530092592593 0.5379340277777778 0.19045138888888893 0.05107638888888886
4 0.700943287037037 0.4426388888888889 0.09784722222222228 0.03496527777777771
1 0.6621643518518519 0.47769097222222223 0.19201388888888893 0.05111111111111111
13 0.7222337962962962 0.5024479166666668 0.07597222222222229 0.034479166666666575
0 0.7366145833333333 0.5925520833333333 0.06342592592592596 0.032638888888888926
11 0.7374479166666668 0.6206770833333334 0.07128472222222229 0.034375
7 0.7579803240740741 0.68125 0.049409722222222285 0.03388888888888886
3 0.4283159722222223 0.46390624999999996 0.01930555555555564 0.019166666666666644