14 0.73234375 0.7743749999999999 0.045763888888888896 0.11803240740740736
4 0.4960590277777778 0.32230902777777776 0.0516319444444445 0.1448726851851852
13 0.5621701388888889 0.2941087962962963 0.04423611111111114 0.08365740740740737
9 0.36793402777777773 0.4356481481481482 0.10756944444444443 0.3866203703703704
15 0.7699479166666666 0.7744965277777778 0.047256944444444574 0.11656249999999986
12 0.2878819444444444 0.48504050925925923 0.16118055555555558 0.4708333333333334
10 0.7224479166666666 0.37547453703703704 0.0682291666666666 0.2378009259259259
6 0.5927256944444445 0.3471296296296297 0.06479166666666672 0.1955208333333333
16 0.4589756944444444 0.40440393518518525 0.08229166666666679 0.3087615740740741
5 0.6253993055555556 0.34206018518518516 0.05777777777777793 0.17796296296296302
2 0.78828125 0.3410243055555556 0.05899305555555543 0.17024305555555558
11 0.69234375 0.2973611111111111 0.039409722222222145 0.08025462962962963
7 0.7568055555555555 0.2849247685185185 0.03517361111111104 0.05506944444444439
3 0.49151041666666667 0.6077025462962963 0.030729166666666606 0.025196759259259238
1 0.52765625 0.32826967592592593 0.05347222222222214 0.15121527777777777
8 0.4279340277777778 0.37569444444444444 0.07538194444444439 0.2584837962962963
0 0.6582812499999999 0.3064293981481482 0.041874999999999926 0.10065972222222222