5 0.6823553240740741 0.53359375 0.2107291666666667 0.05625
14 0.23254050925925926 0.71796875 0.13211805555555553 0.046875
9 0.5252488425925926 0.2609375 0.4289467592592592 0.10625
0 0.7493576388888888 0.56015625 0.08179398148148138 0.040625
16 0.6229976851851852 0.353125 0.2738773148148148 0.06875
12 0.45483217592592595 0.18359375 0.5413194444444445 0.1640625
8 0.6381597222222222 0.3140625 0.23300925925925925 0.0640625
1 0.6471990740740742 0.428125 0.25167824074074086 0.0625
15 0.2400752314814815 0.7578125 0.12891203703703705 0.0453125
10 0.7238831018518519 0.64140625 0.1747106481481481 0.0546875
13 0.7298263888888888 0.4546875 0.09273148148148139 0.040625
6 0.6620254629629629 0.503125 0.24847222222222226 0.0609375
2 0.7224247685185186 0.71875 0.19354166666666686 0.05625
11 0.7559895833333334 0.59765625 0.08960648148148138 0.040625
4 0.6994560185185185 0.38125 0.12578703703703695 0.0453125
7 0.7832349537037037 0.67109375 0.05975694444444439 0.0375
3 0.36598958333333337 0.42890625 0.021446759259259273 0.021875