9 0.26326388888888885 0.47358217592592594 0.1639814814814815 0.43084490740740744
14 0.5568113425925926 0.9227430555555556 0.0610069444444445 0.12592592592592594
12 0.16475694444444441 0.48275462962962956 0.22312500000000002 0.5208333333333333
15 0.5944039351851852 0.9388599537037038 0.060682870370370345 0.11967592592592595
1 0.4461342592592593 0.45575810185185184 0.10512731481481481 0.28640046296296295
2 0.7510763888888888 0.4885416666666667 0.08167824074074073 0.19438657407407406
16 0.36682291666666667 0.45772569444444444 0.11873842592592591 0.3387731481481481
13 0.5100868055555555 0.371875 0.05502314814814824 0.10057870370370363
8 0.35302662037037036 0.37592592592592594 0.07831018518518515 0.18946759259259255
4 0.43212384259259257 0.362962962962963 0.06273148148148149 0.1291666666666666
5 0.5653587962962963 0.44027777777777777 0.08208333333333329 0.20219907407407406
6 0.5416030092592592 0.3993055555555556 0.06289351851851847 0.1322916666666667
0 0.6185706018518518 0.39716435185185184 0.051168981481481524 0.08628472222222223
10 0.6764699074074074 0.46027199074074077 0.07618055555555561 0.1784143518518519
11 0.6458680555555556 0.44545717592592593 0.07240740740740748 0.16568287037037024
7 0.7312442129629629 0.41727430555555556 0.04378472222222225 0.06394675925925916
3 0.3542939814814815 0.684230324074074 0.026215277777777768 0.025289351851851903