5 0.6201736111111111 0.6655208333333333 0.07159722222222217 0.20192129629629624
14 0.8188541666666668 0.20861111111111114 0.05437499999999993 0.1292361111111111
11 0.6864756944444445 0.6925868055555556 0.0628819444444444 0.16089120370370366
9 0.3549479166666667 0.5212789351851852 0.1358680555555555 0.4253125000000001
1 0.5185416666666667 0.6324652777777777 0.07548611111111114 0.23645833333333338
10 0.7331423611111111 0.6455844907407406 0.08874999999999993 0.27148148148148155
0 0.6493923611111111 0.71328125 0.05093749999999986 0.11501157407407411
12 0.2790798611111111 0.45090856481481484 0.19447916666666662 0.5344791666666667
15 0.8581076388888889 0.21517939814814815 0.05427083333333336 0.12454861111111111
8 0.41085069444444444 0.6083275462962963 0.08701388888888886 0.2635879629629631
6 0.5837326388888888 0.6447280092592592 0.07868055555555564 0.2397453703703704
7 0.7519791666666666 0.7541087962962962 0.04350694444444443 0.061562499999999964
2 0.7991493055555555 0.6945659722222223 0.06822916666666679 0.19082175925925923
16 0.4544097222222222 0.5622685185185186 0.10003472222222207 0.3579050925925927
13 0.5398611111111111 0.7119212962962963 0.04572916666666664 0.09133101851851855
4 0.47210069444444436 0.6896238425925926 0.051006944444444355 0.11813657407407412
3 0.5257118055555555 0.35677662037037033 0.023923611111111142 0.023090277777777855