5 0.47692708333333333 0.571585648148148 0.08388888888888886 0.20277777777777786
9 0.7376041666666666 0.5384548611111111 0.15857638888888897 0.3740162037037038
0 0.4356770833333334 0.6294560185185185 0.0453819444444445 0.0734375
10 0.38885416666666667 0.5443287037037037 0.09423611111111115 0.225
2 0.320625 0.55859375 0.07277777777777779 0.16336805555555553
11 0.4134201388888889 0.5864583333333334 0.06902777777777783 0.1491898148148149
12 0.8184201388888889 0.5080729166666667 0.21232638888888894 0.46024305555555556
6 0.5085590277777777 0.5790219907407407 0.08388888888888886 0.20277777777777786
15 0.4136458333333334 0.1513599537037037 0.06125000000000007 0.11458333333333334
16 0.6321354166666666 0.6127893518518518 0.0801388888888889 0.18859953703703702
1 0.5717187499999999 0.591550925925926 0.08694444444444435 0.2013310185185185
14 0.44986111111111116 0.15627893518518515 0.06288194444444457 0.11620370370370373
4 0.5976041666666667 0.6281539351851853 0.0655555555555555 0.14126157407407405
13 0.5294097222222222 0.6432002314814815 0.048993055555555644 0.08449074074074084
8 0.6651562500000001 0.616261574074074 0.08312500000000007 0.18559027777777787
7 0.33984375 0.621267361111111 0.04135416666666671 0.053009259259259166
3 0.6465972222222222 0.35714699074074074 0.026041666666666786 0.02436342592592595