9 0.48359375 0.36015625 0.3671875 0.05
14 0.7953125 0.7078125 0.153125 0.0265625
12 0.5453125 0.28203125 0.4703125 0.0890625
8 0.3609375 0.42109375 0.0921875 0.028125
15 0.79765625 0.73359375 0.1140625 0.0234375
11 0.35078125 0.71171875 0.075 0.028125
16 0.45234375 0.46953125 0.284375 0.0625
0 0.36171875 0.68046875 0.096875 0.028125
10 0.38984375 0.74921875 0.15625 0.03125
7 0.33671875 0.7796875 0.0484375 0.028125
2 0.36640625 0.8109375 0.1015625 0.028125
5 0.39140625 0.65078125 0.1578125 0.028125
6 0.36171875 0.61484375 0.0984375 0.0328125
1 0.4421875 0.5515625 0.253125 0.028125
4 0.36484375 0.52109375 0.1 0.03125
13 0.3625 0.5859375 0.096875 0.0265625
3 0.6640625 0.5265625 0.0171875 0.01875