9 0.6101851851851852 0.30497106481481484 0.38836805555555554 0.15567129629629628
15 0.20517939814814815 0.6276967592592593 0.11944444444444446 0.06267361111111107
12 0.5810763888888888 0.2147453703703704 0.4921296296296296 0.21655092592592595
14 0.21087962962962964 0.5918634259259259 0.11765046296296297 0.0564004629629629
16 0.6389756944444445 0.40768518518518515 0.2977430555555555 0.11216435185185195
8 0.6581018518518519 0.3759548611111111 0.2663194444444443 0.10701388888888888
5 0.6656539351851852 0.579861111111111 0.17928240740740745 0.07605324074074069
1 0.6934027777777778 0.48579282407407404 0.16197916666666662 0.07267361111111122
13 0.7230613425925926 0.5276157407407407 0.0877314814814815 0.049710648148148094
7 0.6998842592592593 0.7240393518518518 0.05457175925925917 0.039849537037036954
6 0.6652488425925925 0.5478414351851851 0.19039351851851852 0.08090277777777785
2 0.6358506944444444 0.7449537037037037 0.16967592592592595 0.06966435185185187
4 0.7228587962962962 0.45890046296296294 0.11134259259259256 0.054745370370370236
10 0.6135127314814814 0.6688831018518518 0.23923611111111107 0.0925578703703703
0 0.6944444444444444 0.6193287037037037 0.10827546296296298 0.05626157407407408
11 0.6973668981481481 0.6560706018518518 0.08454861111111107 0.048101851851851764
3 0.4228877314814815 0.3919907407407407 0.022743055555555537 0.023761574074074067