9 0.7008333333333333 0.4652777777777778 0.11276620370370374 0.38038194444444445
14 0.3843460648148148 0.8244097222222223 0.045659722222222233 0.11812499999999986
6 0.46761574074074075 0.3937326388888889 0.0587731481481482 0.19180555555555562
12 0.7823437500000001 0.5022222222222222 0.1560300925925926 0.47034722222222225
15 0.3486400462962963 0.8314236111111111 0.048692129629629655 0.11506944444444436
5 0.43827546296296294 0.40479166666666666 0.059375 0.2121180555555556
10 0.34358796296296296 0.42376736111111113 0.061400462962962976 0.22777777777777786
8 0.6244733796296297 0.3386631944444445 0.04556712962962965 0.11500000000000003
1 0.5337210648148148 0.38505208333333335 0.0587731481481482 0.19180555555555562
0 0.3957986111111111 0.34138888888888885 0.0364583333333333 0.07107638888888887
16 0.6031944444444445 0.43734375 0.07773148148148153 0.30465277777777794
7 0.29972800925925924 0.3400347222222222 0.03429398148148151 0.050729166666666714
2 0.2749710648148148 0.4003819444444444 0.050127314814814736 0.16350694444444436
13 0.49244212962962963 0.3357291666666667 0.041423611111111217 0.08055555555555553
4 0.5582060185185185 0.34187500000000004 0.043773148148148165 0.10715277777777779
11 0.37048611111111107 0.38298611111111114 0.04814814814814809 0.1494097222222222
3 0.5982060185185185 0.6378819444444443 0.022337962962962976 0.016111111111111142