5 0.6403993055555556 0.6161979166666667 0.19854166666666676 0.08812499999999997
9 0.4856076388888889 0.36411458333333335 0.4094444444444445 0.1708333333333333
2 0.6850868055555556 0.7881770833333333 0.1828125 0.08239583333333336
12 0.4255208333333333 0.28656249999999994 0.49350694444444443 0.23260416666666667
6 0.6192013888888889 0.5842708333333333 0.23465277777777782 0.09833333333333343
4 0.6545833333333333 0.4708333333333333 0.11524305555555561 0.06072916666666668
10 0.6380729166666667 0.7208854166666667 0.2503819444444444 0.10406250000000003
15 0.22383680555555557 0.8419270833333332 0.12628472222222217 0.06614583333333357
7 0.7415972222222222 0.7449999999999999 0.058680555555555534 0.042916666666666714
8 0.6600868055555555 0.39921875 0.08072916666666678 0.05218749999999996
13 0.6843402777777777 0.5401041666666666 0.08850694444444436 0.051145833333333356
16 0.5218402777777778 0.4588541666666667 0.3665625 0.13677083333333329
1 0.6599999999999999 0.50875 0.12003472222222236 0.06572916666666657
0 0.7094965277777778 0.6403645833333333 0.07913194444444435 0.050520833333333216
11 0.6733333333333333 0.6833333333333333 0.16392361111111117 0.07489583333333343
14 0.21923611111111113 0.8025 0.12472222222222218 0.06604166666666664
3 0.3389236111111111 0.5217708333333333 0.023993055555555642 0.0265625