5 0.6042013888888889 0.6118055555555555 0.20322916666666657 0.08395833333333336
0 0.6771527777777778 0.6369444444444444 0.08232638888888885 0.05204861111111114
9 0.4410243055555556 0.3535243055555556 0.422013888888889 0.16548611111111108
6 0.6003298611111111 0.5748784722222222 0.1938194444444445 0.08197916666666671
4 0.5996701388888889 0.4638020833333334 0.1592361111111112 0.07107638888888879
10 0.5955555555555556 0.7193402777777778 0.27399305555555564 0.10739583333333336
12 0.3864236111111111 0.2768055555555556 0.5076388888888889 0.22548611111111114
14 0.17899305555555556 0.8134375 0.12472222222222222 0.06329861111111121
11 0.6348090277777778 0.6772916666666667 0.1702430555555555 0.07468749999999993
8 0.5808854166666666 0.3941493055555556 0.17190972222222226 0.07944444444444443
16 0.51484375 0.4451736111111111 0.31475694444444446 0.11545138888888892
13 0.6474305555555555 0.5316145833333333 0.09638888888888886 0.05267361111111111
1 0.5855208333333334 0.5022743055555555 0.1938194444444445 0.08197916666666671
15 0.18831597222222224 0.851388888888889 0.12149305555555556 0.05847222222222222
2 0.6542881944444444 0.7860763888888889 0.1875694444444445 0.08170138888888889
7 0.7092708333333333 0.7400347222222223 0.060277777777777784 0.04326388888888886
3 0.2964756944444445 0.5238368055555556 0.025624999999999964 0.02923611111111111