16 0.5778993055555556 0.4526562500000001 0.28017361111111116 0.07937499999999993
9 0.5273032407407408 0.3402604166666667 0.4198032407407407 0.1244791666666667
13 0.6508738425925926 0.57125 0.09284722222222222 0.0435416666666665
1 0.5986863425925926 0.5254166666666666 0.21721064814814817 0.06739583333333332
12 0.4956828703703703 0.2385416666666667 0.5050347222222221 0.19708333333333333
11 0.6299016203703703 0.7133854166666667 0.08503472222222222 0.043020833333333286
0 0.6384201388888888 0.6755208333333333 0.08181712962962955 0.04124999999999997
2 0.5678182870370371 0.8080729166666668 0.18108796296296284 0.06187499999999986
10 0.549699074074074 0.73 0.23761574074074082 0.0703125
8 0.6237326388888889 0.42041666666666666 0.1952430555555555 0.06437500000000007
15 0.10226851851851852 0.7095833333333333 0.11968749999999999 0.05
7 0.6305150462962963 0.7824479166666667 0.05819444444444457 0.036562500000000143
6 0.6051793981481481 0.6011458333333334 0.17318287037037033 0.059791666666666646
3 0.32573495370370364 0.4460416666666667 0.02160879629629626 0.023229166666666502
5 0.6273148148148148 0.6379166666666667 0.12281250000000003 0.05020833333333332
4 0.649710648148148 0.49822916666666667 0.11803240740740754 0.04833333333333343
14 0.11363425925925927 0.6766145833333332 0.12290509259259261 0.0517708333333335