9 0.4778645833333333 0.21484375 0.430787037037037 0.10041666666666664
5 0.3900462962962963 0.5081249999999999 0.2327546296296296 0.05604166666666668
6 0.3628472222222222 0.4715625 0.17939814814814808 0.046250000000000034
12 0.528443287037037 0.12140625000000001 0.5118055555555555 0.14166666666666666
4 0.3486400462962963 0.3628645833333334 0.1559606481481482 0.04468750000000003
0 0.3116319444444445 0.5478125 0.07934027777777786 0.03802083333333321
8 0.3114583333333333 0.289375 0.08107638888888893 0.04281249999999996
11 0.35986689814814815 0.58140625 0.17170138888888883 0.04885416666666664
10 0.4020543981481482 0.6208854166666666 0.2624421296296296 0.05802083333333332
16 0.4418402777777778 0.320625 0.3436921296296296 0.06343750000000004
15 0.8554108796296296 0.6603645833333334 0.12309027777777785 0.04093750000000007
2 0.36715856481481485 0.6936979166666667 0.1872106481481482 0.04677083333333343
14 0.85390625 0.6197395833333333 0.1247106481481481 0.042604166666666644
7 0.3017650462962963 0.6620312500000001 0.05596064814814809 0.03802083333333321
13 0.31533564814814813 0.43635416666666665 0.08859953703703702 0.035520833333333356
1 0.3617766203703704 0.40036458333333336 0.1794560185185185 0.047812500000000036
3 0.6695023148148148 0.35635416666666664 0.019618055555555534 0.02468750000000002