5 0.3640625 0.56796875 0.2140625 0.028125
9 0.45703125 0.3015625 0.3890625 0.059375
8 0.3140625 0.36328125 0.1015625 0.0296875
11 0.32421875 0.63984375 0.1328125 0.0296875
10 0.415625 0.671875 0.3140625 0.03125
14 0.78828125 0.68359375 0.1140625 0.0328125
12 0.5015625 0.22421875 0.471875 0.090625
6 0.365625 0.5375 0.2140625 0.0296875
1 0.3640625 0.4671875 0.2125 0.0296875
2 0.340625 0.7375 0.175 0.0296875
4 0.32890625 0.43359375 0.146875 0.03125
0 0.29375 0.60078125 0.0734375 0.03125
15 0.78828125 0.72265625 0.1171875 0.0328125
7 0.2796875 0.70625 0.0515625 0.028125
16 0.38359375 0.396875 0.2515625 0.0296875
13 0.2984375 0.50234375 0.084375 0.028125
3 0.6203125 0.43671875 0.0109375 0.015625