15 0.18880208333333334 0.8191145833333333 0.05906250000000002 0.12885416666666671
1 0.5536400462962963 0.4256597222222222 0.08347222222222221 0.2514930555555555
4 0.6010358796296297 0.39251736111111113 0.06422453703703716 0.16336805555555553
14 0.22993055555555558 0.825642361111111 0.05915509259259259 0.1304166666666667
9 0.709056712962963 0.5524131944444445 0.14384259259259266 0.42871527777777774
12 0.7796180555555555 0.6174305555555556 0.21171296296296305 0.5221180555555556
16 0.6144097222222222 0.49729166666666663 0.1087037037037037 0.361701388888889
11 0.3980787037037037 0.3145659722222222 0.04893518518518523 0.08944444444444448
2 0.2751793981481481 0.3396527777777778 0.07057870370370374 0.19170138888888885
5 0.452505787037037 0.3874826388888889 0.07325231481481467 0.21052083333333335
13 0.5349710648148148 0.34414930555555556 0.045902777777777716 0.09086805555555558
0 0.4324537037037037 0.31609375 0.04690972222222225 0.08156250000000007
6 0.4807581018518519 0.4130208333333333 0.08475694444444457 0.246875
8 0.6720312500000001 0.4105555555555555 0.06615740740740747 0.16968750000000005
7 0.3249768518518518 0.27920138888888885 0.04267361111111114 0.06267361111111107
10 0.33024305555555555 0.4282638888888889 0.1064004629629629 0.34913194444444445
3 0.5310474537037038 0.7011631944444444 0.02942129629629626 0.02312499999999993