9 0.5304398148148148 0.33510416666666665 0.41178240740740735 0.10374999999999997
5 0.6435127314814815 0.60890625 0.22874999999999995 0.05729166666666661
15 0.22458333333333336 0.7577083333333332 0.1206944444444444 0.04541666666666657
12 0.4723611111111111 0.25104166666666666 0.49834490740740733 0.1515625
14 0.2212789351851852 0.7240104166666667 0.1206134259259259 0.04385416666666657
10 0.6654282407407408 0.7162499999999999 0.20234953703703695 0.058645833333333286
7 0.7428703703703704 0.7533333333333333 0.05630787037037042 0.03489583333333339
1 0.6365219907407408 0.5041145833333334 0.22710648148148138 0.055625000000000036
6 0.6433738425925926 0.5761979166666666 0.22726851851851854 0.05875000000000004
8 0.6722569444444444 0.3975 0.1284259259259258 0.04437500000000005
0 0.7193113425925926 0.6443229166666666 0.07998842592592599 0.041145833333333215
2 0.6839583333333333 0.7883333333333333 0.18015046296296297 0.05093750000000004
13 0.707795138888889 0.54234375 0.089201388888889 0.03864583333333336
11 0.7213773148148148 0.6841666666666667 0.0830324074074074 0.03979166666666671
16 0.5581597222222222 0.43427083333333333 0.3716666666666667 0.08083333333333335
4 0.6846180555555555 0.47072916666666664 0.11271990740740741 0.041770833333333354
3 0.3668402777777778 0.4682291666666667 0.01824074074074069 0.021458333333333357