14 0.8375 0.67890625 0.1125 0.028125
9 0.5078125 0.31015625 0.3796875 0.0484375
7 0.3390625 0.69609375 0.046875 0.028125
4 0.3859375 0.43359375 0.140625 0.028125
0 0.35234375 0.59609375 0.071875 0.028125
12 0.553125 0.23125 0.4546875 0.0859375
1 0.4015625 0.46484375 0.1671875 0.028125
2 0.39765625 0.72734375 0.165625 0.028125
15 0.8359375 0.715625 0.10625 0.0296875
6 0.4 0.53203125 0.16875 0.028125
5 0.3640625 0.5625 0.0921875 0.028125
13 0.35859375 0.4984375 0.078125 0.0265625
11 0.353125 0.62734375 0.075 0.028125
8 0.36015625 0.36796875 0.08125 0.0296875
10 0.4734375 0.6625 0.3078125 0.03125
16 0.42734375 0.403125 0.2265625 0.028125
3 0.6703125 0.43671875 0.0140625 0.015625