8 0.334375 0.34140625 0.1 0.03125
9 0.48203125 0.278125 0.3953125 0.053125
16 0.3703125 0.3734375 0.1765625 0.03125
5 0.38046875 0.546875 0.1953125 0.03125
12 0.5296875 0.2015625 0.4796875 0.090625
13 0.32578125 0.47734375 0.084375 0.0296875
2 0.36953125 0.71640625 0.175 0.03125
14 0.82265625 0.665625 0.11875 0.0328125
6 0.3609375 0.5140625 0.153125 0.034375
10 0.409375 0.65 0.25625 0.03125
4 0.35703125 0.41015625 0.146875 0.03125
11 0.34765625 0.61171875 0.13125 0.0328125
1 0.3625 0.44453125 0.153125 0.03125
15 0.821875 0.703125 0.11875 0.03125
7 0.3078125 0.68046875 0.0515625 0.028125
0 0.3203125 0.578125 0.071875 0.03125
3 0.6546875 0.415625 0.0203125 0.0234375