9 0.7491550925925926 0.5749884259259259 0.06722222222222207 0.4298842592592592
5 0.46018518518518514 0.6530092592592592 0.037650462962962906 0.233113425925926
6 0.49826967592592586 0.6815567129629629 0.03256944444444443 0.17974537037037025
12 0.840167824074074 0.52734375 0.10218750000000014 0.5113541666666667
4 0.6067708333333333 0.6996875 0.03239583333333336 0.15630787037037042
0 0.42366319444444445 0.7300520833333334 0.03182870370370363 0.07974537037037024
8 0.6815104166666666 0.7387326388888888 0.036527777777777715 0.08155092592592598
11 0.38807291666666666 0.6813136574074073 0.035636574074074015 0.1720949074074074
10 0.3469733796296296 0.6377604166666666 0.03787037037037031 0.2628009259259258
16 0.6449710648148148 0.6071006944444444 0.03690972222222229 0.3439699074074074
15 0.2886053240740741 0.18221643518518518 0.03215277777777779 0.12349537037037037
2 0.2756134259259259 0.670011574074074 0.032627314814814845 0.18755787037037025
14 0.329224537037037 0.18510416666666668 0.03372685185185187 0.1251388888888889
7 0.31028935185185186 0.7366782407407408 0.03321759259259256 0.056388888888889
13 0.5346412037037037 0.7303356481481481 0.02877314814814813 0.08895833333333343
1 0.5693634259259259 0.6852430555555555 0.03413194444444443 0.179826388888889
3 0.5997743055555556 0.3781076388888889 0.02357638888888882 0.019965277777777856