14 0.6020833333333334 0.1908217592592593 0.07083333333333322 0.12824074074074074
9 0.33166666666666667 0.5956597222222222 0.1765625 0.4062152777777778
15 0.63890625 0.1826099537037037 0.06750000000000007 0.1249537037037037
5 0.6118750000000001 0.6296527777777777 0.08937500000000007 0.19615740740740756
13 0.5616145833333334 0.6932233796296297 0.05427083333333336 0.09001157407407412
12 0.24395833333333333 0.5646412037037037 0.24541666666666667 0.5047685185185186
6 0.5833333333333333 0.6453009259259259 0.08499999999999996 0.1772453703703704
10 0.6916145833333334 0.5528182870370371 0.13000000000000006 0.3150462962962962
8 0.42661458333333335 0.7002372685185185 0.06781249999999997 0.12964120370370366
7 0.76125 0.6747685185185185 0.042604166666666644 0.05515046296296298
2 0.7763020833333334 0.60859375 0.08510416666666672 0.17880787037037038
16 0.4382291666666667 0.6292129629629629 0.10885416666666678 0.25478009259259266
4 0.488125 0.6769560185185185 0.071875 0.14386574074074082
1 0.5270833333333333 0.6890972222222222 0.06354166666666679 0.11229166666666668
11 0.6894270833333334 0.6718229166666667 0.05552083333333328 0.08540509259259252
0 0.6596875000000001 0.6811805555555555 0.04875000000000007 0.07726851851851854
3 0.4124479166666667 0.4059895833333333 0.03322916666666664 0.031307870370370416