9 0.50078125 0.3171875 0.38125 0.05
13 0.35078125 0.50625 0.0765625 0.0265625
14 0.8359375 0.69453125 0.115625 0.03125
12 0.546875 0.23984375 0.45625 0.0875
6 0.3765625 0.54140625 0.128125 0.028125
5 0.3734375 0.57109375 0.1171875 0.028125
0 0.346875 0.60625 0.0703125 0.028125
11 0.38515625 0.64140625 0.1515625 0.028125
15 0.83828125 0.72890625 0.1140625 0.0328125
1 0.37578125 0.47265625 0.1265625 0.028125
4 0.36875 0.440625 0.103125 0.0265625
8 0.375 0.375 0.11875 0.028125
7 0.3375 0.70625 0.0484375 0.028125
10 0.42421875 0.67265625 0.221875 0.0296875
2 0.39453125 0.73828125 0.16875 0.0296875
16 0.43359375 0.41015625 0.24375 0.028125
3 0.66796875 0.44609375 0.015625 0.0171875