9 0.6760590277777778 0.5897395833333333 0.11625000000000014 0.3820833333333333
14 0.3565798611111111 0.19845486111111113 0.04788194444444445 0.11663194444444444
5 0.4063194444444444 0.6446527777777777 0.061840277777777786 0.18253472222222217
16 0.5707291666666666 0.6639236111111112 0.06857638888888892 0.204548611111111
1 0.5038888888888888 0.6780555555555555 0.05645833333333332 0.15118055555555543
15 0.3228472222222222 0.19145833333333334 0.04618055555555554 0.1103472222222222
12 0.7621006944444444 0.5611979166666667 0.16020833333333329 0.46270833333333333
13 0.46616319444444443 0.7022048611111111 0.042569444444444396 0.08840277777777779
0 0.36668402777777775 0.68828125 0.040729166666666664 0.07586805555555554
4 0.5376215277777778 0.6850520833333333 0.05326388888888882 0.1479861111111111
6 0.4380381944444444 0.6664409722222222 0.054826388888889 0.14802083333333335
2 0.24256944444444445 0.6199305555555555 0.06475694444444446 0.17322916666666668
7 0.26659722222222226 0.6821527777777778 0.03715277777777777 0.055486111111111215
10 0.31781249999999994 0.5622569444444444 0.09124999999999997 0.3112500000000001
8 0.5959027777777777 0.7425694444444444 0.038715277777777855 0.05552083333333328
11 0.33453125 0.6821006944444444 0.04243055555555557 0.08215277777777778
3 0.5743402777777777 0.40475694444444443 0.022291666666666644 0.01923611111111114