9 0.5276620370370371 0.27234375 0.4217013888888889 0.10925925925925925
5 0.5870081018518518 0.5563078703703704 0.18483796296296298 0.05112268518518519
1 0.6415219907407408 0.452488425925926 0.12233796296296298 0.05019675925925924
12 0.4956018518518518 0.1783912037037037 0.5227430555555556 0.16694444444444442
2 0.55703125 0.72921875 0.18171296296296297 0.05107638888888886
15 0.10775462962962963 0.673443287037037 0.12042824074074074 0.045486111111111074
11 0.6255497685185185 0.6259722222222223 0.08559027777777786 0.03872685185185176
13 0.6496238425925925 0.49060763888888886 0.09207175925925917 0.04194444444444443
0 0.6341724537037037 0.5938483796296297 0.07789351851851851 0.040173611111111104
10 0.5148726851851853 0.6557060185185185 0.3046296296296296 0.06694444444444443
16 0.54140625 0.37125 0.3519675925925926 0.07388888888888889
7 0.6254050925925926 0.7016724537037037 0.05711805555555553 0.03362268518518512
14 0.11455439814814813 0.6343229166666667 0.12175925925925926 0.04238425925925924
6 0.5887731481481481 0.5219444444444445 0.20248842592592595 0.057627314814814666
3 0.32841435185185186 0.39157407407407413 0.02910879629629628 0.034768518518518476
8 0.6805266203703704 0.347337962962963 0.0841435185185185 0.040266203703703776
4 0.6487557870370371 0.4180439814814815 0.11741898148148149 0.04700231481481474