14 0.7978240740740741 0.7792534722222222 0.052719907407407264 0.12667824074074083
9 0.3565509259259259 0.46753472222222225 0.1171875 0.4252893518518519
5 0.6210648148148148 0.33324652777777775 0.062314814814814844 0.2096643518518519
15 0.8398726851851851 0.7753472222222222 0.05253472222222229 0.12355324074074084
12 0.27858796296296295 0.5260127314814815 0.16749999999999998 0.5113425925925925
11 0.68671875 0.29166666666666663 0.054016203703703705 0.14855324074074075
13 0.5442939814814816 0.2797164351851852 0.044525462962963044 0.09363425925925925
6 0.582505787037037 0.3299768518518518 0.06166666666666672 0.1987268518518519
16 0.444693287037037 0.3562210648148148 0.06581018518518533 0.21603009259259257
0 0.6497569444444444 0.2625 0.042314814814814736 0.08263888888888893
1 0.5125173611111111 0.33804976851851853 0.06166666666666672 0.1987268518518519
2 0.7991782407407408 0.3000289351851852 0.05945601851851841 0.1877314814814815
8 0.3971469907407407 0.2937789351851852 0.042314814814814826 0.08263888888888893
7 0.7563194444444445 0.23741319444444448 0.03936342592592581 0.05914351851851851
10 0.7323900462962963 0.375318287037037 0.07789351851851851 0.31469907407407405
4 0.47063657407407405 0.305150462962963 0.04775462962962962 0.12181712962962958
3 0.5182986111111111 0.6337962962962964 0.02795138888888893 0.02442129629629619