5 0.40921874999999996 0.59421875 0.07729166666666672 0.20270833333333335
6 0.44453125 0.6059895833333334 0.0734375 0.19156249999999986
9 0.6965625 0.525625 0.15229166666666671 0.41770833333333324
11 0.3333333333333333 0.6447916666666667 0.04770833333333328 0.08562499999999992
12 0.7866666666666666 0.4882291666666667 0.2081249999999999 0.5085416666666667
2 0.23119791666666667 0.5841145833333334 0.07281249999999995 0.18218749999999986
8 0.6148958333333333 0.6660416666666666 0.053750000000000145 0.10625
10 0.30765624999999996 0.5774479166666666 0.07906250000000004 0.20593749999999994
1 0.5141666666666667 0.6146874999999999 0.07677083333333332 0.19489583333333335
0 0.36520833333333336 0.6520833333333333 0.047395833333333394 0.08093749999999993
7 0.2583854166666667 0.6505729166666667 0.039687499999999966 0.058645833333333286
15 0.30463541666666666 0.12015625 0.06270833333333332 0.12395833333333331
16 0.5833854166666667 0.6171354166666667 0.07718749999999996 0.20114583333333336
13 0.47088541666666667 0.6599479166666666 0.04812499999999993 0.09187499999999993
4 0.5472916666666666 0.6525000000000001 0.05437499999999993 0.115625
14 0.3434375 0.12541666666666668 0.05833333333333339 0.12833333333333333
3 0.5838541666666666 0.32989583333333333 0.026458333333333427 0.023541666666666662