15 0.7828472222222222 0.7640625 0.04060185185185183 0.10607638888888893
5 0.6070486111111111 0.3740451388888889 0.05021990740740741 0.16730324074074074
11 0.6689699074074074 0.352199074074074 0.04805555555555561 0.14693287037037042
9 0.37228587962962967 0.5016203703703704 0.09837962962962968 0.3704282407407408
14 0.7533217592592593 0.770630787037037 0.04060185185185183 0.10607638888888893
1 0.5212615740740741 0.4350983796296296 0.06218749999999993 0.25515046296296295
12 0.30285879629629625 0.5605034722222222 0.14325231481481476 0.46261574074074063
16 0.4614351851851852 0.47485532407407405 0.07567129629629629 0.34149305555555554
8 0.41701967592592587 0.37482638888888886 0.04920138888888879 0.13292824074074075
6 0.5798263888888889 0.40555555555555556 0.06604166666666664 0.22719907407407405
13 0.5418518518518518 0.33813657407407405 0.03512731481481488 0.07934027777777786
0 0.6359664351851851 0.32057291666666665 0.038113425925925884 0.07476851851851851
10 0.7029166666666666 0.38926504629629627 0.061261574074073975 0.22390046296296298
7 0.7275752314814815 0.2976273148148148 0.03585648148148142 0.051273148148148096
4 0.4798379629629629 0.35685763888888894 0.03894675925925917 0.10289351851851851
2 0.7613194444444444 0.35425347222222225 0.057939814814814736 0.16446759259259255
3 0.5102083333333333 0.6427662037037036 0.02711805555555564 0.01973379629629619