9 0.6941840277777779 0.5113368055555556 0.14277777777777773 0.4103472222222223
5 0.41656250000000006 0.5677546296296296 0.07893518518518512 0.23054398148148145
12 0.7839699074074075 0.47467013888888887 0.1956712962962964 0.4991550925925926
8 0.6178935185185186 0.642025462962963 0.0563194444444445 0.12483796296296283
15 0.30614583333333334 0.11586226851851852 0.05763888888888893 0.12024305555555555
16 0.5945775462962963 0.5399652777777778 0.10847222222222222 0.31952546296296286
10 0.316869212962963 0.549369212962963 0.08394675925925928 0.23707175925925927
13 0.478425925925926 0.6424537037037037 0.0468055555555555 0.09156249999999985
6 0.44936342592592593 0.5807002314814815 0.07780092592592602 0.20866898148148144
14 0.3448726851851852 0.1221875 0.05771990740740742 0.12180555555555554
11 0.3390509259259259 0.6295543981481482 0.046481481481481526 0.08531250000000004
0 0.3722685185185185 0.6354224537037038 0.047800925925925955 0.08071759259259252
7 0.2698032407407408 0.6391435185185185 0.040578703703703665 0.06159722222222221
2 0.23901620370370366 0.5743576388888888 0.07181712962962958 0.18339120370370382
1 0.5293923611111111 0.5069965277777777 0.11254629629629634 0.3680555555555555
4 0.5494791666666667 0.6374594907407408 0.05270833333333336 0.11527777777777785
3 0.5794097222222223 0.3230092592592593 0.0227662037037037 0.018483796296296262