5 0.5689236111111111 0.4527835648148148 0.0939583333333335 0.22062500000000007
4 0.4401736111111111 0.388755787037037 0.08121527777777775 0.17935185185185185
14 0.5541840277777779 0.9077951388888887 0.06350694444444435 0.13155092592592582
9 0.2733333333333333 0.4415335648148148 0.17329861111111108 0.42791666666666667
6 0.5317187499999999 0.46154513888888893 0.10479166666666657 0.2539930555555555
1 0.46234374999999994 0.43628472222222225 0.10663194444444457 0.2603356481481482
15 0.5849826388888889 0.9198032407407407 0.061736111111111214 0.12677083333333314
16 0.3792013888888889 0.4564236111111112 0.12736111111111112 0.34104166666666663
12 0.17769097222222224 0.460931712962963 0.23527777777777778 0.5250925925925927
10 0.6519791666666667 0.55796875 0.13499999999999995 0.37266203703703693
7 0.7285763888888889 0.42072916666666665 0.04822916666666668 0.0683101851851852
11 0.6574479166666667 0.4172974537037037 0.05899305555555543 0.10011574074074066
8 0.37829861111111107 0.3357407407407408 0.06274305555555557 0.114363425925926
13 0.5189583333333333 0.37854166666666667 0.05934027777777775 0.10792824074074074
2 0.7453819444444445 0.5008391203703704 0.09034722222222236 0.20950231481481474
0 0.6219965277777778 0.40423032407407405 0.05715277777777779 0.09377314814814816
3 0.3631770833333333 0.6583506944444444 0.02604166666666661 0.024918981481481594