9 0.7424189814814814 0.5039756944444445 0.1140625 0.42371527777777784
8 0.6808449074074074 0.40979166666666667 0.0659143518518519 0.23701388888888886
12 0.825954861111111 0.5682291666666666 0.16261574074074084 0.5105902777777779
16 0.6447337962962962 0.42770833333333336 0.07453703703703703 0.2902430555555554
4 0.6041087962962963 0.3425694444444445 0.04641203703703702 0.12114583333333329
14 0.3339988425925926 0.8341840277777777 0.053125 0.12753472222222229
2 0.2697048611111111 0.3452777777777778 0.06076388888888893 0.1885416666666667
10 0.34890046296296295 0.39305555555555555 0.07326388888888893 0.2730555555555556
1 0.5705150462962963 0.38394097222222223 0.06238425925925917 0.2104166666666666
13 0.5316840277777778 0.32302083333333337 0.042881944444444466 0.09454861111111104
15 0.29638310185185185 0.8317881944444444 0.05121527777777777 0.12281249999999985
5 0.46050347222222215 0.3518576388888889 0.05480324074074083 0.17125000000000004
7 0.3087094907407407 0.2821875 0.03865740740740744 0.05857638888888887
0 0.42450810185185184 0.3081597222222222 0.04351851851851851 0.08208333333333329
6 0.49348958333333337 0.3759895833333333 0.06238425925925917 0.2104166666666666
11 0.38402777777777775 0.3407986111111111 0.053761574074074045 0.15718750000000004
3 0.6030381944444445 0.6755902777777777 0.02482638888888893 0.019270833333333216