5 0.434230324074074 0.6015104166666667 0.1840856481481481 0.08864583333333335
6 0.41909722222222223 0.5735416666666666 0.17777777777777767 0.08666666666666671
9 0.4556712962962964 0.33458333333333334 0.3789351851851851 0.17333333333333342
14 0.8668692129629629 0.5891145833333333 0.11614583333333321 0.06385416666666668
10 0.44334490740740745 0.6995833333333333 0.1556712962962962 0.07895833333333328
13 0.3667824074074074 0.5566666666666666 0.08466435185185181 0.05552083333333328
7 0.402025462962963 0.7469791666666666 0.05457175925925917 0.042604166666666644
8 0.351880787037037 0.42921875 0.12251157407407405 0.06739583333333332
4 0.36125578703703703 0.49203125 0.10821759259259256 0.06020833333333329
2 0.46996527777777775 0.7628125 0.17146990740740745 0.08468749999999989
15 0.8798611111111111 0.6227083333333333 0.11140046296296298 0.061979166666666786
12 0.48220486111111105 0.24744791666666668 0.46869212962962975 0.24010416666666662
1 0.40512152777777777 0.5133854166666667 0.17615740740740743 0.08499999999999996
16 0.43819444444444444 0.4336458333333333 0.2867476851851851 0.12510416666666657
11 0.39959490740740744 0.6813541666666667 0.08142361111111107 0.05218749999999996
0 0.3898726851851852 0.6514583333333333 0.07355324074074066 0.050104166666666575
3 0.6502604166666667 0.40776041666666674 0.026099537037037025 0.03135416666666657