9 0.49765625 0.28125 0.4171875 0.05625
14 0.8484375 0.67890625 0.1171875 0.03125
12 0.534375 0.1890625 0.496875 0.0953125
15 0.85390625 0.71875 0.1109375 0.0328125
1 0.4296875 0.45234375 0.2796875 0.0328125
2 0.37578125 0.753125 0.1859375 0.034375
16 0.45390625 0.3765625 0.33125 0.0328125
13 0.33046875 0.4921875 0.0921875 0.03125
8 0.37890625 0.3421875 0.18125 0.03125
4 0.34375 0.41484375 0.121875 0.03125
5 0.38125 0.5625 0.19375 0.0328125
6 0.3484375 0.52890625 0.125 0.03125
0 0.325 0.60234375 0.078125 0.03125
10 0.36953125 0.67421875 0.1703125 0.0328125
11 0.3640625 0.64140625 0.1578125 0.03125
7 0.3125 0.715625 0.05625 0.0296875
3 0.675 0.42265625 0.01875 0.021875