16 0.3921875 0.425 0.234375 0.0328125
9 0.47421875 0.3296875 0.384375 0.0546875
1 0.36875 0.4921875 0.1796875 0.03125
8 0.3859375 0.3890625 0.2125 0.0328125
0 0.3140625 0.6296875 0.075 0.03125
10 0.434375 0.69765625 0.3140625 0.03125
11 0.31796875 0.6640625 0.0796875 0.0296875
2 0.365625 0.76796875 0.171875 0.03125
15 0.81171875 0.7515625 0.1078125 0.028125
6 0.36953125 0.56015625 0.1828125 0.03125
14 0.8125 0.7140625 0.1140625 0.0265625
12 0.51640625 0.2484375 0.48125 0.0875
4 0.3515625 0.45703125 0.14375 0.03125
7 0.30390625 0.73203125 0.0515625 0.028125
13 0.31953125 0.52734375 0.084375 0.03125
5 0.371875 0.5953125 0.1984375 0.0328125
3 0.6453125 0.4609375 0.0203125 0.0203125