4 0.36171875 0.49375 0.1390625 0.028125
9 0.484375 0.36640625 0.371875 0.046875
12 0.528125 0.28828125 0.4578125 0.0859375
1 0.37421875 0.52734375 0.1734375 0.0296875
10 0.44765625 0.7203125 0.30625 0.0296875
14 0.81484375 0.7296875 0.1078125 0.0265625
5 0.3375 0.6234375 0.09375 0.028125
13 0.33125 0.559375 0.08125 0.028125
15 0.81484375 0.765625 0.1046875 0.0296875
7 0.31484375 0.75703125 0.0484375 0.0265625
11 0.33046875 0.6890625 0.075 0.028125
0 0.3296875 0.6578125 0.071875 0.028125
6 0.3765625 0.590625 0.1703125 0.028125
16 0.45546875 0.459375 0.325 0.0296875
8 0.35078125 0.428125 0.115625 0.0296875
3 0.653125 0.49140625 0.0203125 0.0296875
2 0.37734375 0.7875 0.1703125 0.0296875