9 0.6632928240740741 0.4892708333333333 0.11129629629629623 0.3834722222222222
1 0.5171990740740741 0.5915625 0.06548611111111118 0.20756944444444442
8 0.6202488425925926 0.6227777777777778 0.05048611111111114 0.1229166666666666
5 0.41995370370370366 0.6019097222222223 0.0671875 0.21229166666666668
6 0.4520543981481481 0.6002777777777778 0.06714120370370366 0.2107291666666665
14 0.2611689814814815 0.2090625 0.047083333333333324 0.1134722222222222
12 0.7383506944444445 0.4362152777777778 0.15896990740740727 0.46416666666666656
10 0.3231886574074074 0.6224305555555556 0.0634606481481482 0.1919097222222222
16 0.5753472222222222 0.5287499999999999 0.0875694444444445 0.3204861111111111
15 0.22589699074074074 0.21218750000000003 0.04538194444444441 0.10875000000000004
11 0.36072337962962964 0.6748611111111111 0.04293981481481479 0.07902777777777778
13 0.49098958333333337 0.6582118055555556 0.0415162037037037 0.08368055555555572
2 0.2592361111111111 0.6436805555555555 0.06125000000000007 0.16999999999999993
7 0.29835648148148153 0.6953645833333333 0.04072916666666675 0.05711805555555571
4 0.5534259259259259 0.6353645833333333 0.042164351851851835 0.10555555555555554
0 0.3944097222222222 0.6724826388888889 0.04597222222222221 0.07597222222222229
3 0.5160127314814815 0.3413715277777778 0.020868055555555643 0.019201388888888893