9 0.69765625 0.42864004629629626 0.1713541666666666 0.39170138888888884
1 0.5198437499999999 0.3877488425925926 0.09770833333333329 0.22405092592592588
5 0.41500000000000004 0.39790509259259255 0.08645833333333322 0.19585648148148146
14 0.4421875 0.8526157407407406 0.06583333333333333 0.1207407407407409
16 0.6000520833333333 0.4301446759259259 0.14489583333333336 0.3462152777777778
12 0.786875 0.4537731481481481 0.22510416666666658 0.4717476851851853
6 0.4504687499999999 0.4023321759259259 0.09947916666666679 0.22718749999999996
15 0.40848958333333335 0.8630266203703705 0.06572916666666676 0.1191782407407409
2 0.24921875 0.4319618055555555 0.08364583333333328 0.17709490740740746
10 0.3198958333333334 0.42518518518518517 0.09479166666666661 0.20372685185185196
13 0.4643229166666666 0.328755787037037 0.05406249999999986 0.08473379629629622
7 0.26401041666666664 0.36072337962962964 0.04281249999999996 0.0565393518518519
0 0.36557291666666664 0.3482465277777778 0.05218749999999996 0.08003472222222215
4 0.53203125 0.3243460648148148 0.06062499999999993 0.11289351851851848
8 0.5984895833333332 0.3011863425925926 0.058229166666666644 0.1003819444444444
3 0.6256770833333333 0.6269270833333334 0.02979166666666657 0.025208333333333322
11 0.33276041666666667 0.36021412037037037 0.05427083333333336 0.08785879629629631