9 0.45470486111111114 0.3077835648148148 0.4227430555555555 0.13428240740740732
4 0.37078125 0.4584837962962963 0.17475694444444442 0.06965277777777779
1 0.3746875 0.49391782407407414 0.16833333333333336 0.06146990740740747
12 0.4840277777777778 0.2203414351851852 0.5035069444444444 0.18744212962962958
8 0.34500000000000003 0.386550925925926 0.13232638888888887 0.05621527777777775
11 0.36038194444444444 0.6800347222222223 0.09784722222222228 0.04949074074074069
0 0.3737673611111111 0.6409317129629629 0.12607638888888886 0.05584490740740744
10 0.5038194444444445 0.7026157407407407 0.36902777777777784 0.10457175925925917
7 0.3517534722222222 0.7514930555555555 0.06336805555555554 0.042766203703703806
6 0.3808506944444444 0.568599537037037 0.1668055555555555 0.06293981481481481
13 0.34482638888888884 0.5351736111111111 0.10093750000000004 0.048113425925926025
16 0.4374479166666667 0.41549768518518515 0.31104166666666655 0.09333333333333335
14 0.8509548611111111 0.6762499999999999 0.12753472222222229 0.05124999999999993
15 0.8533854166666666 0.7076851851851852 0.11347222222222228 0.050416666666666644
2 0.43015625 0.7788252314814814 0.20451388888888894 0.07453703703703703
3 0.6473090277777778 0.4412326388888889 0.019201388888888893 0.021423611111111285
5 0.496875 0.5926851851851852 0.3893750000000001 0.10733796296296312