14 0.8687152777777779 0.6368344907407407 0.11627314814814796 0.044606481481481455
9 0.48585648148148153 0.31450231481481483 0.3843171296296296 0.1043981481481481
7 0.3785821759259259 0.7191319444444444 0.05050925925925931 0.03474537037037031
4 0.38479166666666664 0.4528009259259259 0.14444444444444446 0.047939814814814775
0 0.3763078703703704 0.6183449074074074 0.07555555555555556 0.03805555555555564
12 0.5182002314814815 0.2303761574074074 0.46469907407407407 0.1518634259259259
1 0.40475115740740736 0.4818518518518518 0.1695138888888888 0.05281249999999993
2 0.4414178240740741 0.7422511574074073 0.16795138888888878 0.05280092592592602
15 0.8723726851851851 0.6727951388888889 0.11002314814814795 0.04456018518518512
6 0.4135474537037037 0.5483159722222222 0.1710763888888888 0.05282407407407401
5 0.382818287037037 0.5832407407407407 0.09591435185185179 0.041331018518518545
13 0.3670486111111111 0.520630787037037 0.08180555555555565 0.038101851851851797
11 0.3822395833333333 0.6496354166666667 0.0787037037037038 0.03964120370370381
8 0.34873263888888884 0.3916030092592592 0.0849768518518518 0.04124999999999997
10 0.5059432870370371 0.6685185185185185 0.31046296296296294 0.07572916666666671
16 0.42097800925925927 0.4171354166666667 0.2290046296296296 0.06106481481481474
3 0.6662789351851852 0.41817129629629635 0.015879629629629653 0.017303240740740834