5 0.4046875 0.60859375 0.2 0.03125
0 0.33828125 0.64609375 0.0765625 0.03125
9 0.5125 0.3265625 0.4171875 0.0546875
6 0.40078125 0.571875 0.190625 0.03125
4 0.37890625 0.46328125 0.1546875 0.0296875
10 0.43515625 0.7125 0.271875 0.034375
12 0.55078125 0.24140625 0.4953125 0.09375
14 0.8640625 0.72890625 0.11875 0.03125
11 0.38828125 0.678125 0.165625 0.03125
8 0.38359375 0.39140625 0.1671875 0.0359375
16 0.45859375 0.4296875 0.3140625 0.03125
13 0.34609375 0.53828125 0.090625 0.028125
1 0.40078125 0.49765625 0.190625 0.03125
15 0.8625 0.7671875 0.1171875 0.028125
2 0.390625 0.78828125 0.1828125 0.0328125
7 0.32734375 0.753125 0.0546875 0.0296875
3 0.68984375 0.46640625 0.0203125 0.0234375