9 0.3740104166666667 0.54765625 0.10697916666666671 0.3859375
12 0.29281250000000003 0.51328125 0.1494791666666667 0.4609375
14 0.7038541666666667 0.1984375 0.048229166666666504 0.1140625
2 0.8109895833333333 0.63359375 0.0502083333333335 0.1671875
16 0.47078124999999993 0.59296875 0.07510416666666657 0.2828125
1 0.5417708333333333 0.63828125 0.05291666666666668 0.184375
4 0.5129166666666667 0.6625 0.0453125 0.140625
11 0.7158854166666666 0.68359375 0.03645833333333322 0.078125
6 0.60875 0.63515625 0.05593749999999993 0.1828125
15 0.7381249999999999 0.196875 0.04645833333333336 0.1109375
8 0.45041666666666663 0.69765625 0.03916666666666657 0.071875
0 0.6809375 0.68671875 0.03781250000000007 0.075
7 0.7821354166666666 0.69296875 0.03468750000000007 0.0515625
13 0.5847395833333333 0.68515625 0.03979166666666671 0.08125
10 0.73328125 0.56953125 0.071875 0.3046875
5 0.6482291666666666 0.6765625 0.04072916666666657 0.0953125
3 0.4822916666666666 0.37890625 0.02312499999999993 0.01875