9 0.3416956018518519 0.4435590277777778 0.1260416666666667 0.4102777777777778
12 0.25254629629629627 0.4854166666666667 0.17638888888888893 0.5050694444444443
16 0.44441550925925927 0.4303298611111111 0.09589120370370363 0.3549652777777778
4 0.4884837962962963 0.33239583333333333 0.055613425925925955 0.1526736111111111
15 0.7358796296296297 0.8476388888888889 0.05289351851851851 0.12138888888888885
8 0.41559606481481487 0.32776041666666667 0.059085648148148096 0.1621180555555556
1 0.5175347222222222 0.37788194444444445 0.07112268518518512 0.23420138888888892
10 0.7227719907407407 0.4515104166666667 0.09189814814814809 0.3314583333333333
14 0.6958622685185185 0.8438368055555555 0.05138888888888893 0.12291666666666679
5 0.6258391203703704 0.36765624999999996 0.061574074074074045 0.18715277777777778
2 0.8024016203703704 0.38484375000000004 0.06452546296296298 0.18253472222222217
11 0.6987268518518519 0.3511805555555555 0.05515046296296298 0.1401736111111111
7 0.7734375 0.32059027777777777 0.03952546296296298 0.05552083333333337
13 0.562673611111111 0.3088541666666667 0.042303240740740836 0.08836805555555553
6 0.5899016203703704 0.3895659722222222 0.07285879629629619 0.2389236111111111
0 0.666261574074074 0.31906249999999997 0.045196759259259166 0.08218750000000004
3 0.4574652777777778 0.6348958333333333 0.01938657407407405 0.017604166666666643