5 0.5040104166666667 0.6006423611111111 0.05020833333333332 0.21486111111111122
9 0.7613020833333334 0.5166840277777778 0.09906249999999979 0.3860069444444445
6 0.5418229166666666 0.62796875 0.04677083333333343 0.1632986111111112
16 0.6704166666666667 0.5734722222222223 0.059375 0.2821527777777778
10 0.4056770833333333 0.59265625 0.05614583333333343 0.23371527777777779
12 0.8385416666666666 0.4781944444444444 0.13114583333333343 0.4694097222222222
11 0.44270833333333337 0.6317361111111112 0.043020833333333286 0.1538541666666667
1 0.60515625 0.62734375 0.04677083333333343 0.16329861111111105
2 0.3421354166666667 0.6253645833333333 0.04572916666666664 0.1710763888888888
13 0.5741145833333333 0.6663715277777778 0.03687500000000003 0.08506944444444446
15 0.33786458333333336 0.1857465277777778 0.03718749999999993 0.11315972222222222
7 0.37640625 0.68171875 0.03312499999999998 0.05222222222222221
4 0.6404166666666666 0.6398611111111111 0.040625 0.14131944444444447
14 0.37312500000000004 0.18652777777777776 0.03895833333333325 0.11631944444444446
8 0.7078125 0.6767013888888889 0.03562499999999993 0.06631944444444446
0 0.4749479166666667 0.6693576388888889 0.036250000000000074 0.07569444444444429
3 0.6229166666666666 0.35388888888888886 0.021354166666666785 0.016076388888888894