9 0.4921875 0.27734375 0.4171875 0.0515625
4 0.390625 0.4203125 0.1703125 0.0359375
1 0.390625 0.45546875 0.1640625 0.0296875
12 0.53125 0.19296875 0.4921875 0.090625
8 0.3734375 0.346875 0.128125 0.03125
11 0.35390625 0.6390625 0.09375 0.03125
0 0.371875 0.60078125 0.121875 0.03125
10 0.49453125 0.67265625 0.3671875 0.03125
7 0.3375 0.709375 0.059375 0.03125
6 0.3875 0.5296875 0.1625 0.03125
13 0.35546875 0.49375 0.096875 0.0296875
16 0.46171875 0.3828125 0.3078125 0.0328125
14 0.84375 0.67421875 0.1234375 0.0265625
15 0.84296875 0.70625 0.109375 0.028125
2 0.4125 0.7421875 0.2 0.034375
3 0.66796875 0.425 0.015625 0.01875
5 0.50078125 0.56328125 0.3875 0.03125