9 0.44671874999999994 0.3678414351851852 0.37041666666666656 0.08270833333333343
12 0.49520833333333336 0.2980439814814815 0.3604166666666666 0.11983796296296294
6 0.3203645833333334 0.5723206018518519 0.13687500000000002 0.04148148148148145
5 0.3236979166666667 0.6045138888888889 0.14937500000000004 0.041851851851851765
11 0.28375000000000006 0.663605324074074 0.08666666666666671 0.03687500000000003
7 0.2601041666666667 0.7247453703703703 0.05666666666666664 0.031307870370370236
16 0.4078645833333333 0.457494212962963 0.27979166666666655 0.056631944444444395
2 0.3186979166666667 0.761707175925926 0.18875000000000003 0.0476967592592592
8 0.3632291666666666 0.422511574074074 0.16989583333333336 0.04557870370370374
0 0.285 0.6331134259259259 0.07874999999999996 0.035081018518518546
10 0.35802083333333334 0.7002488425925926 0.23729166666666668 0.050694444444444466
13 0.30515625 0.5421238425925926 0.09760416666666671 0.03719907407407419
14 0.7060416666666667 0.740306712962963 0.1192708333333334 0.03472222222222214
4 0.32177083333333334 0.4807754629629629 0.11635416666666672 0.03775462962962965
15 0.7036979166666667 0.7637210648148148 0.10510416666666664 0.0327430555555555
1 0.31505208333333334 0.5111053240740742 0.11218749999999993 0.04542824074074083
3 0.5861458333333334 0.5073958333333334 0.02385416666666664 0.030335648148148132