9 0.4764756944444445 0.3086979166666667 0.4160069444444444 0.18531250000000005
5 0.6552430555555555 0.5601041666666667 0.18284722222222224 0.08395833333333336
1 0.6613368055555556 0.4481770833333333 0.12170138888888893 0.07052083333333332
12 0.4060416666666667 0.22833333333333333 0.5190972222222221 0.26083333333333336
2 0.7019444444444444 0.7309375 0.17972222222222206 0.08375000000000003
15 0.25645833333333334 0.7987500000000001 0.12003472222222218 0.06572916666666657
11 0.7212326388888889 0.6159895833333333 0.08545138888888885 0.05406249999999986
13 0.6854861111111111 0.4817708333333333 0.09177083333333336 0.05760416666666668
0 0.7158159722222222 0.5828645833333332 0.07763888888888885 0.05354166666666664
10 0.6296701388888889 0.6730729166666667 0.2991666666666667 0.12291666666666679
16 0.5322916666666666 0.3982291666666667 0.34631944444444435 0.13854166666666662
7 0.7540277777777777 0.6876041666666667 0.05711805555555553 0.04281249999999996
14 0.24543402777777779 0.7590104166666667 0.12156250000000002 0.06427083333333332
6 0.6420486111111111 0.5280208333333334 0.20024305555555558 0.09447916666666671
3 0.34130208333333334 0.47442708333333333 0.03208333333333328 0.039583333333333394
8 0.651875 0.3383333333333333 0.0839236111111111 0.05552083333333337
4 0.6527604166666666 0.41328125 0.11697916666666668 0.06864583333333325