10 0.72328125 0.6555671296296296 0.07354166666666657 0.2133796296296296
9 0.3321875 0.5135590277777777 0.13635416666666664 0.4297222222222222
5 0.6149479166666667 0.6493518518518518 0.0703125 0.2117708333333333
12 0.24609375 0.4538368055555555 0.1916666666666667 0.5335648148148149
6 0.5773958333333333 0.6491261574074074 0.06968749999999986 0.20239583333333327
14 0.7573437500000001 0.19288773148148147 0.055208333333333214 0.12569444444444447
16 0.43390625000000005 0.6199710648148148 0.07624999999999993 0.2305902777777778
1 0.5051041666666667 0.6439409722222222 0.06937499999999996 0.1977083333333333
15 0.7934895833333334 0.19548032407407406 0.05479166666666657 0.11944444444444446
2 0.7989583333333334 0.6763425925925926 0.06572916666666657 0.18984953703703694
11 0.6864583333333333 0.7132002314814814 0.04645833333333336 0.08810185185185197
4 0.46515625000000005 0.6781597222222222 0.051875000000000074 0.12252314814814813
13 0.5370833333333334 0.7013368055555556 0.046666666666666676 0.0912268518518518
8 0.3890625 0.6745949074074075 0.052291666666666715 0.1053587962962963
0 0.6483854166666667 0.7168923611111111 0.045937500000000145 0.08028935185185197
7 0.7561979166666667 0.738755787037037 0.041458333333333285 0.05993055555555564
3 0.4828125 0.34475694444444444 0.02489583333333325 0.022222222222222233