9 0.2531076388888889 0.5264988425925926 0.14340277777777777 0.42146990740740725
5 0.5137499999999999 0.38998263888888884 0.06593750000000007 0.1862384259259259
1 0.4036458333333333 0.36465856481481485 0.05847222222222222 0.12346064814814817
12 0.16911458333333335 0.5834027777777778 0.20878472222222225 0.5250810185185186
2 0.6860937500000001 0.3719965277777778 0.06423611111111108 0.18302083333333333
15 0.7236979166666666 0.8301099537037036 0.05364583333333321 0.12005787037037052
11 0.5734895833333333 0.3324247685185185 0.04586805555555564 0.08531250000000004
13 0.43814236111111116 0.34633680555555557 0.04770833333333328 0.09165509259259252
0 0.5405729166666667 0.3328240740740741 0.045590277777777646 0.07906250000000004
10 0.6238020833333333 0.4341030092592593 0.09145833333333328 0.30462962962962975
16 0.34578125000000004 0.48577546296296303 0.10135416666666668 0.35196759259259275
7 0.6464409722222222 0.3124652777777778 0.03836805555555554 0.056817129629629634
14 0.6843576388888889 0.8340451388888889 0.05222222222222221 0.12309027777777785
6 0.4813020833333333 0.3974594907407408 0.07288194444444436 0.2022337962962963
3 0.40798611111111105 0.6899884259259259 0.03718749999999993 0.030254629629629548
8 0.29359375 0.355787037037037 0.04743055555555555 0.08540509259259252
4 0.36828125 0.3672627314814815 0.05670138888888889 0.1186805555555556