5 0.5294618055555556 0.6349305555555556 0.0843055555555555 0.21135416666666665
14 0.7581076388888889 0.19074652777777779 0.06381944444444443 0.13239583333333335
9 0.27164930555555555 0.47043402777777776 0.16402777777777774 0.42718749999999994
0 0.5489409722222222 0.7021006944444445 0.05024305555555557 0.08340277777777771
16 0.35442708333333334 0.5707638888888888 0.10593750000000002 0.27163194444444444
12 0.2012326388888889 0.39848958333333334 0.23687500000000003 0.544375
8 0.31407986111111114 0.5850694444444444 0.09569444444444439 0.2321527777777778
1 0.42696180555555563 0.5972569444444444 0.09767361111111121 0.25097222222222226
15 0.7973958333333334 0.19916666666666666 0.06374999999999993 0.12927083333333336
10 0.6328819444444445 0.6788194444444444 0.07725694444444446 0.175138888888889
13 0.44600694444444444 0.6800868055555556 0.05204861111111114 0.09440972222222221
6 0.5008333333333332 0.6135243055555556 0.09447916666666671 0.24770833333333328
2 0.7103125 0.6792881944444444 0.08236111111111111 0.19409722222222214
11 0.5858680555555555 0.70984375 0.051979166666666646 0.09128472222222221
4 0.37491319444444443 0.6480555555555556 0.062152777777777765 0.12763888888888886
7 0.6561111111111111 0.7387847222222221 0.04510416666666668 0.06288194444444457
3 0.4559201388888889 0.31678819444444445 0.025520833333333392 0.024548611111111108