14 0.70546875 0.16694444444444445 0.040625 0.12373842592592595
9 0.3328125 0.5462152777777778 0.078125 0.4224537037037036
5 0.61953125 0.6334953703703704 0.04375 0.208136574074074
15 0.74765625 0.16335069444444444 0.040625 0.1206134259259259
12 0.24453125 0.5018113425925926 0.1203125 0.5055787037037037
11 0.6921875 0.6629398148148148 0.040625 0.147175925925926
13 0.55390625 0.6994155092592592 0.0359375 0.09089120370370374
6 0.58125 0.6433680555555557 0.04375 0.19719907407407397
16 0.44140625 0.6407696759259259 0.0453125 0.21439814814814823
0 0.6609375 0.6986458333333333 0.0359375 0.07995370370370374
1 0.51171875 0.6467592592592593 0.04375 0.19719907407407417
2 0.80078125 0.6364004629629629 0.0421875 0.18625000000000008
8 0.40703125 0.7108275462962963 0.0359375 0.07995370370370374
7 0.77109375 0.7049305555555556 0.034375 0.056504629629629655
10 0.7203125 0.5733043981481482 0.0484375 0.3128587962962964
4 0.4765625 0.6871238425925925 0.0359375 0.12057870370370374
3 0.45859375 0.35652199074074076 0.0265625 0.023634259259259237