9 0.3437673611111111 0.49112847222222217 0.08562499999999992 0.38376157407407413
1 0.4912326388888889 0.38995949074074077 0.051284722222222356 0.20718750000000002
8 0.38875000000000004 0.357650462962963 0.04284722222222222 0.12253472222222221
5 0.5886805555555557 0.3794849537037037 0.0530555555555555 0.2119675925925925
6 0.5566493055555556 0.38138310185185187 0.052986111111111 0.21040509259259252
14 0.7425347222222223 0.7745543981481482 0.03930555555555557 0.11297453703703705
12 0.26776041666666667 0.5434143518518518 0.12652777777777774 0.46254629629629634
10 0.6857465277777777 0.3604166666666667 0.04902777777777771 0.19146990740740738
16 0.43211805555555555 0.45221064814814815 0.06572916666666676 0.3218055555555555
15 0.7776215277777778 0.7709085648148147 0.037534722222222074 0.1081944444444444
11 0.64890625 0.3069849537037037 0.03777777777777782 0.07859953703703706
13 0.5180381944444445 0.3233564814814815 0.03642361111111114 0.08319444444444439
2 0.7505729166666667 0.3385590277777778 0.04961805555555561 0.16968749999999994
7 0.7114930555555555 0.2876099537037037 0.03829861111111103 0.05525462962962964
4 0.4555902777777778 0.34585648148148146 0.03427083333333343 0.10488425925925923
0 0.6153124999999999 0.30897569444444445 0.0406944444444445 0.07409722222222222
3 0.48902777777777773 0.6399652777777778 0.021076388888888787 0.018391203703703774