9 0.6847048611111111 0.4656828703703704 0.08569444444444443 0.38481481481481483
14 0.29163194444444446 0.8040798611111111 0.041006944444444395 0.11592592592592581
5 0.43661458333333336 0.36552662037037037 0.04222222222222225 0.1783449074074074
15 0.25342013888888887 0.8045023148148148 0.04413194444444439 0.11608796296296298
2 0.27222222222222225 0.363917824074074 0.04649305555555561 0.16921296296296298
12 0.7606770833333334 0.5100694444444445 0.12204861111111107 0.4662037037037036
6 0.46685763888888887 0.38656250000000003 0.051979166666666646 0.22250000000000006
7 0.3091666666666667 0.30432291666666667 0.03354166666666671 0.053182870370370415
11 0.37633680555555554 0.3538425925925926 0.039687499999999966 0.1563888888888889
10 0.3361805555555556 0.3980150462962963 0.052743055555555605 0.23968749999999997
16 0.59703125 0.43905092592592593 0.056909722222222216 0.33343749999999994
8 0.6386284722222222 0.30984375000000003 0.0360069444444445 0.07357638888888882
1 0.5363194444444443 0.38451967592592595 0.048993055555555644 0.22546296296296298
13 0.5065972222222221 0.31668981481481484 0.03805555555555564 0.08459490740740741
0 0.40921874999999996 0.3155034722222222 0.03458333333333332 0.07662037037037042
4 0.5715625 0.328130787037037 0.03611111111111107 0.11099537037037041
3 0.5433159722222222 0.630462962962963 0.019513888888888786 0.018159722222222285