5 0.48201388888888885 0.3789236111111111 0.0438194444444445 0.21464120370370363
9 0.7381597222222223 0.475943287037037 0.08826388888888878 0.38711805555555545
6 0.5189756944444445 0.35414930555555557 0.04111111111111114 0.16305555555555545
16 0.6477083333333333 0.4147627314814815 0.0515625 0.2819212962962963
10 0.3836111111111111 0.3819444444444445 0.05048611111111114 0.2334837962962963
12 0.8156944444444445 0.5185590277777778 0.11819444444444435 0.4687847222222222
11 0.4203125 0.3454513888888889 0.03934027777777782 0.15365740740740738
1 0.5823611111111111 0.35789930555555555 0.04111111111111114 0.16305555555555565
2 0.3202951388888889 0.3461516203703704 0.041284722222222216 0.17086805555555556
13 0.5517534722222223 0.3169328703703703 0.03468750000000007 0.08486111111111114
15 0.3160069444444445 0.7862037037037037 0.03531250000000004 0.11298611111111115
7 0.35425347222222225 0.29172453703703705 0.03239583333333336 0.052025462962962975
4 0.6180555555555556 0.34642939814814816 0.0375 0.14113425925925932
14 0.35118055555555555 0.7864641203703704 0.035381944444444445 0.11611111111111114
8 0.68453125 0.3134027777777778 0.03427083333333343 0.06611111111111115
0 0.452326388888889 0.3090277777777778 0.03291666666666657 0.07546296296296298
3 0.6009548611111111 0.6319328703703704 0.022256944444444572 0.017511574074073978