14 0.81953125 0.70859375 0.1140625 0.028125
9 0.48125 0.328125 0.3890625 0.0515625
1 0.33203125 0.4875 0.0921875 0.0296875
0 0.31953125 0.62421875 0.0765625 0.03125
11 0.32578125 0.659375 0.078125 0.028125
8 0.32578125 0.3890625 0.078125 0.028125
12 0.521875 0.24765625 0.46875 0.0953125
6 0.33125 0.55703125 0.090625 0.028125
16 0.4328125 0.42421875 0.3 0.0328125
10 0.4 0.6921875 0.234375 0.034375
5 0.34375 0.5921875 0.1171875 0.028125
13 0.32421875 0.52265625 0.0796875 0.0265625
4 0.33828125 0.45546875 0.10625 0.028125
15 0.8171875 0.74296875 0.1109375 0.028125
7 0.30859375 0.7265625 0.0484375 0.028125
2 0.36875 0.7609375 0.171875 0.034375
3 0.646875 0.46015625 0.0171875 0.0203125