9 0.4859375 0.321875 0.365625 0.05
14 0.8046875 0.6765625 0.109375 0.028125
12 0.528125 0.2421875 0.4421875 0.0796875
15 0.8046875 0.71171875 0.10625 0.03125
2 0.384375 0.72734375 0.1578125 0.028125
13 0.3421875 0.50625 0.075 0.0265625
10 0.396875 0.66484375 0.1828125 0.03125
6 0.409375 0.5390625 0.209375 0.03125
16 0.46171875 0.41171875 0.31875 0.0359375
1 0.40703125 0.4734375 0.2078125 0.034375
8 0.35625 0.37578125 0.1046875 0.028125
7 0.328125 0.6984375 0.046875 0.0265625
5 0.38828125 0.56953125 0.1671875 0.0265625
0 0.3390625 0.6015625 0.06875 0.0296875
4 0.3546875 0.4421875 0.1046875 0.0265625
11 0.3421875 0.6328125 0.071875 0.0296875
3 0.6453125 0.44609375 0.0171875 0.01875