16 0.3671064814814815 0.40902777777777777 0.2811805555555555 0.09930555555555554
9 0.41833333333333333 0.293287037037037 0.42127314814814804 0.1543981481481481
13 0.2936400462962963 0.5326099537037037 0.09453703703703704 0.0487268518518519
1 0.3461111111111111 0.4831018518518519 0.21795138888888888 0.08292824074074083
12 0.45098379629629626 0.18993055555555555 0.5094560185185186 0.23096064814814815
11 0.31369212962962967 0.6722222222222223 0.08672453703703704 0.0484375
0 0.3054398148148148 0.6358796296296296 0.08351851851851855 0.04675925925925917
2 0.375318287037037 0.7619502314814814 0.18317129629629642 0.07384259259259256
10 0.393431712962963 0.6833043981481481 0.23850694444444437 0.08836805555555571
8 0.3210300925925926 0.38032407407407404 0.1958333333333333 0.07743055555555553
15 0.8406886574074074 0.6293113425925926 0.11994212962962969 0.05746527777777786
7 0.31243055555555554 0.7416666666666666 0.059837962962962975 0.04120370370370381
6 0.33905671296296297 0.5589988425925926 0.1752777777777778 0.07199074074074083
3 0.6187384259259259 0.3833333333333333 0.023090277777777855 0.02424768518518512
5 0.31679976851851854 0.5972511574074074 0.1230671296296296 0.05758101851851851
4 0.29506365740740736 0.46004050925925927 0.11986111111111111 0.05590277777777786
14 0.8291087962962964 0.5969907407407408 0.1247106481481481 0.05920138888888893