5 0.6267766203703704 0.3930092592592592 0.0793171296296297 0.19898148148148148
6 0.5936458333333333 0.37713541666666667 0.07586805555555554 0.1880208333333334
9 0.3327893518518518 0.4252141203703704 0.15739583333333335 0.40888888888888886
11 0.7084722222222222 0.3521990740740741 0.047812500000000036 0.08471064814814815
12 0.23825231481481485 0.451082175925926 0.2147222222222222 0.4983564814814816
2 0.8008738425925926 0.42477430555555556 0.07559027777777771 0.1786458333333334
8 0.43428819444444444 0.29625 0.05466435185185183 0.1050694444444444
10 0.724380787037037 0.4218634259259259 0.08092592592592603 0.20055555555555565
1 0.5261863425925926 0.35944444444444446 0.07747685185185187 0.1895949074074074
0 0.6783275462962963 0.34103587962962967 0.04762731481481488 0.07846064814814815
7 0.7841377314814816 0.35666666666666663 0.04072916666666657 0.0565393518518519
15 0.6593460648148148 0.8761689814814815 0.06293981481481481 0.12075231481481481
16 0.45851851851851855 0.34878472222222223 0.07922453703703702 0.19585648148148138
13 0.5758043981481482 0.3199594907407407 0.04956018518518519 0.09097222222222223
4 0.4992881944444444 0.3178298611111111 0.054895833333333324 0.1128819444444444
14 0.6221701388888888 0.8649537037037037 0.05995370370370381 0.12541666666666665
3 0.4149363425925926 0.6328993055555555 0.025694444444444464 0.023622685185185156