9 0.5238020833333333 0.33477430555555554 0.390625 0.14909722222222221
13 0.32255208333333335 0.4781770833333333 0.08416666666666668 0.04555555555555557
14 0.7275520833333333 0.7876215277777778 0.12416666666666672 0.06048611111111093
12 0.5913541666666667 0.27211805555555557 0.4770833333333332 0.20562500000000003
6 0.33630208333333333 0.5183854166666666 0.13510416666666672 0.06072916666666668
5 0.3242708333333334 0.5462847222222222 0.12406249999999996 0.05892361111111111
0 0.2880208333333333 0.5736458333333333 0.07791666666666668 0.04541666666666657
11 0.3140625 0.6172569444444445 0.15739583333333335 0.06746527777777764
15 0.7190625 0.821076388888889 0.12270833333333328 0.062013888888888855
1 0.35635416666666664 0.4523263888888889 0.13354166666666673 0.060694444444444426
4 0.3593229166666667 0.41953125 0.10958333333333332 0.05236111111111104
8 0.38536458333333334 0.35751736111111115 0.12562499999999996 0.058958333333333356
7 0.248125 0.6674305555555555 0.05572916666666661 0.04024305555555561
10 0.34109375000000003 0.6577604166666667 0.2273958333333333 0.08774305555555557
2 0.29281250000000003 0.7130208333333333 0.175 0.07409722222222222
16 0.43057291666666664 0.40703125 0.2494791666666666 0.09135416666666671
3 0.6432291666666667 0.5032986111111111 0.02010416666666668 0.020729166666666642