9 0.475 0.29487847222222224 0.37368055555555557 0.07746527777777779
13 0.31884837962962964 0.48282986111111115 0.08052083333333329 0.03166666666666664
14 0.7748495370370371 0.6552777777777777 0.11337962962962962 0.03468750000000007
16 0.3872511574074074 0.38616319444444447 0.21347222222222229 0.0422569444444445
0 0.3074537037037037 0.5777430555555555 0.07123842592592596 0.034375
12 0.5193634259259259 0.2195659722222222 0.4497916666666667 0.1182986111111111
8 0.3281597222222222 0.35289930555555554 0.08378472222222229 0.036493055555555556
1 0.3315625 0.4487152777777778 0.10092592592592595 0.03569444444444443
10 0.38046296296296295 0.6415972222222223 0.2292361111111111 0.047638888888888786
6 0.3272511574074074 0.5152256944444444 0.09927083333333328 0.03249999999999993
4 0.33012152777777776 0.4183506944444444 0.10239583333333328 0.032638888888888926
15 0.7737847222222222 0.6912152777777777 0.11030092592592596 0.03611111111111107
5 0.3317708333333333 0.5470138888888889 0.11190972222222229 0.03774305555555557
2 0.346556712962963 0.7063020833333333 0.16342592592592595 0.03847222222222228
11 0.3088020833333333 0.6112326388888889 0.07280092592592595 0.0344444444444445
7 0.29127893518518516 0.6759895833333334 0.049270833333333285 0.030277777777777716
3 0.628900462962963 0.41989583333333336 0.014571759259259309 0.01781250000000014