1 0.4820833333333333 0.5970486111111111 0.041458333333333285 0.10777777777777793
9 0.32984375000000005 0.4854166666666666 0.09312500000000004 0.392048611111111
5 0.5834895833333333 0.5481423611111111 0.04354166666666668 0.18576388888888892
15 0.7626041666666666 0.128125 0.036979166666666605 0.11069444444444443
14 0.725 0.13135416666666666 0.038854166666666676 0.11545138888888888
12 0.2541145833333333 0.4412673611111111 0.1375 0.47347222222222224
16 0.4175520833333334 0.5368229166666667 0.04906249999999997 0.22184027777777776
8 0.38114583333333335 0.5921875 0.03916666666666675 0.12013888888888893
13 0.5135416666666666 0.60421875 0.035104166666666714 0.08256944444444443
2 0.7515625 0.5507986111111112 0.04239583333333332 0.16857638888888893
6 0.5473958333333333 0.5637673611111111 0.04239583333333332 0.16857638888888893
10 0.6821354166666667 0.5640104166666667 0.04281249999999996 0.15145833333333342
7 0.7139583333333334 0.6124479166666668 0.03291666666666675 0.04975694444444443
0 0.6140104166666667 0.6044270833333334 0.03270833333333343 0.06999999999999992
11 0.646875 0.6021875 0.03468750000000007 0.07631944444444443
4 0.44791666666666663 0.5954513888888889 0.036666666666666715 0.10600694444444443
3 0.47000000000000003 0.3109375 0.021458333333333357 0.018090277777777785