5 0.39207175925925924 0.669369212962963 0.07141203703703702 0.20033564814814825
6 0.42876157407407406 0.671238425925926 0.06788194444444447 0.18930555555555556
9 0.6537326388888889 0.5308680555555556 0.14016203703703703 0.4130787037037038
11 0.3316840277777778 0.7371874999999999 0.04525462962962958 0.08406249999999993
12 0.7325520833333333 0.4721990740740741 0.19340277777777767 0.5020601851851852
2 0.21793981481481478 0.7040972222222222 0.06753472222222223 0.17993055555555557
8 0.6088252314814815 0.6875231481481482 0.050694444444444466 0.10451388888888893
10 0.2900752314814815 0.6780787037037037 0.07309027777777777 0.20350694444444456
1 0.4986689814814815 0.6631423611111111 0.07112268518518512 0.19252314814814825
0 0.36377314814814815 0.736574074074074 0.04508101851851851 0.07937499999999993
7 0.2596354166666667 0.7608622685185186 0.03802083333333339 0.05731481481481495
15 0.1758101851851852 0.23671296296296296 0.05914351851851851 0.12193287037037041
16 0.5664930555555555 0.6479456018518519 0.07135416666666679 0.19877314814814823
13 0.4677372685185185 0.7169733796296296 0.045486111111111074 0.09031249999999993
4 0.5398726851851852 0.6909548611111112 0.051041666666666784 0.11388888888888893
14 0.2150752314814815 0.23240162037037035 0.054629629629629584 0.1264814814814815
3 0.49701967592592594 0.3698032407407407 0.02581018518518512 0.022615740740740707