9 0.45078125 0.26953125 0.41875 0.0640625
6 0.3328125 0.51015625 0.1140625 0.028125
12 0.5015625 0.18046875 0.4921875 0.103125
1 0.3296875 0.4375 0.1140625 0.03125
4 0.328125 0.40078125 0.1109375 0.028125
8 0.34765625 0.33046875 0.1484375 0.03125
15 0.7921875 0.71015625 0.1171875 0.028125
14 0.79296875 0.67109375 0.11875 0.028125
16 0.3890625 0.36640625 0.23125 0.03125
0 0.31015625 0.57421875 0.0703125 0.028125
7 0.296875 0.678125 0.05 0.028125
10 0.36796875 0.64765625 0.190625 0.0296875
13 0.31328125 0.4734375 0.0828125 0.028125
2 0.359375 0.71484375 0.1703125 0.028125
5 0.36328125 0.54296875 0.175 0.0296875
11 0.3140625 0.6078125 0.0765625 0.028125
3 0.6265625 0.4109375 0.0171875 0.0265625