4 0.6476041666666668 0.5202893518518519 0.14350694444444442 0.06042824074074069
9 0.5536111111111112 0.36939814814814814 0.37631944444444443 0.13245370370370377
12 0.526701388888889 0.2836458333333333 0.4697916666666666 0.19094907407407408
1 0.628732638888889 0.5501215277777778 0.1764930555555555 0.06848379629629626
10 0.5177083333333334 0.7228472222222222 0.3068750000000001 0.10069444444444446
14 0.1559201388888889 0.6520775462962962 0.11204861111111111 0.05082175925925938
5 0.6450694444444445 0.6523611111111112 0.09951388888888886 0.04916666666666671
13 0.6640277777777778 0.5912731481481481 0.08694444444444435 0.045949074074074045
15 0.1488888888888889 0.6872916666666666 0.11055555555555552 0.05393518518518512
7 0.6402604166666667 0.7875752314814815 0.05395833333333329 0.03789351851851848
11 0.6387152777777778 0.7180439814814814 0.08065972222222229 0.044340277777777715
0 0.6458506944444444 0.6875173611111111 0.07753472222222228 0.04431712962962955
6 0.6136979166666666 0.6119618055555556 0.17333333333333342 0.0668981481481481
16 0.5627951388888889 0.46622106481481485 0.32569444444444445 0.10395833333333329
8 0.6720138888888888 0.45837962962962964 0.11996527777777785 0.05556712962962962
3 0.3625 0.45442129629629624 0.027291666666666624 0.03300925925925924
2 0.5726388888888889 0.8037037037037038 0.1733680555555555 0.06846064814814809