14 0.8265625 0.71640625 0.11875 0.0296875
9 0.475 0.31796875 0.4078125 0.053125
12 0.52890625 0.23515625 0.4890625 0.0859375
16 0.42578125 0.415625 0.30625 0.0375
4 0.3265625 0.4484375 0.1109375 0.028125
10 0.36796875 0.69765625 0.2015625 0.03125
1 0.3609375 0.48203125 0.178125 0.03125
11 0.31171875 0.6640625 0.0859375 0.0296875
15 0.82578125 0.7546875 0.1140625 0.028125
8 0.334375 0.375 0.121875 0.03125
0 0.3078125 0.6265625 0.078125 0.0296875
13 0.3125 0.51953125 0.084375 0.028125
6 0.35859375 0.55625 0.1796875 0.03125
2 0.35703125 0.77421875 0.18125 0.0296875
7 0.29375 0.73359375 0.0546875 0.0296875
5 0.3203125 0.59296875 0.1 0.028125
3 0.6484375 0.45390625 0.0140625 0.0171875