1 0.3796875 0.52109375 0.10625 0.0328125
9 0.50078125 0.36328125 0.3875 0.0609375
5 0.421875 0.6203125 0.184375 0.028125
15 0.8328125 0.77890625 0.109375 0.028125
14 0.83203125 0.74140625 0.1140625 0.0296875
12 0.55 0.28515625 0.4671875 0.0984375
16 0.44375 0.45390625 0.2203125 0.03125
8 0.390625 0.4203125 0.11875 0.0296875
13 0.3703125 0.553125 0.08125 0.028125
2 0.409375 0.7890625 0.1671875 0.028125
6 0.40859375 0.58515625 0.1671875 0.028125
10 0.4 0.7203125 0.15 0.0296875
7 0.34921875 0.7546875 0.0484375 0.028125
0 0.3640625 0.65390625 0.06875 0.0265625
11 0.3640625 0.68671875 0.075 0.028125
4 0.3828125 0.48671875 0.1046875 0.028125
3 0.6671875 0.4953125 0.0171875 0.0203125