14 0.1826215277777778 0.701875 0.12464120370370373 0.043368055555555604
9 0.5536111111111112 0.3207291666666666 0.4241898148148149 0.0875
5 0.6472627314814815 0.6055555555555555 0.20910879629629625 0.0483680555555555
15 0.17996527777777777 0.7441493055555555 0.12151620370370368 0.04329861111111111
12 0.5072453703703703 0.23342013888888888 0.5082523148148148 0.13152777777777783
11 0.6783217592592592 0.6775694444444444 0.1480787037037036 0.043888888888888825
13 0.7117245370370371 0.5384548611111111 0.09168981481481478 0.037951388888888896
6 0.6562847222222222 0.5670486111111112 0.19817129629629626 0.04812499999999993
16 0.6505787037037037 0.42723958333333334 0.2154050925925926 0.0500694444444445
0 0.7133333333333333 0.6455208333333333 0.08075231481481496 0.03770833333333332
1 0.658130787037037 0.49743055555555554 0.19817129629629626 0.04812499999999993
2 0.6541956018518519 0.7867708333333334 0.18718749999999992 0.04631944444444454
8 0.7198726851851852 0.39130208333333333 0.08075231481481478 0.03770833333333332
7 0.7220659722222222 0.7555555555555555 0.05726851851851862 0.03562499999999993
10 0.5893113425925925 0.7076909722222222 0.31393518518518526 0.05538194444444446
4 0.6977141203703704 0.4613715277777778 0.12137731481481495 0.03861111111111111
3 0.36671296296296296 0.45074652777777774 0.024224537037036954 0.027083333333333216