9 0.6739120370370371 0.5083101851851852 0.13216435185185188 0.41019675925925936
5 0.42245949074074074 0.383744212962963 0.07268518518518512 0.2270138888888889
15 0.18708912037037034 0.7930960648148149 0.05311342592592592 0.12065972222222232
12 0.745792824074074 0.5690219907407407 0.18662037037037038 0.4965046296296297
14 0.22043981481481484 0.7980324074074074 0.05155092592592592 0.12064814814814824
10 0.3198900462962963 0.35719328703703707 0.07138888888888886 0.20201388888888888
7 0.2981597222222222 0.2788773148148148 0.038854166666666676 0.056516203703703735
1 0.5257986111111111 0.3954513888888889 0.07260416666666672 0.22545138888888888
6 0.45519097222222216 0.38554976851851847 0.07581018518518512 0.22703703703703706
8 0.6399594907407408 0.36425347222222226 0.05351851851851848 0.12847222222222224
0 0.4029918981481481 0.30700810185185184 0.04631944444444454 0.08000000000000007
2 0.251412037037037 0.3363657407407407 0.06400462962962958 0.18009259259259255
13 0.5030034722222222 0.3225983796296296 0.0436805555555555 0.08935185185185182
11 0.3633101851851852 0.303587962962963 0.044918981481481525 0.083113425925926
16 0.5794791666666667 0.47556712962962966 0.10662037037037031 0.36939814814814814
4 0.5696354166666666 0.34888310185185184 0.049583333333333354 0.11282407407407416
3 0.5063946759259259 0.6641608796296297 0.021284722222222285 0.018900462962962904