5 0.6577604166666667 0.6003472222222223 0.1999305555555555 0.057395833333333354
9 0.5684837962962963 0.32203125000000005 0.4135532407407407 0.10895833333333335
2 0.658755787037037 0.775625 0.18265046296296283 0.055324074074074046
12 0.5287847222222222 0.23320601851851852 0.4960185185185185 0.15819444444444447
6 0.6454282407407407 0.5639293981481481 0.23605324074074083 0.06158564814814813
4 0.7076099537037037 0.46425925925925926 0.11646990740740737 0.04400462962962966
10 0.63 0.6997800925925926 0.251863425925926 0.06517361111111111
15 0.19369791666666666 0.7197511574074074 0.12759259259259262 0.04745370370370363
7 0.7244155092592592 0.7478530092592592 0.05819444444444457 0.034479166666666575
8 0.7309722222222221 0.3962615740740741 0.08043981481481488 0.04137731481481479
13 0.7197280092592593 0.5366840277777778 0.08806712962962955 0.03848379629629619
16 0.5806134259259259 0.4210648148148149 0.3712615740740741 0.07962962962962976
1 0.7035358796296296 0.5011631944444443 0.1198726851851852 0.048784722222222146
0 0.7195428240740741 0.6392129629629629 0.07878472222222221 0.03976851851851855
11 0.672957175925926 0.6718981481481482 0.16371527777777786 0.05164351851851841
14 0.19841435185185183 0.6804803240740741 0.12446759259259262 0.047361111111111145
3 0.38526041666666666 0.43937500000000007 0.02170138888888893 0.024039351851851975