15 0.775943287037037 0.17650462962962962 0.043773148148148165 0.10835648148148147
5 0.6094155092592592 0.5771469907407407 0.054907407407407405 0.16821759259259253
11 0.6717592592592594 0.5950405092592593 0.05278935185185176 0.14938657407407413
9 0.372025462962963 0.4611342592592592 0.11087962962962958 0.37237268518518524
14 0.7468518518518519 0.1717534722222222 0.043773148148148165 0.10835648148148147
1 0.5224537037037036 0.520625 0.06999999999999992 0.2563657407407408
12 0.3007581018518518 0.4061458333333333 0.1589236111111111 0.46690972222222216
16 0.4618981481481481 0.4838599537037037 0.0881712962962963 0.343113425925926
8 0.419548611111111 0.5862094907407407 0.053888888888888785 0.1338425925925925
6 0.5811226851851852 0.5465335648148149 0.07385416666666664 0.22848379629629623
13 0.545613425925926 0.6156655092592592 0.038298611111111214 0.0815509259259258
0 0.6398726851851851 0.6279918981481482 0.03967592592592588 0.07538194444444439
10 0.7050462962962962 0.5565393518518518 0.06751157407407397 0.22503472222222226
7 0.7319733796296296 0.6466898148148148 0.037418981481481595 0.05186342592592581
4 0.48255787037037035 0.6001562500000001 0.0421180555555555 0.10515046296296297
2 0.7638773148148148 0.5879166666666666 0.06262731481481473 0.16549768518518526
3 0.5061168981481481 0.31255787037037036 0.02711805555555564 0.020127314814814844