9 0.6657002314814815 0.5089583333333334 0.11810185185185187 0.38312500000000005
15 0.3215914351851852 0.8910590277777779 0.05479166666666666 0.11486111111111086
2 0.23081597222222222 0.4552777777777777 0.06500000000000003 0.17152777777777786
12 0.751400462962963 0.5494618055555556 0.17100694444444428 0.4760416666666666
16 0.5626851851851852 0.45909722222222216 0.07546296296296298 0.2453819444444445
0 0.35247685185185185 0.3935416666666667 0.041736111111111106 0.07680555555555557
1 0.4971759259259259 0.4639930555555556 0.07858796296296297 0.24552083333333333
11 0.3205729166666667 0.4007118055555556 0.04490740740740744 0.08006944444444439
14 0.3558738425925926 0.8863368055555556 0.050150462962962904 0.11777777777777772
10 0.3005902777777778 0.47477430555555555 0.07520833333333332 0.2281944444444445
5 0.3953240740740741 0.43994791666666666 0.0651157407407407 0.17934027777777786
7 0.2533159722222222 0.39303819444444443 0.03674768518518512 0.05628472222222225
6 0.4213657407407407 0.4059722222222223 0.05168981481481474 0.11628472222222222
13 0.4499826388888889 0.38772569444444444 0.045046296296296265 0.0894444444444444
4 0.5187326388888889 0.39078124999999997 0.04844907407407408 0.10833333333333331
8 0.5910706018518519 0.42522569444444447 0.06700231481481485 0.20128472222222218
3 0.5676967592592593 0.6919791666666667 0.025324074074073978 0.022986111111111106