5 0.6359375 0.6493576388888889 0.08125 0.20361111111111113
9 0.3390625 0.5994444444444443 0.1609375 0.42746527777777776
12 0.24453125 0.5733680555555556 0.225 0.5209374999999999
2 0.809375 0.6203472222222223 0.0765625 0.18309027777777764
7 0.78984375 0.6905729166666668 0.0421875 0.059687500000000074
4 0.5078125 0.7171006944444445 0.0578125 0.11819444444444435
1 0.534375 0.67453125 0.0796875 0.19729166666666664
6 0.603125 0.6619618055555556 0.0796875 0.19729166666666664
8 0.43828125 0.7288541666666667 0.065625 0.1326041666666665
16 0.453125 0.6318576388888889 0.1125 0.31750000000000006
0 0.6875 0.7000868055555556 0.0515625 0.08822916666666672
14 0.634375 0.16803819444444446 0.0625 0.12934027777777776
13 0.58359375 0.7189062500000001 0.0515625 0.09291666666666672
10 0.721875 0.5727083333333333 0.1125 0.31281250000000005
15 0.6734375 0.15883680555555557 0.0625 0.12777777777777777
11 0.71875 0.6897569444444445 0.05 0.08659722222222221
3 0.42890625 0.40031250000000007 0.028125 0.027812499999999928