9 0.44125 0.4248263888888889 0.3544791666666667 0.14884259259259255
15 0.6325173611111111 0.8576099537037039 0.10847222222222222 0.053935185185185475
1 0.30234375 0.5394097222222223 0.13395833333333335 0.06579861111111107
5 0.2988194444444444 0.6363136574074074 0.18288194444444442 0.07853009259259273
12 0.5141666666666667 0.36883680555555554 0.46215277777777786 0.21990740740740744
14 0.6377083333333333 0.8288483796296295 0.11024305555555554 0.058680555555555715
7 0.1926388888888889 0.7364583333333334 0.053298611111111074 0.040972222222222146
4 0.31140625 0.5115740740740741 0.13701388888888885 0.06435185185185191
10 0.3206597222222222 0.7435474537037037 0.29520833333333324 0.11388888888888893
6 0.28401041666666665 0.5997685185185185 0.13232638888888887 0.06417824074074083
16 0.3669618055555556 0.49406828703703703 0.23357638888888896 0.09600694444444446
0 0.23328125000000002 0.649537037037037 0.07545138888888889 0.04803240740740744
11 0.2263888888888889 0.6813657407407407 0.08027777777777781 0.05133101851851851
13 0.27069444444444446 0.56484375 0.08944444444444448 0.04699074074074083
8 0.2997916666666667 0.4383680555555555 0.06586805555555557 0.04299768518518512
2 0.21196180555555558 0.7770833333333333 0.11500000000000003 0.060416666666666605
3 0.5675868055555556 0.5930555555555556 0.016458333333333287 0.01932870370370381