9 0.3055902777777778 0.5774016203703705 0.17839120370370373 0.4057291666666668
5 0.5874768518518518 0.6035011574074074 0.09927083333333328 0.22818287037037024
12 0.21396412037037038 0.5513020833333334 0.2382638888888889 0.49525462962962974
8 0.392349537037037 0.6988425925925925 0.0665972222222222 0.12407407407407404
15 0.6617592592592593 0.1427372685185185 0.06788194444444447 0.11944444444444446
16 0.4078819444444444 0.5952835648148149 0.1372685185185185 0.3168981481481481
10 0.6847337962962963 0.57421875 0.1058912037037036 0.23466435185185192
13 0.5310069444444444 0.6844039351851852 0.05537037037037038 0.09247685185185191
6 0.5552083333333333 0.61953125 0.09641203703703702 0.20625
14 0.6227835648148148 0.15303819444444444 0.06650462962962962 0.12251157407407409
11 0.6689351851851851 0.6558449074074074 0.05343750000000007 0.08616898148148149
0 0.636255787037037 0.6655960648148148 0.05315972222222225 0.08148148148148149
7 0.7392476851851851 0.658449074074074 0.04414351851851848 0.06087962962962976
2 0.7644155092592593 0.590480324074074 0.0887731481481481 0.18258101851851852
1 0.46975694444444444 0.5552951388888889 0.1446412037037037 0.36238425925925916
4 0.4604166666666667 0.6864872685185185 0.06291666666666665 0.1145833333333334
3 0.4051273148148148 0.3775173611111111 0.024548611111111108 0.019618055555555534