15 0.38351273148148146 0.13376157407407407 0.06596064814814814 0.1319212962962963
1 0.5212442129629629 0.6540914351851852 0.09740740740740747 0.25243055555555555
4 0.5470659722222223 0.7056655092592592 0.07111111111111121 0.1634490740740741
14 0.42317129629629624 0.1486226851851852 0.0659837962962964 0.1334837962962963
9 0.7187557870370371 0.6227893518518519 0.16560185185185183 0.4297569444444445
12 0.8113368055555557 0.6016898148148149 0.23730324074074077 0.5276736111111111
16 0.6085069444444444 0.6225115740740741 0.12866898148148137 0.36043981481481496
11 0.3301909722222222 0.671701388888889 0.052881944444444426 0.0921180555555555
2 0.2336689814814815 0.5893518518518519 0.08090277777777777 0.19212962962962976
5 0.4135937500000001 0.6367650462962964 0.0858680555555555 0.2111574074074074
13 0.4656076388888889 0.7149131944444445 0.05134259259259259 0.09358796296296283
0 0.3612210648148148 0.6883969907407408 0.05120370370370368 0.08421296296296302
6 0.45046296296296295 0.6287847222222223 0.09733796296296297 0.24774305555555554
8 0.6186979166666667 0.7263310185185186 0.0743518518518517 0.1714467592592591
7 0.24896412037037036 0.6653240740740741 0.046238425925925954 0.0651851851851852
10 0.3243113425925926 0.540769675925926 0.12535879629629623 0.3477546296296296
3 0.6312673611111111 0.4057002314814815 0.03005787037037031 0.02675925925925924