14 0.79375 0.728125 0.1125 0.0296875
4 0.35390625 0.46484375 0.1390625 0.03125
13 0.32265625 0.52890625 0.078125 0.0328125
9 0.47265625 0.34375 0.378125 0.0515625
15 0.7921875 0.765625 0.1109375 0.03125
12 0.525 0.2671875 0.4546875 0.09375
10 0.39609375 0.69375 0.2328125 0.034375
6 0.37421875 0.56328125 0.1890625 0.0359375
16 0.4375 0.4328125 0.303125 0.0375
5 0.3671875 0.5953125 0.171875 0.0328125
2 0.359375 0.7578125 0.1640625 0.034375
11 0.31953125 0.659375 0.075 0.028125
7 0.3046875 0.72265625 0.05 0.028125
3 0.63828125 0.47734375 0.0203125 0.028125
1 0.3578125 0.496875 0.1453125 0.03125
8 0.41015625 0.4 0.2515625 0.0375
0 0.33046875 0.62578125 0.0953125 0.028125