5 0.32421875 0.6375 0.1953125 0.034375
14 0.8 0.76484375 0.1234375 0.03125
11 0.30546875 0.70703125 0.1546875 0.0328125
9 0.434375 0.35234375 0.415625 0.0546875
1 0.34453125 0.53125 0.23125 0.03125
10 0.3578125 0.74609375 0.2640625 0.0375
0 0.28046875 0.6734375 0.109375 0.0296875
12 0.49453125 0.26640625 0.5171875 0.09375
15 0.7984375 0.80546875 0.11875 0.03125
8 0.35546875 0.42109375 0.25625 0.0375
6 0.340625 0.59765625 0.234375 0.0328125
7 0.253125 0.78125 0.0546875 0.0328125
2 0.3171875 0.81953125 0.184375 0.0328125
16 0.40625 0.45703125 0.353125 0.03125
13 0.26875 0.56484375 0.0859375 0.0296875
4 0.28203125 0.49375 0.1125 0.0296875
3 0.61796875 0.496875 0.01875 0.0203125