10 0.7133391203703704 0.36015625 0.04525462962962976 0.209375
9 0.31918402777777777 0.4546875 0.07986111111111108 0.4265625
5 0.605295138888889 0.35390625 0.04212962962962976 0.209375
12 0.23113425925925926 0.503125 0.12256944444444447 0.525
6 0.5676215277777777 0.34921875 0.04328703703703703 0.1984375
14 0.7314236111111111 0.82734375 0.03888888888888893 0.121875
16 0.4242766203703704 0.36015625 0.045949074074074045 0.228125
1 0.4956018518518519 0.3453125 0.04311342592592595 0.19375
15 0.7674189814814815 0.82890625 0.03865740740740744 0.115625
2 0.7894965277777779 0.34921875 0.04126157407407405 0.1859375
11 0.679050925925926 0.29921875 0.0359375 0.084375
4 0.4574363425925926 0.30625 0.035648148148148096 0.11875
13 0.530324074074074 0.29140625 0.034490740740740836 0.0875
8 0.38142361111111117 0.3 0.038136574074074045 0.1015625
0 0.6412326388888889 0.290625 0.035648148148148096 0.0765625
7 0.7495081018518519 0.28203125 0.034895833333333216 0.05625
3 0.46281828703703703 0.64140625 0.022569444444444465 0.01875