9 0.4828125 0.3390625 0.3734375 0.05
1 0.37421875 0.4953125 0.1625 0.03125
4 0.36484375 0.4625 0.1375 0.028125
12 0.53203125 0.2640625 0.45 0.084375
5 0.38046875 0.59375 0.171875 0.03125
6 0.37421875 0.559375 0.15625 0.03125
15 0.80625 0.74453125 0.10625 0.03125
13 0.33359375 0.52890625 0.0765625 0.0296875
14 0.80703125 0.7109375 0.109375 0.0296875
2 0.375 0.75703125 0.1640625 0.0328125
0 0.33046875 0.625 0.0734375 0.03125
16 0.43046875 0.4328125 0.271875 0.0296875
8 0.3734375 0.39765625 0.1546875 0.0296875
11 0.33125 0.65859375 0.075 0.028125
7 0.31796875 0.7234375 0.0484375 0.028125
10 0.44609375 0.690625 0.3046875 0.0328125
3 0.64609375 0.4703125 0.0171875 0.01875