5 0.40010416666666665 0.5736979166666667 0.20295138888888892 0.07743055555555553
14 0.867829861111111 0.5985243055555556 0.12461805555555543 0.062268518518518515
12 0.49097222222222225 0.19056712962962963 0.507048611111111 0.21383101851851852
9 0.4563715277777778 0.288599537037037 0.4104166666666666 0.1473958333333334
10 0.4413888888888889 0.6708043981481481 0.25 0.08871527777777785
8 0.32692708333333337 0.37957175925925923 0.12138888888888885 0.057349537037037025
0 0.34562499999999996 0.622337962962963 0.08218750000000004 0.04820601851851851
15 0.876423611111111 0.6331018518518519 0.11673611111111129 0.05856481481481488
6 0.38376736111111115 0.5428240740740741 0.18256944444444442 0.07280092592592595
11 0.3931423611111111 0.6477719907407407 0.16531250000000003 0.06840277777777785
13 0.33472222222222225 0.519068287037037 0.08840277777777779 0.047106481481481485
1 0.3408854166666667 0.4794849537037037 0.11826388888888886 0.05711805555555553
4 0.3323611111111111 0.44803240740740746 0.1151041666666667 0.055324074074074046
16 0.3884548611111111 0.4016203703703704 0.23899305555555558 0.08478009259259274
2 0.41967013888888893 0.7498842592592593 0.17944444444444443 0.07256944444444446
7 0.34951388888888885 0.7269097222222223 0.058645833333333286 0.04178240740740744
3 0.6533159722222222 0.3827835648148148 0.024097222222222214 0.03142361111111107