5 0.5855381944444444 0.3833854166666667 0.05134259259259259 0.1823611111111111
6 0.5535243055555557 0.3803298611111111 0.04973379629629626 0.17607638888888885
9 0.34867476851851853 0.5031423611111111 0.09652777777777777 0.3770833333333334
14 0.7529050925925926 0.7848263888888889 0.041458333333333285 0.11340277777777778
10 0.6795081018518518 0.35578125000000005 0.04800925925925927 0.1541666666666667
13 0.5163310185185186 0.3380902777777778 0.03966435185185198 0.08211805555555554
7 0.7064814814814815 0.3009027777777778 0.03318287037037031 0.050729166666666714
8 0.39262152777777776 0.3720659722222222 0.0430787037037037 0.12125000000000004
4 0.4544560185185185 0.3578125 0.039849537037036954 0.10711805555555554
2 0.7490451388888889 0.3565451388888889 0.049687499999999926 0.16982638888888896
15 0.7896354166666667 0.7840798611111112 0.03987268518518512 0.11024305555555536
12 0.2794965277777778 0.5594270833333332 0.14559027777777783 0.46253472222222225
1 0.492505787037037 0.38991319444444444 0.04815972222222218 0.17447916666666669
16 0.43267939814814815 0.44953125 0.06618055555555565 0.2873611111111112
11 0.6445949074074073 0.32218749999999996 0.03651620370370381 0.07892361111111104
0 0.6141030092592592 0.3246354166666666 0.034895833333333216 0.07107638888888897
3 0.49679976851851854 0.6541145833333333 0.026724537037037165 0.022465277777777716