9 0.3014293981481481 0.5475752314814815 0.09990740740740733 0.4100925925925926
5 0.5807002314814815 0.6058969907407408 0.05480324074074083 0.2269560185185185
15 0.6926273148148148 0.1567013888888889 0.044641203703703704 0.12063657407407406
12 0.21422453703703703 0.5070833333333333 0.14741898148148147 0.4963773148148148
14 0.6582291666666666 0.15957175925925926 0.0430787037037037 0.12062500000000002
10 0.6877314814814814 0.6066898148148148 0.0561805555555555 0.20196759259259256
7 0.7309606481481481 0.6773263888888889 0.03322916666666664 0.056493055555555574
1 0.4766840277777778 0.6199710648148148 0.05479166666666657 0.22539351851851847
6 0.5486168981481482 0.6126909722222222 0.057916666666666575 0.22541666666666665
8 0.3746932870370371 0.67703125 0.04313657407407412 0.12843750000000007
0 0.6215972222222221 0.6749537037037037 0.03965277777777772 0.07997685185185191
2 0.7603645833333333 0.6103530092592593 0.04975694444444443 0.1784837962962964
13 0.5199594907407408 0.6843576388888889 0.03815972222222221 0.08934027777777782
11 0.6607060185185185 0.6689930555555555 0.038113425925925884 0.08309027777777782
16 0.40137152777777774 0.5561284722222222 0.07773148148148153 0.36930555555555566
4 0.44814236111111116 0.6760127314814814 0.03988425925925938 0.11122685185185191
3 0.4192534722222222 0.35703125 0.020439814814814737 0.017337962962962992