9 0.5047569444444445 0.32241898148148146 0.39496527777777785 0.0966550925925926
1 0.40920138888888885 0.4716782407407408 0.2265740740740741 0.05479166666666657
5 0.3856712962962963 0.5738252314814816 0.19674768518518518 0.04988425925925917
14 0.8161516203703704 0.7355729166666667 0.12004629629629626 0.044629629629629616
16 0.47543402777777777 0.41358796296296296 0.3506597222222222 0.07758101851851862
12 0.5564872685185185 0.24938078703703703 0.4742476851851851 0.1362962962962963
6 0.40115162037037033 0.5426967592592593 0.22818287037037024 0.056365740740740834
15 0.8156539351851851 0.7714988425925926 0.11848379629629627 0.044618055555555536
2 0.36413194444444447 0.7431597222222222 0.17799768518518516 0.04974537037037034
10 0.38004050925925925 0.6737615740740741 0.2047453703703704 0.056192129629629585
13 0.3365972222222222 0.4992592592592592 0.0839236111111111 0.038113425925925884
7 0.30270254629629634 0.6997453703703703 0.055659722222222284 0.03321759259259256
0 0.32395833333333335 0.5999247685185185 0.0792361111111111 0.03807870370370381
4 0.35496527777777775 0.4337847222222223 0.11209490740740743 0.03988425925925938
8 0.3552025462962963 0.3627083333333333 0.09959490740740744 0.03979166666666671
3 0.6661631944444444 0.47123842592592596 0.022615740740740797 0.025162037037037167
11 0.32421875 0.6350752314814815 0.0870486111111111 0.038136574074074045