14 0.84453125 0.6875 0.1375 0.0296875
8 0.459375 0.36171875 0.30625 0.034375
4 0.390625 0.434375 0.171875 0.0328125
9 0.4921875 0.29921875 0.409375 0.0546875
11 0.35 0.64765625 0.09375 0.034375
12 0.5296875 0.21875 0.3921875 0.0953125
13 0.3546875 0.50390625 0.1 0.03125
2 0.4078125 0.75625 0.209375 0.034375
5 0.3875 0.5734375 0.165625 0.034375
7 0.33203125 0.71953125 0.0609375 0.03125
1 0.36484375 0.46640625 0.1125 0.03125
0 0.34921875 0.609375 0.0859375 0.03125
10 0.48828125 0.68125 0.371875 0.0328125
16 0.4609375 0.39921875 0.3171875 0.0390625
6 0.3796875 0.540625 0.1515625 0.03125
15 0.846875 0.71796875 0.1171875 0.0265625
3 0.671875 0.4390625 0.025 0.0328125