5 0.598744212962963 0.4161168981481481 0.03258101851851851 0.1815393518518519
6 0.5667592592592593 0.40796875000000005 0.03253472222222218 0.1752893518518519
9 0.3503530092592593 0.5006597222222222 0.05744212962962969 0.37511574074074083
14 0.7230266203703704 0.8369444444444445 0.03049768518518512 0.11113425925925924
10 0.6949884259259259 0.4014988425925926 0.032361111111111104 0.1518518518518519
13 0.5342766203703704 0.36149305555555555 0.03182870370370381 0.07997685185185191
7 0.7274074074074074 0.35105324074074074 0.028472222222222142 0.048541666666666664
8 0.40754050925925933 0.37743055555555555 0.030555555555555537 0.11894675925925924
4 0.47089120370370363 0.37180555555555556 0.028888888888888787 0.10479166666666666
2 0.7644675925925926 0.4126504629629629 0.032476851851851764 0.1674768518518519
15 0.7597280092592593 0.8414641203703704 0.02891203703703695 0.10791666666666658
12 0.27497685185185183 0.5469965277777777 0.0986574074074074 0.4572106481481482
1 0.505005787037037 0.40899884259259256 0.030960648148148095 0.17363425925925924
16 0.43897569444444445 0.4597974537037037 0.03648148148148138 0.28641203703703705
11 0.6640046296296296 0.3637094907407407 0.028680555555555643 0.07666666666666674
0 0.6327546296296296 0.3618576388888889 0.02862268518518505 0.06885416666666666
3 0.4819618055555555 0.6710300925925926 0.025138888888889 0.020231481481481593