9 0.6221354166666666 0.5732465277777778 0.13354166666666673 0.3883333333333333
12 0.7045312499999999 0.5461284722222223 0.18093749999999992 0.46739583333333334
14 0.31885416666666666 0.1932986111111111 0.05614583333333334 0.11670138888888885
2 0.1816666666666667 0.6197916666666667 0.06270833333333332 0.16833333333333336
16 0.521875 0.610138888888889 0.09385416666666657 0.28447916666666656
1 0.44807291666666665 0.6491840277777777 0.06541666666666668 0.18555555555555542
4 0.47520833333333334 0.6763888888888889 0.0546875 0.14163194444444435
11 0.2723958333333333 0.6789236111111111 0.04281249999999996 0.08052083333333329
6 0.3821875 0.6398958333333333 0.06854166666666668 0.18562499999999993
15 0.2847395833333334 0.1886284722222222 0.05437499999999993 0.11354166666666665
8 0.5351041666666667 0.7168402777777778 0.0439583333333335 0.07430555555555554
0 0.30723958333333334 0.6843923611111111 0.042604166666666644 0.07739583333333329
7 0.2065104166666667 0.6813715277777778 0.03791666666666664 0.053888888888888785
13 0.40296875 0.6919965277777778 0.04458333333333329 0.08368055555555554
10 0.26375000000000004 0.5621527777777777 0.09375 0.3063194444444445
5 0.3397395833333333 0.6780729166666667 0.047083333333333324 0.09777777777777778
3 0.5260416666666667 0.3950694444444444 0.02322916666666668 0.020798611111111143