15 0.3603645833333333 0.095625 0.05814814814814815 0.13187500000000002
1 0.5474710648148149 0.5844270833333333 0.08180555555555565 0.25364583333333324
4 0.5786574074074075 0.6308333333333334 0.06175925925925938 0.1648958333333333
14 0.40035879629629634 0.103125 0.05817129629629623 0.13343750000000001
9 0.7403761574074075 0.5144791666666666 0.13908564814814817 0.4322916666666668
12 0.8305266203703704 0.47640625 0.20451388888888894 0.5287500000000002
16 0.6312210648148149 0.5366145833333333 0.10373842592592589 0.36437500000000006
11 0.3605960648148148 0.6391145833333334 0.04819444444444443 0.0921875
2 0.2564409722222222 0.5764583333333333 0.06842592592592585 0.19343749999999993
5 0.43961226851851853 0.5884895833333333 0.07182870370370367 0.21239583333333342
13 0.4992592592592593 0.6556770833333333 0.045069444444444426 0.09197916666666668
0 0.39359374999999996 0.6494270833333333 0.04649305555555561 0.08270833333333343
6 0.4753530092592593 0.5728125000000001 0.08173611111111115 0.24895833333333323
8 0.6514756944444444 0.6369270833333334 0.06497685185185187 0.17135416666666678
7 0.2794155092592593 0.64921875 0.04309027777777778 0.06374999999999993
10 0.3414872685185185 0.5105729166666666 0.10353009259259256 0.3503125000000001
3 0.631886574074074 0.31760416666666663 0.028472222222222142 0.02531250000000007