5 0.3875 0.5328125 0.2125 0.028125
9 0.475 0.2734375 0.3828125 0.059375
6 0.3609375 0.49609375 0.1609375 0.0296875
16 0.4171875 0.365625 0.2796875 0.03125
10 0.39453125 0.63046875 0.23125 0.0328125
12 0.51484375 0.19453125 0.4640625 0.084375
11 0.35625 0.5953125 0.1515625 0.028125
1 0.3625 0.4328125 0.1609375 0.0296875
2 0.3609375 0.6953125 0.16875 0.028125
13 0.32265625 0.46484375 0.0828125 0.028125
15 0.80078125 0.6859375 0.1109375 0.0265625
7 0.30546875 0.6625 0.05 0.028125
4 0.35 0.39765625 0.1390625 0.0265625
14 0.8 0.65078125 0.1140625 0.0265625
8 0.3140625 0.33203125 0.0640625 0.0296875
0 0.31875 0.5640625 0.0734375 0.028125
3 0.6359375 0.40625 0.015625 0.0203125