9 0.43671875 0.421875 0.3484375 0.046875
15 0.75 0.77734375 0.103125 0.0234375
1 0.3390625 0.57109375 0.128125 0.028125
5 0.36484375 0.66484375 0.1796875 0.0265625
12 0.48984375 0.346875 0.44375 0.0921875
14 0.74609375 0.7484375 0.1046875 0.028125
7 0.29375 0.79140625 0.0453125 0.028125
4 0.3390625 0.5421875 0.13125 0.0265625
10 0.41796875 0.7609375 0.29375 0.028125
6 0.3390625 0.634375 0.1265625 0.028125
16 0.38671875 0.509375 0.2296875 0.0296875
0 0.30625 0.696875 0.06875 0.028125
11 0.309375 0.72890625 0.0734375 0.0296875
13 0.31640625 0.6046875 0.084375 0.0234375
8 0.30625 0.47578125 0.059375 0.0265625
2 0.32421875 0.82421875 0.1078125 0.0296875
3 0.6078125 0.54453125 0.0125 0.015625