16 0.4567708333333334 0.5793229166666667 0.0784143518518519 0.23864583333333336
9 0.36550925925925926 0.4901041666666666 0.13026620370370362 0.39201388888888894
1 0.5232060185185186 0.6085069444444444 0.06666666666666679 0.18517361111111122
8 0.42022569444444446 0.5832986111111111 0.07378472222222214 0.21819444444444436
0 0.6581018518518519 0.6730555555555556 0.04641203703703702 0.07993055555555557
10 0.7319155092592593 0.5584722222222223 0.09212962962962959 0.3186805555555555
11 0.6925347222222222 0.6723090277777778 0.045196759259259346 0.08454861111111107
2 0.798582175925926 0.6331076388888889 0.06452546296296298 0.1772916666666667
15 0.8038773148148148 0.18609375 0.04884259259259238 0.11274305555555557
6 0.5909143518518519 0.6125520833333333 0.0668981481481481 0.1882986111111112
14 0.7667534722222222 0.18225694444444446 0.04930555555555553 0.11899305555555557
12 0.2859085648148148 0.44190972222222225 0.1815393518518519 0.4955208333333333
4 0.48663194444444446 0.6226736111111111 0.05931712962962958 0.1490277777777777
7 0.7597800925925926 0.6912673611111111 0.038425925925925954 0.05621527777777775
13 0.5560474537037037 0.6603472222222222 0.047106481481481485 0.08930555555555557
5 0.626244212962963 0.6133333333333333 0.07118055555555554 0.20406249999999987
3 0.5048900462962963 0.3294965277777778 0.023495370370370416 0.022847222222222286