14 0.6683854166666666 0.8239236111111111 0.0436805555555555 0.13961805555555565
8 0.3394270833333334 0.4610706018518519 0.0636805555555556 0.30855324074074064
4 0.41137152777777775 0.38817708333333334 0.04989583333333343 0.17406249999999995
9 0.2768923611111111 0.49791087962962965 0.09482638888888886 0.41207175925925926
11 0.6246354166666667 0.33270833333333333 0.04329861111111111 0.09589120370370371
12 0.19611111111111112 0.5412673611111112 0.1332638888888889 0.3985879629629629
13 0.4803298611111111 0.347337962962963 0.040451388888888926 0.10209490740740748
2 0.7332465277777778 0.38340856481481483 0.0546875 0.2116087962962963
5 0.5501388888888888 0.3751909722222222 0.05118055555555543 0.16783564814814814
7 0.6958854166666667 0.31057291666666664 0.037152777777777854 0.0630092592592593
1 0.44309027777777776 0.3596006944444444 0.042569444444444396 0.11461805555555546
0 0.5862847222222222 0.334837962962963 0.039826388888888786 0.08803240740740748
10 0.6591840277777777 0.4688252314814815 0.06815972222222229 0.37420138888888876
16 0.3769270833333333 0.4605150462962963 0.07041666666666666 0.3195833333333333
6 0.5176041666666666 0.36942708333333335 0.04586805555555564 0.15370370370370362
15 0.6988194444444444 0.8242534722222222 0.038090277777777716 0.11923611111111114
3 0.4184375 0.6683564814814815 0.035555555555555604 0.02707175925925931