5 0.543605324074074 0.6171875 0.08768518518518516 0.2140625
9 0.30149305555555556 0.4734375 0.16662037037037036 0.3859375
6 0.5024363425925926 0.634375 0.07534722222222215 0.1640625
16 0.3834201388888889 0.55078125 0.11032407407407403 0.2796875
10 0.6405787037037036 0.63203125 0.09817129629629626 0.2328125
12 0.23019097222222223 0.4171875 0.21390046296296292 0.471875
11 0.599369212962963 0.66171875 0.07010416666666668 0.1546875
1 0.4405729166666667 0.61875 0.07534722222222215 0.1640625
2 0.6996527777777778 0.6796875 0.07571759259259263 0.1703125
13 0.4651793981481481 0.66484375 0.05049768518518523 0.0875
15 0.7639409722222222 0.2484375 0.05832175925925931 0.1140625
7 0.6578530092592592 0.72578125 0.042303240740740836 0.0546875
4 0.40335069444444444 0.6234375 0.06623842592592588 0.1421875
14 0.7283680555555556 0.24140625 0.058506944444444466 0.1171875
8 0.3326793981481481 0.64375 0.047824074074074116 0.06875
0 0.5628009259259259 0.690625 0.048379629629629585 0.078125
3 0.45957175925925925 0.34609375 0.024641203703703596 0.0203125