9 0.7113020833333333 0.5836458333333333 0.12461805555555543 0.38291666666666657
14 0.37368055555555557 0.19749999999999998 0.048958333333333395 0.11913194444444444
6 0.48204861111111114 0.6358333333333334 0.06472222222222221 0.19312500000000005
12 0.7910590277777778 0.5536631944444445 0.17076388888888888 0.47385416666666663
15 0.33739583333333334 0.1880902777777778 0.05194444444444439 0.11614583333333335
5 0.45180555555555557 0.6220138888888889 0.065625 0.21343750000000003
10 0.3562673611111111 0.5951562499999999 0.06944444444444446 0.22920138888888886
8 0.6417881944444443 0.70375 0.04881944444444457 0.11600694444444457
1 0.5481597222222222 0.6496875 0.06628472222222222 0.19319444444444436
0 0.41236111111111107 0.681857638888889 0.0390625 0.07190972222222207
16 0.6147222222222222 0.6035243055555555 0.08847222222222229 0.30645833333333333
7 0.3161631944444444 0.6752430555555555 0.03503472222222222 0.051458333333333425
2 0.2884548611111111 0.6131944444444445 0.055659722222222194 0.1646527777777777
13 0.5096875 0.6963194444444445 0.044166666666666646 0.08149305555555557
4 0.5751388888888889 0.6953298611111111 0.04690972222222225 0.10812500000000007
11 0.38470486111111113 0.6385243055555556 0.05347222222222214 0.15052083333333321
3 0.5987673611111111 0.4024305555555555 0.022569444444444465 0.016597222222222284