10 0.3953125 0.6675694444444444 0.2203125 0.08010416666666664
9 0.52890625 0.35553819444444446 0.36875 0.13826388888888888
16 0.4359375 0.42406249999999995 0.209375 0.0827430555555555
12 0.590625 0.29812500000000003 0.4421875 0.1837152777777778
14 0.76640625 0.7801562499999999 0.1125 0.05343750000000007
6 0.35390625 0.5329166666666667 0.096875 0.04961805555555561
15 0.759375 0.80953125 0.1125 0.05343750000000007
2 0.35234375 0.7203472222222222 0.165625 0.07298611111111111
4 0.3953125 0.4456944444444444 0.1390625 0.0608680555555555
11 0.3609375 0.6308854166666666 0.1453125 0.06114583333333332
8 0.37421875 0.37444444444444447 0.06875 0.04524305555555559
5 0.375 0.5682291666666666 0.146875 0.06277777777777764
1 0.36796875 0.4694791666666667 0.1 0.05131944444444443
0 0.33203125 0.5889756944444444 0.0734375 0.042326388888889
13 0.35546875 0.49782986111111105 0.08125 0.04423611111111114
7 0.30390625 0.6791319444444445 0.0515625 0.036666666666666715
3 0.65859375 0.5152083333333334 0.01875 0.024270833333333287