9 0.6654340277777778 0.5485763888888888 0.07138888888888886 0.36390046296296286
5 0.42438078703703697 0.6059143518518518 0.04667824074074076 0.18337962962962956
6 0.45608796296296295 0.60234375 0.04263888888888889 0.1940393518518519
14 0.2971006944444444 0.21846064814814814 0.03285879629629633 0.10782407407407409
0 0.3963715277777778 0.6587500000000001 0.03744212962962967 0.08006944444444457
1 0.5112731481481482 0.5877083333333333 0.04614583333333329 0.2269444444444444
12 0.7388541666666667 0.5132233796296297 0.11195601851851862 0.44415509259259256
10 0.3272164351851852 0.5690162037037038 0.05065972222222222 0.25056712962962957
13 0.48887731481481483 0.6564467592592592 0.03340277777777771 0.09072916666666657
2 0.26652199074074073 0.59578125 0.052013888888888894 0.19459490740740737
7 0.3025347222222222 0.6648668981481481 0.034490740740740745 0.0565393518518519
4 0.5501678240740742 0.6266030092592593 0.04326388888888886 0.15203703703703705
16 0.5784085648148147 0.5776736111111112 0.04809027777777786 0.2597569444444444
15 0.27136574074074077 0.21771412037037036 0.031203703703703668 0.10616898148148142
11 0.36498263888888893 0.6545543981481481 0.03459490740740741 0.08457175925925924
8 0.6155729166666667 0.6530555555555555 0.04067129629629633 0.10828703703703688
3 0.5280960648148147 0.3855150462962963 0.021238425925925952 0.016828703703703773