9 0.47421875 0.2953125 0.41875 0.053125
8 0.38515625 0.35625 0.234375 0.0328125
12 0.53046875 0.21171875 0.503125 0.090625
16 0.40625 0.3921875 0.2875 0.0328125
4 0.32421875 0.43203125 0.11875 0.0296875
14 0.84296875 0.70390625 0.125 0.034375
2 0.3578125 0.76640625 0.1859375 0.034375
10 0.3984375 0.6875 0.2703125 0.034375
1 0.36953125 0.46640625 0.2078125 0.0328125
13 0.31171875 0.5046875 0.0921875 0.0296875
15 0.84453125 0.74140625 0.1203125 0.034375
5 0.346875 0.57578125 0.16875 0.03125
7 0.29140625 0.7265625 0.05625 0.03125
0 0.30625 0.61171875 0.0796875 0.03125
6 0.36796875 0.54296875 0.2078125 0.0328125
11 0.34296875 0.6515625 0.1546875 0.03125
3 0.659375 0.43515625 0.0171875 0.021875