5 0.5877083333333333 0.36523148148148155 0.05861111111111121 0.17696759259259257
12 0.2681076388888889 0.5354918981481481 0.18434027777777776 0.4919097222222222
14 0.7620486111111111 0.7586458333333332 0.04947916666666661 0.11753472222222214
9 0.34585069444444444 0.4837326388888889 0.1324305555555556 0.4056018518518519
2 0.7526909722222223 0.33755208333333336 0.05687499999999997 0.16914351851851847
6 0.5548090277777777 0.36108217592592595 0.056805555555555644 0.16601851851851848
4 0.4517013888888889 0.361099537037037 0.053125 0.1409953703703704
15 0.7955555555555556 0.7549884259259259 0.051006944444444355 0.11598379629629622
1 0.48706597222222214 0.3707349537037037 0.058368055555555645 0.16603009259259255
11 0.6519965277777777 0.3407118055555556 0.05333333333333332 0.1503703703703704
13 0.51734375 0.3272164351851852 0.040972222222222146 0.0862268518518519
8 0.3837326388888889 0.3605960648148148 0.047951388888888856 0.11908564814814823
16 0.42901041666666667 0.4296701388888889 0.08111111111111118 0.27555555555555566
10 0.6901388888888889 0.36989583333333337 0.06743055555555558 0.222337962962963
3 0.49366319444444445 0.6324594907407407 0.03180555555555564 0.025231481481481487
0 0.6145486111111111 0.30762731481481487 0.0391319444444445 0.07371527777777782
7 0.7093229166666667 0.2841145833333333 0.035520833333333356 0.05181712962962966