15 0.2340914351851852 0.2036863425925926 0.053032407407407424 0.12118055555555554
14 0.2659201388888889 0.20593171296296298 0.061875000000000034 0.1715046296296296
9 0.674681712962963 0.4519849537037038 0.13916666666666658 0.3999074074074073
10 0.3158391203703704 0.6256423611111112 0.06106481481481483 0.1558796296296297
7 0.28726273148148146 0.6808854166666667 0.03861111111111111 0.05342592592592581
16 0.5876967592592592 0.5367476851851851 0.07712962962962955 0.22527777777777763
11 0.3525405092592592 0.6541261574074074 0.044918981481481525 0.08491898148148155
12 0.7482233796296296 0.37103587962962964 0.19179398148148152 0.513275462962963
8 0.628125 0.5985416666666666 0.04812499999999993 0.08664351851851855
4 0.5542592592592592 0.5805555555555555 0.05761574074074076 0.1494675925925925
1 0.5090393518518519 0.49096064814814816 0.10023148148148149 0.3402314814814815
2 0.24945601851851854 0.6586921296296296 0.052870370370370345 0.11805555555555554
0 0.3876851851851852 0.6375 0.04901620370370372 0.10383101851851854
6 0.4532175925925926 0.6208564814814815 0.05090277777777778 0.11016203703703695
5 0.41923611111111114 0.6000231481481482 0.06327546296296305 0.1684606481481481
3 0.520150462962963 0.2917013888888889 0.035671296296296263 0.026782407407407404
13 0.4897337962962963 0.6228587962962964 0.04508101851851851 0.08804398148148138