5 0.39079861111111114 0.5693402777777777 0.19945601851851852 0.043194444444444355
14 0.8483622685185186 0.6726041666666667 0.12137731481481495 0.041284722222222216
12 0.5309548611111111 0.20404513888888892 0.4985532407407408 0.13138888888888883
9 0.4836168981481482 0.2961111111111111 0.4081018518518519 0.08055555555555553
10 0.4188773148148148 0.6721354166666667 0.2479861111111111 0.04847222222222225
8 0.34403935185185186 0.36411458333333335 0.1181597222222222 0.0380208333333333
0 0.33092592592592596 0.6079861111111111 0.07753472222222228 0.036215277777777645
15 0.8525520833333333 0.7084027777777777 0.11351851851851862 0.03937500000000007
6 0.37884259259259256 0.5354513888888889 0.17914351851851854 0.042291666666666575
11 0.3741550925925926 0.641267361111111 0.16195601851851854 0.04152777777777779
13 0.3333159722222222 0.5038368055555555 0.08525462962962962 0.03343750000000014
1 0.3454861111111111 0.4657465277777778 0.11503472222222219 0.03788194444444439
4 0.3406076388888889 0.43310763888888887 0.11186342592592595 0.03618055555555557
16 0.40208912037037037 0.3959548611111111 0.23700231481481496 0.04642361111111111
2 0.38745949074074076 0.7470659722222222 0.17606481481481487 0.04371527777777775
7 0.3207465277777778 0.7132638888888889 0.054050925925925954 0.033611111111111217
3 0.6657233796296296 0.42256944444444444 0.02109953703703695 0.027465277777777786