15 0.90234375 0.6880497685185185 0.109375 0.05081018518518512
5 0.47197916666666667 0.638599537037037 0.16968750000000005 0.06707175925925916
11 0.4771354166666667 0.7042534722222222 0.15072916666666672 0.06325231481481489
9 0.4942708333333333 0.37679398148148147 0.3755208333333334 0.13859953703703703
14 0.8964583333333334 0.6582175925925926 0.109375 0.05081018518518512
1 0.49338541666666663 0.5388599537037038 0.25687499999999996 0.08900462962962959
12 0.5198437499999999 0.29279513888888886 0.4710416666666667 0.19201388888888893
16 0.5059375 0.46996527777777775 0.34260416666666665 0.11244212962962959
8 0.39520833333333333 0.4572916666666667 0.13677083333333329 0.0642939814814815
6 0.4898958333333333 0.6034143518518519 0.23041666666666671 0.08958333333333321
13 0.4125 0.5880787037037037 0.08239583333333336 0.04357638888888893
0 0.43515625 0.6824363425925926 0.07781249999999992 0.044965277777777854
10 0.5253125 0.7255208333333334 0.22697916666666665 0.08478009259259274
7 0.45078125 0.7765335648148148 0.054166666666666606 0.040972222222222146
4 0.40505208333333337 0.5231192129629629 0.10614583333333343 0.049131944444444464
2 0.5164583333333332 0.7914351851851851 0.16864583333333344 0.07482638888888893
3 0.679375 0.46469907407407407 0.022187500000000072 0.02887731481481488