5 0.5953993055555555 0.3340104166666667 0.05552083333333328 0.19989583333333333
9 0.3130208333333333 0.4345833333333333 0.10395833333333329 0.4133333333333333
2 0.7702777777777777 0.3246875 0.05306712962962976 0.18260416666666668
12 0.22279513888888886 0.47796874999999994 0.15167824074074074 0.49281250000000015
6 0.5580729166666667 0.3481770833333333 0.058946759259259275 0.2359375
4 0.4614756944444444 0.28921875 0.043333333333333356 0.11500000000000003
10 0.6930381944444445 0.3578645833333334 0.06288194444444457 0.25177083333333333
15 0.6923090277777778 0.7923437499999999 0.045462962962962906 0.1260416666666666
7 0.7455555555555555 0.2609375 0.034085648148148094 0.056770833333333305
8 0.3947627314814815 0.26953125 0.03990740740740737 0.07895833333333328
13 0.5346180555555555 0.275 0.03874999999999993 0.08666666666666671
16 0.41194444444444445 0.41864583333333333 0.0752893518518519 0.3709375
1 0.49869212962962967 0.2921875 0.04662037037037035 0.11833333333333336
0 0.6368402777777777 0.2705208333333333 0.038263888888888785 0.07729166666666672
11 0.6672222222222223 0.31520833333333337 0.048969907407407476 0.16364583333333335
14 0.6543113425925926 0.7894270833333333 0.04530092592592592 0.12291666666666679
3 0.4213483796296297 0.61265625 0.02449074074074069 0.021875