15 0.84609375 0.71171875 0.1234375 0.0328125
1 0.3890625 0.4390625 0.246875 0.03125
4 0.34765625 0.4 0.1578125 0.0296875
14 0.84453125 0.6703125 0.125 0.0328125
9 0.48203125 0.26015625 0.4203125 0.053125
12 0.53125 0.17734375 0.5046875 0.103125
16 0.446875 0.36484375 0.3578125 0.03125
11 0.31171875 0.615625 0.084375 0.03125
2 0.3609375 0.7296875 0.1859375 0.03125
5 0.371875 0.54609375 0.20625 0.0296875
13 0.31328125 0.475 0.0859375 0.028125
0 0.30625 0.58125 0.075 0.03125
6 0.39140625 0.51328125 0.2421875 0.0328125
8 0.35078125 0.3265625 0.1640625 0.03125
7 0.2921875 0.69453125 0.05625 0.03125
10 0.4359375 0.65703125 0.34375 0.0328125
3 0.6625 0.40234375 0.01875 0.025