9 0.47890625 0.328125 0.4 0.053125
5 0.390625 0.596875 0.225 0.028125
12 0.525 0.24375 0.48125 0.0875
8 0.340625 0.3875 0.11875 0.0296875
15 0.82578125 0.76171875 0.1125 0.0328125
16 0.4390625 0.4234375 0.3125 0.0390625
10 0.39765625 0.69765625 0.23125 0.0328125
13 0.32421875 0.52578125 0.0859375 0.028125
6 0.38203125 0.5625 0.2015625 0.0328125
14 0.82421875 0.721875 0.115625 0.03125
11 0.32109375 0.665625 0.0796875 0.028125
0 0.31875 0.63203125 0.0734375 0.03125
7 0.303125 0.73359375 0.0546875 0.028125
2 0.3640625 0.771875 0.1765625 0.0328125
1 0.4640625 0.4921875 0.3625 0.03125
4 0.3375 0.45625 0.109375 0.028125
3 0.65234375 0.46484375 0.0140625 0.0203125