9 0.3663888888888889 0.47416666666666674 0.09460648148148146 0.38312500000000005
15 0.7740451388888889 0.8068229166666667 0.04785879629629619 0.11218749999999993
2 0.7903819444444444 0.3659375 0.05398148148148145 0.17020833333333335
12 0.28748842592592594 0.5248958333333333 0.14133101851851854 0.4734375
16 0.4603472222222223 0.41145833333333337 0.06099537037037024 0.24541666666666656
0 0.6586400462962964 0.31984375 0.03662037037037038 0.07562499999999997
1 0.5260127314814815 0.4078645833333333 0.06412037037037041 0.24562500000000007
11 0.6909548611111112 0.3231770833333333 0.039826388888888786 0.07739583333333329
14 0.7387268518518519 0.8060416666666667 0.04341435185185176 0.11656249999999986
10 0.7244097222222223 0.39385416666666667 0.060104166666666715 0.22822916666666676
5 0.6236921296296296 0.3715625 0.05438657407407419 0.17802083333333324
7 0.7575347222222223 0.3069791666666667 0.033923611111111106 0.0536458333333333
6 0.5915219907407407 0.34078125 0.04489583333333336 0.1151041666666667
13 0.5602025462962963 0.32640624999999995 0.04039351851851851 0.08833333333333329
4 0.4918576388888889 0.3388020833333333 0.042928240740740795 0.10718750000000003
8 0.4258738425925926 0.3816145833333333 0.05552083333333328 0.19989583333333333
3 0.49425347222222216 0.6420312499999999 0.02449074074074069 0.021875