9 0.7277430555555556 0.5005208333333333 0.16560185185185183 0.4247685185185185
10 0.37704861111111115 0.6868055555555556 0.08276620370370366 0.20769675925925918
14 0.2482638888888889 0.24363425925925924 0.06028935185185187 0.12563657407407405
12 0.8017013888888889 0.43292824074074077 0.22568287037037038 0.5222800925925926
5 0.4849884259259259 0.673611111111111 0.07796296296296283 0.1918981481481481
6 0.522505787037037 0.67265625 0.07789351851851851 0.1825231481481481
8 0.6931481481481481 0.6344328703703704 0.07631944444444443 0.18090277777777786
15 0.21147569444444442 0.25164930555555554 0.058680555555555534 0.11932870370370371
4 0.6318923611111111 0.675144675925926 0.0587037037037037 0.12245370370370381
2 0.3111863425925926 0.71640625 0.07320601851851852 0.18234953703703702
1 0.5898206018518518 0.657957175925926 0.07475694444444443 0.18084490740740744
16 0.6435300925925926 0.5810185185185185 0.1053587962962963 0.30538194444444444
11 0.42825810185185187 0.7363715277777778 0.05222222222222221 0.09097222222222215
7 0.3623726851851852 0.7690972222222222 0.041053240740740723 0.05931712962962958
13 0.5644502314814815 0.70703125 0.0522337962962963 0.09253472222222214
0 0.46346643518518515 0.730642361111111 0.05222222222222221 0.09097222222222215
3 0.543587962962963 0.3585069444444445 0.02673611111111107 0.024421296296296368