15 0.81953125 0.70703125 0.115625 0.0296875
14 0.8109375 0.6765625 0.165625 0.028125
9 0.48046875 0.30078125 0.3890625 0.059375
10 0.38125 0.67109375 0.15 0.0296875
7 0.3328125 0.70546875 0.0484375 0.028125
16 0.4140625 0.3953125 0.2203125 0.03125
11 0.3453125 0.63828125 0.0796875 0.028125
12 0.54609375 0.21953125 0.496875 0.0890625
8 0.34375 0.36171875 0.0796875 0.03125
4 0.37734375 0.4328125 0.14375 0.028125
1 0.47578125 0.4671875 0.3359375 0.03125
2 0.3625 0.73984375 0.1125 0.0296875
0 0.3546875 0.60234375 0.0984375 0.028125
6 0.3578125 0.5359375 0.1046875 0.0296875
5 0.3859375 0.5671875 0.1625 0.0296875
3 0.67265625 0.43515625 0.0203125 0.03125
13 0.3484375 0.5 0.0828125 0.028125