9 0.48671875 0.36484375 0.3609375 0.04375
5 0.41875 0.61171875 0.18125 0.0328125
6 0.42421875 0.5796875 0.1921875 0.028125
14 0.80234375 0.709375 0.10625 0.025
0 0.36484375 0.64375 0.078125 0.03125
1 0.440625 0.52265625 0.225 0.028125
12 0.525 0.28828125 0.4375 0.078125
10 0.45234375 0.70625 0.2484375 0.03125
13 0.37109375 0.55078125 0.0890625 0.0265625
2 0.42265625 0.76953125 0.1921875 0.0375
7 0.3546875 0.73828125 0.0546875 0.0296875
4 0.40390625 0.48671875 0.15 0.03125
16 0.45390625 0.4546875 0.2578125 0.028125
15 0.8015625 0.73515625 0.1046875 0.0234375
11 0.36796875 0.675 0.0828125 0.028125
8 0.3796875 0.4234375 0.10625 0.0328125
3 0.64453125 0.490625 0.015625 0.0203125