9 0.4515625 0.32734375 0.3765625 0.05
14 0.7828125 0.69453125 0.1125 0.028125
5 0.34921875 0.58515625 0.178125 0.0296875
16 0.359375 0.42109375 0.2 0.0328125
1 0.33359375 0.484375 0.146875 0.03125
15 0.78359375 0.728125 0.10625 0.028125
12 0.4953125 0.24609375 0.453125 0.0796875
13 0.30234375 0.51875 0.084375 0.028125
0 0.2984375 0.61796875 0.071875 0.028125
4 0.33203125 0.45078125 0.14375 0.028125
6 0.3328125 0.55078125 0.14375 0.0296875
2 0.34375 0.75 0.16875 0.034375
7 0.28671875 0.71796875 0.0515625 0.028125
10 0.41484375 0.68359375 0.3078125 0.0359375
8 0.2859375 0.38515625 0.05 0.0296875
11 0.29921875 0.65078125 0.078125 0.028125
3 0.61640625 0.45234375 0.015625 0.0203125