9 0.6997916666666667 0.36645833333333333 0.16541666666666668 0.4229166666666667
5 0.40447916666666667 0.3509375 0.08256944444444443 0.2052083333333333
10 0.30944444444444447 0.40499999999999997 0.09607638888888888 0.25135416666666666
12 0.79265625 0.39078125 0.21906250000000008 0.5201041666666667
8 0.6103298611111111 0.28401041666666665 0.08427083333333343 0.21156249999999996
0 0.3533159722222222 0.30192708333333335 0.04704861111111107 0.08114583333333325
6 0.43204861111111115 0.32406250000000003 0.0723958333333334 0.16864583333333333
1 0.4959895833333333 0.27911458333333333 0.06048611111111111 0.12416666666666672
16 0.5879861111111111 0.33479166666666665 0.10802083333333332 0.2973958333333334
15 0.36835069444444446 0.83765625 0.06375000000000001 0.13062499999999985
11 0.32947916666666666 0.3559375 0.07076388888888889 0.16541666666666668
13 0.45597222222222217 0.2739583333333333 0.052013888888888714 0.09395833333333332
2 0.2286284722222222 0.3947395833333333 0.07583333333333338 0.18291666666666676
14 0.40407986111111105 0.8258854166666666 0.06374999999999993 0.13062499999999985
4 0.5277777777777778 0.2660416666666666 0.05878472222222229 0.11781249999999996
7 0.2505208333333333 0.3236458333333333 0.04031249999999993 0.05885416666666661
3 0.6089756944444444 0.57515625 0.027083333333333216 0.025208333333333322