9 0.4765625 0.3203125 0.3890625 0.053125
1 0.39296875 0.4796875 0.2234375 0.0296875
5 0.3765625 0.584375 0.19375 0.028125
14 0.8171875 0.69765625 0.115625 0.03125
16 0.45390625 0.41484375 0.346875 0.0390625
12 0.52265625 0.24140625 0.4640625 0.084375
6 0.38984375 0.5515625 0.225 0.03125
15 0.81875 0.73359375 0.1140625 0.03125
2 0.36796875 0.75546875 0.175 0.0296875
10 0.37890625 0.68515625 0.2 0.034375
13 0.32265625 0.515625 0.0796875 0.0296875
7 0.30390625 0.71953125 0.0515625 0.028125
0 0.3171875 0.6171875 0.075 0.0296875
4 0.3359375 0.4484375 0.109375 0.028125
8 0.33046875 0.37734375 0.0953125 0.0296875
3 0.64765625 0.45078125 0.0203125 0.0234375
11 0.3203125 0.65234375 0.0828125 0.0296875