9 0.47800925925925924 0.30266203703703703 0.42355324074074063 0.10929398148148142
4 0.5871238425925925 0.4421701388888889 0.1752893518518519 0.058993055555555604
1 0.5881655092592593 0.47744791666666675 0.1672453703703704 0.052337962962963044
12 0.4348958333333333 0.21980324074074073 0.5033564814814815 0.15865740740740747
8 0.6000289351851852 0.3684780092592593 0.13125 0.04891203703703706
11 0.6346354166666666 0.6598900462962962 0.09832175925925916 0.044085648148148235
0 0.6149016203703703 0.6220775462962964 0.125 0.0485879629629629
10 0.49542824074074077 0.6988541666666667 0.3710648148148149 0.08162037037037032
7 0.6547453703703703 0.7298148148148147 0.06383101851851851 0.03917824074074083
6 0.5956018518518519 0.551412037037037 0.16574074074074083 0.05381944444444446
13 0.625925925925926 0.5146296296296297 0.09982638888888892 0.042604166666666644
16 0.5140625 0.4070717592592593 0.31157407407407406 0.07541666666666665
14 0.14661458333333333 0.7120775462962963 0.12638888888888888 0.04398148148148149
15 0.14933449074074073 0.7443113425925926 0.11232638888888888 0.04325231481481477
2 0.5814236111111111 0.765150462962963 0.20347222222222214 0.062013888888888855
3 0.30949074074074073 0.4567361111111111 0.01793981481481479 0.021203703703703704
5 0.4838252314814815 0.5894502314814816 0.3914930555555555 0.085798611111111