5 0.5921412037037037 0.6482407407407408 0.06553240740740733 0.20957175925925925
9 0.29879050925925926 0.5739814814814814 0.13271990740740733 0.4223148148148148
8 0.3865046296296296 0.7155208333333334 0.05351851851851848 0.12023148148148141
13 0.5340219907407407 0.7152083333333333 0.04643518518518519 0.09192129629629626
1 0.48996527777777776 0.6772164351851853 0.061435185185185225 0.17666666666666658
14 0.6365219907407408 0.17028935185185184 0.05214120370370381 0.1264351851851852
12 0.20703125 0.5330150462962963 0.1871990740740741 0.5222800925925926
15 0.6761805555555556 0.16521990740740738 0.05370370370370381 0.1264814814814815
6 0.5616319444444444 0.6723148148148148 0.06446759259259256 0.17363425925925924
4 0.4572974537037037 0.7074710648148148 0.050393518518518476 0.12013888888888893
10 0.6885185185185185 0.5816261574074074 0.09078703703703699 0.32428240740740755
16 0.4104803240740741 0.6553472222222222 0.07422453703703713 0.23949074074074073
0 0.640798611111111 0.7097858796296297 0.046111111111111214 0.08098379629629626
2 0.7768576388888888 0.6388831018518518 0.06493055555555571 0.18925925925925924
11 0.6733333333333333 0.7013831018518518 0.04482638888888886 0.09031249999999993
7 0.7500810185185186 0.7099016203703703 0.0407754629629629 0.05896990740740744
3 0.4092476851851852 0.37664930555555554 0.028865740740740796 0.025833333333333285