9 0.4734375 0.3078125 0.3734375 0.05625
14 0.796875 0.67734375 0.1140625 0.028125
6 0.37890625 0.52890625 0.1890625 0.0296875
12 0.51796875 0.23203125 0.459375 0.0875
15 0.8 0.7140625 0.1109375 0.03125
5 0.3875 0.56015625 0.209375 0.028125
10 0.396875 0.65703125 0.225 0.028125
8 0.340625 0.36484375 0.1109375 0.028125
1 0.37734375 0.4625 0.1875 0.03125
0 0.3203125 0.59296875 0.0671875 0.0265625
16 0.4359375 0.40078125 0.3015625 0.0328125
7 0.309375 0.68828125 0.046875 0.0265625
2 0.36640625 0.721875 0.1609375 0.0265625
13 0.32421875 0.49609375 0.0765625 0.0296875
4 0.33671875 0.43125 0.103125 0.028125
11 0.35859375 0.62421875 0.146875 0.0265625
3 0.63359375 0.4359375 0.0125 0.0203125