14 0.7218402777777777 0.23401041666666664 0.04306712962962962 0.12270833333333328
9 0.28663194444444445 0.5367708333333333 0.0992592592592592 0.41437500000000005
12 0.20963541666666669 0.47281249999999997 0.1401041666666666 0.4995833333333334
16 0.37796875 0.5969791666666666 0.07136574074074079 0.31135416666666665
4 0.3993402777777778 0.6995833333333333 0.04104166666666664 0.11479166666666671
10 0.6525694444444444 0.6882291666666667 0.05422453703703702 0.20593749999999994
1 0.4371759259259259 0.6699479166666666 0.051273148148148096 0.18239583333333337
11 0.6126099537037037 0.74046875 0.039560185185185226 0.08979166666666671
15 0.7599363425925926 0.23968749999999997 0.0412268518518518 0.11791666666666671
8 0.32737847222222227 0.6830208333333333 0.04481481481481477 0.12593750000000004
0 0.5750173611111111 0.73953125 0.03909722222222225 0.08197916666666671
13 0.468587962962963 0.7222395833333334 0.03790509259259274 0.08812500000000015
6 0.5102430555555555 0.6810937499999999 0.05136574074074076 0.18395833333333336
2 0.7274710648148147 0.708125 0.04989583333333343 0.18541666666666662
7 0.6801099537037036 0.7661458333333333 0.03614583333333332 0.05843749999999996
5 0.5430381944444445 0.72328125 0.038831018518518515 0.10375000000000015
3 0.4410243055555556 0.38 0.018113425925925953 0.016770833333333356