9 0.29756944444444444 0.565949074074074 0.1291666666666666 0.38166666666666665
13 0.4970486111111111 0.6952662037037036 0.042743055555555645 0.08512731481481488
14 0.6280902777777777 0.21424768518518517 0.05045138888888889 0.11831018518518518
16 0.3952951388888889 0.6406712962962964 0.0720138888888889 0.2177662037037038
0 0.5919270833333334 0.6930555555555555 0.043888888888889 0.07584490740740737
12 0.21913194444444445 0.5331018518518518 0.17958333333333334 0.4641319444444445
8 0.3681597222222222 0.704861111111111 0.04756944444444446 0.08853009259259252
1 0.46213541666666663 0.6877141203703704 0.04989583333333343 0.10581018518518519
10 0.6488715277777778 0.6102662037037037 0.07895833333333328 0.2337615740740741
6 0.5281770833333332 0.6822280092592592 0.04670138888888893 0.10406250000000003
4 0.43291666666666667 0.6930324074074073 0.04684027777777775 0.10718749999999985
15 0.6643402777777778 0.20934606481481483 0.051875000000000074 0.11527777777777777
5 0.5590972222222221 0.6738773148148148 0.05350694444444457 0.11693287037037034
2 0.7159027777777778 0.6353877314814815 0.06048611111111128 0.16877314814814817
11 0.6250868055555555 0.6871875000000001 0.04395833333333332 0.07740740740740737
7 0.6905381944444444 0.6949826388888889 0.036666666666666715 0.05359953703703706
3 0.40861111111111104 0.39393518518518517 0.019513888888888786 0.018298611111111106