14 0.32026041666666666 0.1472511574074074 0.03468749999999998 0.11359953703703703
9 0.6678298611111111 0.4697627314814815 0.07163194444444443 0.383275462962963
7 0.27154513888888887 0.6466724537037037 0.031770833333333394 0.047974537037037024
4 0.5367361111111111 0.5939525462962962 0.0375 0.14178240740740744
0 0.3728472222222222 0.6312210648148148 0.0328819444444445 0.07297453703703702
12 0.7494618055555555 0.42306134259259254 0.11402777777777758 0.45972222222222214
1 0.5069618055555555 0.5794560185185185 0.038680555555555426 0.16834490740740743
2 0.24449652777777775 0.5883969907407407 0.03861111111111111 0.16678240740740743
15 0.28350694444444446 0.1493923611111111 0.03597222222222225 0.1074074074074074
6 0.4397743055555555 0.5819444444444445 0.03874999999999993 0.16990740740740745
5 0.40692708333333333 0.6190393518518518 0.033784722222222285 0.09328703703703703
13 0.4707118055555556 0.6229166666666666 0.031597222222222145 0.07916666666666679
11 0.3416666666666667 0.6308159722222222 0.03302083333333332 0.07609953703703702
8 0.6011458333333334 0.6188657407407407 0.03486111111111114 0.08240740740740744
10 0.3134548611111111 0.5109664351851853 0.04961805555555552 0.3091435185185185
16 0.5697916666666667 0.5521701388888889 0.042881944444444466 0.22777777777777786
3 0.55171875 0.30949074074074073 0.016250000000000143 0.01464120370370372