9 0.3200520833333333 0.47380208333333335 0.07788194444444443 0.3929513888888888
14 0.6830960648148148 0.8411979166666667 0.03521990740740755 0.11584490740740741
12 0.2384895833333333 0.5117766203703704 0.11756944444444448 0.47935185185185175
10 0.7171064814814814 0.470162037037037 0.04916666666666671 0.31180555555555556
8 0.3849363425925926 0.3661863425925926 0.04184027777777786 0.16616898148148157
16 0.41973379629629626 0.4164467592592592 0.05033564814814824 0.25876157407407413
7 0.7586689814814814 0.3457060185185185 0.031643518518518474 0.054745370370370326
15 0.7166550925925925 0.8476273148148149 0.03831018518518512 0.11131944444444457
11 0.6905960648148148 0.35624421296296294 0.03498842592592588 0.08459490740740741
2 0.7902141203703703 0.4129918981481481 0.04188657407407419 0.17241898148148138
0 0.6601793981481482 0.3476331018518518 0.03490740740740748 0.07365740740740741
13 0.5601678240740741 0.3440104166666667 0.03344907407407405 0.08763888888888882
4 0.4561863425925926 0.3487789351851852 0.03521990740740755 0.11584490740740741
1 0.48731481481481487 0.36680555555555555 0.038564814814814954 0.1456944444444445
6 0.5897916666666667 0.35414351851851855 0.03503472222222222 0.0908449074074074
1 0.5273148148148148 0.3477777777777778 0.03505787037037038 0.0939699074074074
5 0.624074074074074 0.36842592592592593 0.03525462962962962 0.12053240740740741
3 0.477361111111111 0.6554629629629629 0.01885416666666657 0.015034722222222286