14 0.7486921296296296 0.23588541666666668 0.061979166666666786 0.14319444444444446
8 0.34111111111111114 0.5267708333333333 0.10594907407407402 0.3105555555555556
4 0.3957118055555555 0.6113368055555556 0.07237268518518522 0.177986111111111
9 0.2885474537037037 0.47906250000000006 0.15128472222222217 0.4186805555555555
11 0.5932118055555555 0.7046006944444445 0.05604166666666668 0.10079861111111121
12 0.21902777777777777 0.4227777777777778 0.18694444444444444 0.41090277777777773
13 0.4543865740740741 0.6640104166666667 0.05466435185185183 0.10697916666666671
2 0.7121759259259259 0.67625 0.08285879629629633 0.21590277777777783
5 0.5299189814814815 0.649375 0.07375000000000007 0.1718055555555555
7 0.6586458333333333 0.7403645833333334 0.04569444444444457 0.06756944444444457
1 0.4205439814814815 0.6445138888888888 0.05815972222222214 0.11961805555555553
0 0.5559201388888889 0.6959027777777778 0.05112268518518519 0.09277777777777771
10 0.6587268518518519 0.57921875 0.12034722222222224 0.3751736111111111
16 0.3776446759259259 0.5346527777777779 0.1141319444444445 0.32340277777777776
6 0.4963020833333333 0.6486631944444444 0.06708333333333343 0.15746527777777786
15 0.7790451388888888 0.24114583333333334 0.05356481481481481 0.12253472222222221
3 0.46631365740740743 0.34067708333333335 0.038425925925925954 0.032916666666666664