9 0.4922453703703703 0.29072337962962963 0.43171296296296297 0.1359375
8 0.38990162037037035 0.3336458333333333 0.24160879629629628 0.07831018518518515
12 0.5686631944444445 0.21832175925925928 0.5245949074074072 0.18815972222222221
16 0.4010127314814815 0.3733854166666667 0.2955439814814815 0.08964120370370372
4 0.3109953703703704 0.3974768518518519 0.12569444444444447 0.052465277777777784
14 0.740943287037037 0.7597164351851852 0.13396990740740727 0.0587731481481482
2 0.2549768518518518 0.7320833333333333 0.19415509259259256 0.07015046296296283
10 0.31559606481481484 0.6621412037037037 0.27824074074074073 0.0879513888888889
1 0.3453703703703704 0.43938657407407405 0.21626157407407415 0.0734375
13 0.27934027777777776 0.46642361111111114 0.10034722222222223 0.04759259259259263
15 0.7327546296296296 0.7964756944444444 0.1291666666666668 0.05717592592592595
5 0.29476273148148147 0.5428298611111112 0.1765046296296296 0.06377314814814809
7 0.20176504629629627 0.6809432870370371 0.0640625 0.04263888888888889
0 0.2458622685185185 0.5705208333333334 0.0877314814814815 0.045937499999999964
6 0.3241898148148148 0.5145023148148148 0.21626157407407404 0.0734375
11 0.2713541666666667 0.6164004629629629 0.16232638888888892 0.062106481481481526
3 0.6342013888888889 0.4614525462962963 0.022164351851851904 0.025150462962962906