9 0.50078125 0.32109375 0.378125 0.0484375
1 0.41640625 0.47734375 0.203125 0.03125
8 0.3734375 0.378125 0.11875 0.03125
5 0.4171875 0.575 0.2078125 0.0328125
6 0.415625 0.54296875 0.20625 0.0328125
14 0.8265625 0.6890625 0.109375 0.028125
12 0.54453125 0.240625 0.453125 0.0828125
10 0.40859375 0.67265625 0.1875 0.03125
16 0.471875 0.4125 0.3171875 0.034375
15 0.82734375 0.72421875 0.1046875 0.028125
11 0.3515625 0.64140625 0.075 0.03125
13 0.353125 0.51015625 0.0796875 0.028125
2 0.39453125 0.7390625 0.165625 0.0328125
7 0.3390625 0.70546875 0.0515625 0.0328125
4 0.36875 0.44609375 0.1015625 0.025
0 0.35 0.6078125 0.0703125 0.034375
3 0.66484375 0.45078125 0.015625 0.01875