14 0.34685185185185186 0.827326388888889 0.04282407407407405 0.15024305555555556
9 0.7063368055555556 0.4493923611111111 0.07777777777777786 0.4016319444444445
5 0.43479745370370376 0.37859375 0.04207175925925917 0.20486111111111108
12 0.7897743055555555 0.4878993055555555 0.12792824074074077 0.5194097222222223
16 0.6104456018518519 0.4145659722222222 0.05148148148148159 0.3130208333333332
6 0.4675983796296297 0.37635416666666666 0.046828703703703664 0.2097569444444444
10 0.3290740740740741 0.36609375 0.04140046296296296 0.15954861111111107
8 0.6400578703703703 0.3553993055555555 0.04361111111111118 0.20336805555555557
11 0.3581944444444445 0.3264930555555556 0.035555555555555604 0.08121527777777775
7 0.2900520833333333 0.31779513888888894 0.032013888888888876 0.05295138888888893
2 0.257349537037037 0.3794444444444444 0.043194444444444445 0.17524305555555558
13 0.49793402777777784 0.31324652777777773 0.03249999999999993 0.08576388888888893
0 0.39405092592592594 0.31942708333333336 0.032314814814814866 0.07326388888888893
1 0.5402604166666667 0.4262847222222222 0.051574074074074085 0.3192708333333332
15 0.27111689814814816 0.8338194444444443 0.03918981481481474 0.11572916666666658
4 0.5668460648148148 0.3211284722222222 0.039120370370370416 0.11104166666666666
3 0.5840451388888889 0.6377604166666666 0.02373842592592599 0.021354166666666785
15 0.30943287037037037 0.8344618055555555 0.037280092592592594 0.09222222222222243