9 0.5001909722222222 0.26058449074074075 0.4183680555555556 0.1480671296296297
5 0.3590451388888889 0.5271006944444444 0.20295138888888892 0.07444444444444435
10 0.36767361111111113 0.6337615740740741 0.2484375 0.08494212962962955
12 0.5634201388888889 0.18408564814814815 0.5099652777777779 0.1971875
8 0.3863888888888889 0.31426504629629626 0.20920138888888892 0.07481481481481485
0 0.29164930555555557 0.5569097222222222 0.07743055555555553 0.043599537037037096
6 0.34574652777777776 0.4919039351851852 0.1653125000000001 0.06597222222222214
1 0.33234375 0.4168171296296297 0.11982638888888886 0.055474537037036954
16 0.4224479166666667 0.35280671296296295 0.29545138888888883 0.0939699074074074
15 0.7907638888888888 0.7338541666666667 0.12614583333333335 0.05896990740740744
11 0.33088541666666665 0.5976099537037036 0.16215277777777787 0.06422453703703716
13 0.3104340277777778 0.4517534722222223 0.09000000000000004 0.04746527777777772
2 0.32309027777777777 0.7044618055555556 0.1809375000000001 0.0668981481481481
14 0.7954166666666667 0.6968113425925926 0.1276736111111111 0.057499999999999926
4 0.33394097222222224 0.38308449074074075 0.1151041666666666 0.05363425925925922
7 0.2665451388888889 0.6593113425925926 0.055486111111111035 0.03917824074074083
3 0.653125 0.4189293981481482 0.022465277777777716 0.027858796296296263