14 0.6322511574074074 0.13984375 0.06076388888888893 0.1171875
9 0.3665451388888889 0.56015625 0.16400462962962958 0.390625
1 0.5626388888888888 0.665625 0.05658564814814824 0.096875
0 0.6975231481481481 0.6453125 0.05265046296296294 0.08125
11 0.7295659722222222 0.63046875 0.051168981481481524 0.0828125
8 0.47046875000000005 0.69609375 0.051168981481481524 0.0828125
12 0.2779918981481481 0.53984375 0.23104166666666667 0.478125
6 0.6297974537037037 0.65 0.05337962962962965 0.0953125
16 0.4732291666666667 0.58359375 0.1201620370370371 0.2984375
10 0.7394965277777777 0.55078125 0.10285879629629627 0.2359375
5 0.659994212962963 0.6296875 0.06248842592592609 0.1203125
13 0.5993171296296296 0.66484375 0.049687499999999926 0.084375
4 0.5307291666666666 0.66796875 0.058796296296296194 0.109375
15 0.6663020833333333 0.13359375 0.06060185185185176 0.1140625
7 0.7991377314814814 0.63125 0.04181712962962969 0.053125
2 0.8144039351851852 0.5640625 0.08407407407407419 0.175
3 0.4448206018518518 0.3671875 0.024571759259259272 0.021875