9 0.2610821759259259 0.48538194444444444 0.1482060185185185 0.41759259259259257
14 0.7316840277777777 0.21016782407407408 0.060995370370370415 0.12895833333333329
11 0.6202835648148148 0.664236111111111 0.0700231481481481 0.1618865740740741
15 0.7712962962962963 0.21700810185185185 0.05931712962962958 0.12581018518518522
12 0.19071180555555556 0.4225868055555555 0.20474537037037038 0.5105671296296297
2 0.7292824074074075 0.6760127314814814 0.07077546296296297 0.18219907407407412
10 0.6653935185185185 0.6281655092592592 0.09375 0.2543749999999999
16 0.3623553240740741 0.5791203703703703 0.1197916666666667 0.24070601851851858
5 0.5505787037037038 0.6467881944444445 0.06545138888888893 0.16494212962962962
8 0.29921875 0.6164872685185185 0.06122685185185191 0.1352083333333333
6 0.5204282407407408 0.6166377314814815 0.07818287037037042 0.2135416666666666
7 0.6788194444444444 0.7299826388888888 0.041145833333333215 0.05682870370370381
3 0.4695601851851852 0.3438599537037037 0.029050925925925952 0.025416666666666643
1 0.44988425925925923 0.6007407407407407 0.0831018518518519 0.21986111111111112
13 0.47459490740740745 0.6722395833333333 0.04699074074074083 0.08814814814814813
0 0.5783854166666667 0.6980092592592593 0.04988425925925917 0.08194444444444446
4 0.4038483796296296 0.6407060185185186 0.05457175925925917 0.12417824074074062