4 0.5231423611111111 0.6440104166666666 0.04018518518518519 0.14340277777777785
9 0.6523206018518518 0.5227719907407408 0.07806712962962958 0.39276620370370363
14 0.277025462962963 0.18246527777777777 0.037245370370370345 0.11678240740740745
8 0.5911805555555556 0.6300925925925925 0.0482175925925926 0.17800925925925917
12 0.7311921296296295 0.48107638888888893 0.12578703703703695 0.47094907407407405
15 0.2425289351851852 0.18353587962962964 0.03700231481481477 0.11209490740740743
6 0.4203703703703704 0.618287037037037 0.04081018518518533 0.18553240740740745
1 0.49137152777777776 0.6076099537037036 0.044074074074073974 0.21840277777777786
13 0.45581597222222214 0.6743923611111111 0.03225694444444436 0.08072916666666678
10 0.2896412037037037 0.6486689814814814 0.038136574074074045 0.13396990740740744
16 0.5570659722222222 0.5936053240740741 0.048576388888889 0.24508101851851852
7 0.25538194444444445 0.6904513888888889 0.03540509259259252 0.05121527777777786
11 0.32119791666666664 0.6741030092592594 0.03686342592592595 0.07934027777777786
0 0.3562615740740741 0.6620949074074074 0.03643518518518522 0.10115740740740727
2 0.21947916666666667 0.6280671296296296 0.03983796296296296 0.16678240740740727
5 0.3902777777777778 0.625 0.041886574074074014 0.17621527777777785
3 0.5225868055555556 0.35280671296296295 0.021203703703703704 0.01793981481481488