5 0.371875 0.58359375 0.1984375 0.03125
14 0.8234375 0.71484375 0.1203125 0.034375
12 0.52890625 0.228125 0.49375 0.1
9 0.47734375 0.31640625 0.4046875 0.0546875
10 0.3953125 0.68828125 0.246875 0.0328125
8 0.33515625 0.37578125 0.1171875 0.03125
0 0.31015625 0.61875 0.0765625 0.03125
15 0.82578125 0.75078125 0.1125 0.0328125
6 0.36171875 0.54921875 0.178125 0.03125
11 0.35234375 0.6546875 0.1609375 0.03125
13 0.31796875 0.51484375 0.084375 0.028125
1 0.33125 0.47734375 0.1140625 0.03125
4 0.328125 0.44453125 0.1109375 0.0296875
16 0.39140625 0.41171875 0.2359375 0.03125
2 0.36015625 0.7609375 0.175 0.0328125
7 0.2953125 0.72265625 0.053125 0.0296875
3 0.653125 0.45390625 0.0203125 0.0265625