14 0.25203125000000004 0.7731770833333333 0.12456018518518519 0.05343750000000007
9 0.51796875 0.34968750000000004 0.4174189814814815 0.13677083333333329
12 0.4486805555555556 0.27036458333333335 0.505949074074074 0.18624999999999997
16 0.5857928240740741 0.44369791666666664 0.3125347222222222 0.10020833333333332
4 0.6900289351851852 0.4693229166666667 0.11665509259259252 0.05135416666666668
10 0.6987326388888888 0.7212500000000001 0.20820601851851847 0.07302083333333335
1 0.6625636574074074 0.50484375 0.1845833333333335 0.06833333333333336
11 0.7470601851851851 0.6832291666666667 0.09146990740740754 0.04656249999999993
15 0.2597685185185185 0.8118229166666667 0.11978009259259262 0.0515625
8 0.6678009259259259 0.39625 0.12787037037037052 0.056770833333333305
0 0.743275462962963 0.645625 0.08365740740740737 0.04604166666666672
13 0.7174942129629629 0.5388541666666666 0.08981481481481488 0.04489583333333336
6 0.6794155092592592 0.5791145833333333 0.18614583333333332 0.06843749999999993
2 0.7242245370370369 0.796875 0.18761574074074083 0.0669791666666665
7 0.7783391203703705 0.7514583333333333 0.06003472222222221 0.04135416666666671
5 0.7242361111111111 0.6132291666666667 0.10562500000000004 0.04906250000000014
3 0.3750231481481482 0.49812499999999993 0.016736111111111108 0.019791666666666784