14 0.8328125 0.68359375 0.146875 0.0328125
9 0.490625 0.3 0.396875 0.0515625
5 0.39375 0.565625 0.2015625 0.028125
12 0.5375 0.21953125 0.509375 0.09375
16 0.446875 0.39296875 0.309375 0.03125
6 0.3953125 0.5328125 0.20625 0.0328125
10 0.37109375 0.6703125 0.15625 0.03125
8 0.390625 0.359375 0.2 0.0296875
11 0.334375 0.63828125 0.078125 0.0296875
7 0.31953125 0.70546875 0.05 0.028125
2 0.378125 0.7421875 0.171875 0.03125
13 0.33515625 0.4984375 0.0828125 0.0265625
0 0.33125 0.60234375 0.0703125 0.028125
1 0.4515625 0.4640625 0.315625 0.0296875
15 0.83203125 0.759375 0.1125 0.03125
4 0.34921875 0.43046875 0.1078125 0.03125
3 0.6671875 0.434375 0.01875 0.021875
15 0.83671875 0.72109375 0.0890625 0.03125