9 0.7447395833333333 0.49872106481481476 0.0953125 0.4263310185185185
6 0.513263888888889 0.6413425925925926 0.036944444444444356 0.1174074074074074
12 0.8294618055555556 0.43957754629629625 0.13916666666666658 0.5035185185185185
1 0.5859201388888889 0.6375752314814814 0.04006944444444436 0.11756944444444457
4 0.6226215277777778 0.6348900462962963 0.03687499999999986 0.1142824074074074
8 0.6916319444444444 0.6078472222222222 0.04239583333333332 0.152025462962963
15 0.2798784722222222 0.20527199074074076 0.03701388888888886 0.12053240740740741
14 0.3188715277777778 0.20012152777777778 0.03704861111111111 0.1220949074074074
16 0.6524826388888889 0.570769675925926 0.04892361111111114 0.23508101851851854
0 0.45135416666666667 0.6711458333333333 0.03284722222222225 0.07349537037037024
7 0.3486458333333333 0.6952430555555555 0.03239583333333336 0.05318287037037024
10 0.37359375 0.6212094907407407 0.043333333333333356 0.19421296296296298
13 0.5511631944444444 0.6573668981481482 0.03468750000000007 0.08607638888888883
2 0.30744791666666665 0.6363715277777777 0.041319444444444464 0.1738194444444444
5 0.4782638888888888 0.615 0.04298611111111121 0.17858796296296298
11 0.4177083333333334 0.6705439814814815 0.03454861111111107 0.07982638888888882
3 0.5902256944444444 0.33857060185185184 0.028541666666666642 0.02020833333333334