9 0.6746238425925926 0.45453124999999994 0.060266203703703704 0.3802083333333332
14 0.3249826388888889 0.13755208333333332 0.03135416666666666 0.11447916666666669
10 0.3218229166666667 0.5615625 0.03717592592592593 0.19135416666666671
1 0.5191898148148149 0.5679166666666667 0.03368055555555553 0.16614583333333321
13 0.483431712962963 0.6108854166666667 0.029328703703703597 0.08312500000000007
12 0.7533391203703704 0.40947916666666667 0.09416666666666665 0.45583333333333337
4 0.5476793981481481 0.5941145833333333 0.029675925925925918 0.10656250000000007
11 0.3490451388888889 0.620625 0.030821759259259274 0.07854166666666665
15 0.2882523148148148 0.14078125 0.031238425925925916 0.10666666666666665
6 0.4504513888888889 0.5717187499999999 0.033773148148148205 0.17239583333333322
8 0.612638888888889 0.5819791666666667 0.03149305555555557 0.12385416666666664
16 0.5827777777777777 0.49031250000000004 0.04049768518518526 0.3102083333333333
0 0.38886574074074076 0.61953125 0.030752314814814774 0.07385416666666664
7 0.28714120370370366 0.6372395833333333 0.03040509259259263 0.050416666666666644
5 0.4194733796296296 0.608125 0.031053240740740763 0.09416666666666665
2 0.2535995370370371 0.58328125 0.03372685185185187 0.1692708333333332
3 0.5567534722222222 0.29770833333333335 0.01741898148148131 0.016770833333333356