16 0.43006365740740743 0.6179456018518519 0.04412037037037031 0.2371412037037036
9 0.33660300925925923 0.5292766203703704 0.07446759259259261 0.38797453703703705
1 0.4968518518518518 0.6456944444444445 0.04018518518518519 0.1823611111111111
8 0.3941956018518519 0.621568287037037 0.04379629629629633 0.21526620370370358
0 0.6336689814814814 0.7090972222222222 0.035509259259259275 0.07758101851851862
10 0.7037962962962963 0.5932581018518519 0.04686342592592592 0.3168749999999999
11 0.6679976851851851 0.7069907407407408 0.0340162037037036 0.08222222222222228
2 0.772818287037037 0.6663657407407407 0.04006944444444436 0.1745486111111111
15 0.7654166666666666 0.21946759259259258 0.03287037037037042 0.11030092592592596
6 0.56484375 0.6492708333333334 0.04023148148148152 0.1854861111111111
14 0.7278935185185185 0.2167939814814815 0.0329629629629629 0.11655092592592595
12 0.25625578703703705 0.48238425925925926 0.11186342592592595 0.48747685185185186
4 0.4611458333333333 0.6602546296296297 0.038090277777777716 0.14637731481481478
7 0.7354282407407406 0.7253877314814815 0.030474537037036953 0.05400462962962962
13 0.5311863425925927 0.6966898148148148 0.035648148148148096 0.08695601851851861
5 0.5999768518518518 0.6487499999999999 0.042025462962963014 0.20115740740740745
3 0.47163773148148147 0.3669444444444444 0.020613425925925986 0.0209143518518518