9 0.4297569444444444 0.2769097222222222 0.38886574074074076 0.16664351851851852
14 0.8255324074074075 0.532986111111111 0.12018518518518491 0.06388888888888893
5 0.37643518518518515 0.5539351851851853 0.1802083333333334 0.07946759259259259
15 0.8330034722222223 0.5692187499999999 0.12042824074074047 0.06857638888888892
2 0.40402777777777776 0.7130092592592593 0.1724768518518518 0.08062499999999986
12 0.45933449074074073 0.18733217592592594 0.4756712962962963 0.21789351851851854
6 0.39162037037037034 0.5165277777777778 0.2247685185185185 0.09736111111111115
7 0.3392534722222222 0.7000057870370371 0.05835648148148156 0.04354166666666668
11 0.3755381944444444 0.6163136574074074 0.15800925925925924 0.07208333333333332
10 0.4257638888888889 0.6394212962962963 0.2421990740740741 0.10293981481481485
16 0.41938657407407404 0.371724537037037 0.33379629629629637 0.12638888888888894
8 0.2865335648148148 0.3793923611111111 0.07734953703703704 0.04920138888888888
1 0.37713541666666667 0.4502719907407407 0.22781249999999992 0.09596064814814831
13 0.31668981481481484 0.5040509259259259 0.08853009259259262 0.054456018518518515
0 0.33284143518518516 0.5982696759259258 0.08047453703703704 0.04936342592592595
4 0.3162673611111111 0.4370659722222222 0.11369212962962968 0.05887731481481477
3 0.6143634259259259 0.35304398148148153 0.023009259259259274 0.023009259259259274