5 0.39250578703703703 0.6272974537037037 0.08420138888888892 0.20681712962962956
9 0.6900752314814815 0.5896469907407408 0.17170138888888892 0.41834490740740743
8 0.5899016203703703 0.7201909722222222 0.06383101851851851 0.12075231481481481
13 0.44366319444444446 0.7019155092592593 0.05341435185185191 0.0925578703703703
1 0.49097222222222225 0.6694444444444445 0.07679398148148149 0.1755208333333332
14 0.3939814814814815 0.14436342592592594 0.062442129629629584 0.12542824074074072
12 0.7841435185185185 0.5606481481481482 0.23165509259259273 0.5187615740740741
15 0.3544849537037037 0.13469328703703703 0.0640625 0.1270023148148148
6 0.41958912037037044 0.655630787037037 0.07980324074074083 0.17241898148148138
4 0.5201967592592592 0.7032638888888889 0.06070601851851851 0.12072916666666664
10 0.3031828703703704 0.5492708333333333 0.11967592592592595 0.32111111111111124
16 0.5711516203703704 0.6567534722222221 0.09467592592592596 0.23657407407407405
0 0.3388599537037037 0.6831655092592592 0.051446759259259345 0.0816087962962964
2 0.21004050925925927 0.59546875 0.08194444444444446 0.18805555555555564
11 0.3065104166666667 0.6704224537037037 0.05335648148148149 0.09099537037037031
7 0.2299479166666667 0.6698553240740741 0.04444444444444447 0.06125000000000007
3 0.5994212962962964 0.37876157407407407 0.03067129629629619 0.026782407407407404