5 0.46352430555555557 0.62859375 0.067326388888889 0.21996527777777786
4 0.60578125 0.6380381944444444 0.060138888888888783 0.17750000000000005
14 0.27842013888888884 0.20125 0.04815972222222218 0.1301388888888889
9 0.73203125 0.524236111111111 0.12184027777777776 0.4253125000000001
6 0.4926909722222222 0.6064756944444445 0.07430555555555571 0.2530555555555555
1 0.5659722222222221 0.6027083333333334 0.07444444444444435 0.2593055555555555
15 0.24565972222222224 0.20213541666666668 0.04805555555555561 0.1254513888888889
16 0.6311805555555555 0.5517534722222222 0.08718749999999993 0.34104166666666663
12 0.8088715277777778 0.46989583333333335 0.1738888888888887 0.5197222222222223
10 0.3434548611111111 0.5639409722222222 0.09100694444444439 0.37243055555555565
7 0.3336631944444444 0.7203819444444445 0.040451388888888926 0.06423611111111108
11 0.39946180555555555 0.6959895833333334 0.04743055555555546 0.09732638888888889
8 0.684375 0.6626041666666667 0.04930555555555553 0.1114583333333334
13 0.5403298611111111 0.6780555555555556 0.04760416666666671 0.10513888888888889
2 0.28456597222222224 0.6534201388888888 0.06552083333333333 0.20895833333333336
0 0.43689236111111107 0.69453125 0.04572916666666664 0.09100694444444439
3 0.5574305555555557 0.35881944444444447 0.025486111111111143 0.022986111111111106