5 0.375 0.60078125 0.175 0.028125
12 0.4953125 0.25390625 0.48125 0.1
14 0.78828125 0.70234375 0.1140625 0.0296875
9 0.45546875 0.33984375 0.4 0.0609375
2 0.37265625 0.76875 0.165625 0.028125
6 0.36640625 0.56875 0.1625 0.028125
4 0.35078125 0.46640625 0.1375 0.028125
15 0.78984375 0.73671875 0.1125 0.03125
1 0.365625 0.5 0.1625 0.0296875
11 0.3609375 0.66875 0.1484375 0.0265625
13 0.32734375 0.5375 0.0828125 0.0265625
8 0.33984375 0.39921875 0.115625 0.028125
16 0.41484375 0.43203125 0.2734375 0.0328125
10 0.3953125 0.70078125 0.2203125 0.028125
3 0.62421875 0.459375 0.0203125 0.028125
0 0.32265625 0.6375 0.0703125 0.0265625
7 0.31328125 0.73515625 0.0484375 0.0265625