9 0.5022685185185185 0.38523148148148145 0.36978009259259254 0.06903935185185191
14 0.8320138888888888 0.7490509259259259 0.15450231481481466 0.034502314814814736
12 0.5599363425925926 0.31030671296296297 0.4749305555555555 0.11344907407407412
8 0.38277199074074075 0.43980902777777775 0.09364583333333334 0.032905092592592666
15 0.8356944444444444 0.7749537037037036 0.11527777777777785 0.02935185185185176
11 0.3876851851851852 0.7299074074074074 0.07645833333333334 0.03201388888888897
16 0.4766898148148148 0.4929861111111111 0.28761574074074064 0.07724537037037038
0 0.39700231481481485 0.6992245370370369 0.09833333333333324 0.03314814814814824
10 0.42869212962962966 0.7694328703703703 0.1578703703703704 0.0393518518518519
7 0.37714699074074076 0.7971469907407407 0.04989583333333325 0.030636574074074118
2 0.4084548611111112 0.8299363425925925 0.10302083333333342 0.03339120370370381
5 0.4251504629629629 0.671076388888889 0.15927083333333342 0.03630787037037031
6 0.39359953703703704 0.6335995370370371 0.10013888888888892 0.03791666666666664
1 0.47078703703703706 0.5744907407407407 0.2545833333333333 0.04125000000000014
4 0.39186342592592593 0.5400115740740741 0.10162037037037042 0.03643518518518505
13 0.39288194444444446 0.6047337962962963 0.09825231481481485 0.03158564814814824
3 0.6913657407407408 0.5609953703703703 0.018159722222222285 0.019641203703703702