14 0.7881423611111111 0.7487442129629629 0.1503819444444444 0.051446759259259164
9 0.4913541666666667 0.3261689814814815 0.40354166666666663 0.10042824074074072
5 0.3642708333333333 0.5779861111111111 0.20500000000000007 0.05271990740740744
12 0.5471354166666667 0.25153935185185183 0.5198263888888889 0.15634259259259267
16 0.4373611111111112 0.4134201388888889 0.31329861111111124 0.06924768518518523
6 0.36960069444444443 0.5461574074074074 0.2098958333333334 0.057650462962962834
10 0.32999999999999996 0.6795717592592593 0.15968750000000007 0.05037037037037031
8 0.3851215277777778 0.37312500000000004 0.20350694444444448 0.054201388888888855
11 0.29715277777777777 0.6434143518518519 0.08121527777777775 0.03850694444444436
7 0.27470486111111114 0.7080266203703703 0.05295138888888893 0.033923611111111106
2 0.32914930555555555 0.751568287037037 0.17538194444444438 0.052743055555555605
13 0.31430555555555556 0.5041377314814814 0.08583333333333334 0.03718749999999993
0 0.29796875 0.6074363425925926 0.07333333333333325 0.036539351851851976
1 0.4334201388888889 0.4844733796296296 0.3194791666666667 0.06800925925925938
15 0.7785243055555556 0.8242013888888888 0.11579861111111107 0.04497685185185176
4 0.3360069444444444 0.43870370370370376 0.11111111111111108 0.04473379629629619
3 0.6512673611111112 0.48089120370370375 0.021354166666666785 0.02449074074074069
15 0.7872569444444444 0.7862847222222222 0.09229166666666658 0.04219907407407408