9 0.4609375 0.29375 0.4109375 0.059375
5 0.35625 0.57109375 0.1984375 0.03125
10 0.37890625 0.67578125 0.2453125 0.0328125
12 0.51328125 0.21171875 0.4984375 0.090625
8 0.3546875 0.3578125 0.2046875 0.03125
0 0.29296875 0.60703125 0.0734375 0.028125
6 0.33828125 0.5375 0.1609375 0.03125
1 0.31484375 0.46484375 0.115625 0.03125
16 0.39609375 0.3921875 0.2921875 0.03125
15 0.8140625 0.73359375 0.121875 0.0328125
11 0.3375 0.64375 0.1578125 0.0296875
13 0.29765625 0.5015625 0.0859375 0.0296875
2 0.34453125 0.75 0.1765625 0.0296875
14 0.81328125 0.69609375 0.1234375 0.03125
4 0.31171875 0.43125 0.1109375 0.0296875
7 0.28203125 0.7109375 0.0515625 0.028125
3 0.634375 0.43515625 0.01875 0.0234375