9 0.515798611111111 0.359375 0.37281250000000005 0.1125
14 0.7714930555555556 0.75625 0.15586805555555544 0.053125
12 0.5893229166666667 0.29296875 0.48187499999999994 0.16875
8 0.38541666666666663 0.3984375 0.0962847222222222 0.04375
15 0.7697222222222222 0.78203125 0.11656250000000004 0.0421875
11 0.3315798611111111 0.6828125 0.07902777777777778 0.040625
16 0.4688541666666667 0.46171875 0.2930902777777778 0.1109375
0 0.34734375 0.65390625 0.10097222222222228 0.04375
10 0.36458333333333337 0.7265625 0.16065972222222227 0.0578125
7 0.3072222222222222 0.746875 0.05392361111111103 0.0359375
2 0.3314583333333333 0.7828125 0.10569444444444445 0.0453125
5 0.3811805555555555 0.6296875 0.16215277777777776 0.0546875
6 0.3568402777777778 0.5890625 0.10423611111111111 0.05
1 0.44638888888888884 0.540625 0.25628472222222226 0.071875
4 0.3743402777777778 0.49765625 0.10576388888888885 0.0484375
13 0.36246527777777776 0.5609375 0.10097222222222228 0.04375
3 0.6693576388888889 0.5546875 0.020798611111111143 0.021875