10 0.35703125 0.69765625 0.209375 0.034375
9 0.4578125 0.3015625 0.425 0.05625
5 0.35234375 0.58984375 0.209375 0.03125
12 0.5078125 0.2125 0.5234375 0.09375
6 0.3484375 0.55234375 0.1984375 0.0328125
14 0.8234375 0.70625 0.121875 0.0328125
16 0.36171875 0.40859375 0.228125 0.0328125
1 0.3453125 0.48046875 0.19375 0.0328125
15 0.825 0.7421875 0.115625 0.0328125
2 0.34453125 0.77421875 0.1859375 0.03125
11 0.29609375 0.6640625 0.084375 0.03125
4 0.30703125 0.44296875 0.11875 0.0296875
13 0.29140625 0.515625 0.0875 0.0296875
8 0.30234375 0.3671875 0.1015625 0.0328125
0 0.28828125 0.6265625 0.0765625 0.03125
7 0.278125 0.73515625 0.05625 0.03125
3 0.6421875 0.44140625 0.01875 0.021875