9 0.5346296296296297 0.24875578703703702 0.42384259259259255 0.10144675925925925
10 0.685300925925926 0.6244791666666667 0.20728009259259253 0.05133101851851851
14 0.2325636574074074 0.6874421296296296 0.12253472222222221 0.04195601851851869
12 0.47411458333333334 0.16565393518518517 0.517060185185185 0.14855324074074075
5 0.6827719907407408 0.5157407407407407 0.18999999999999986 0.049131944444444464
6 0.6852835648148148 0.47884837962962956 0.1807175925925925 0.05034722222222214
8 0.6638831018518518 0.30269097222222224 0.17915509259259252 0.050289351851851904
15 0.23717592592592593 0.725636574074074 0.11628472222222222 0.041724537037037025
4 0.6983796296296296 0.36953125 0.12087962962962955 0.04033564814814809
2 0.7082175925925925 0.6940972222222223 0.18200231481481488 0.04571759259259256
1 0.6772569444444445 0.40946180555555556 0.18053240740740736 0.047222222222222145
16 0.6060416666666667 0.3439814814814815 0.3074652777777779 0.05815972222222223
11 0.7399247685185185 0.5817418981481481 0.08815972222222221 0.04068287037037024
7 0.7651851851851852 0.6512731481481481 0.0565393518518519 0.03327546296296298
13 0.7237789351851852 0.44140625 0.08962962962962955 0.03917824074074083
0 0.7370138888888889 0.5458333333333334 0.08815972222222221 0.04068287037037024
3 0.3751388888888889 0.411255787037037 0.021793981481481418 0.02575231481481488