9 0.46015625 0.35625 0.3625 0.046875
12 0.49921875 0.28203125 0.3484375 0.0859375
6 0.3625 0.57109375 0.1328125 0.028125
5 0.3703125 0.603125 0.1453125 0.028125
11 0.33828125 0.665625 0.0828125 0.028125
7 0.3234375 0.728125 0.053125 0.0265625
16 0.43359375 0.44921875 0.275 0.0296875
2 0.38671875 0.759375 0.184375 0.0296875
8 0.384375 0.41875 0.165625 0.0296875
0 0.3359375 0.63515625 0.075 0.028125
10 0.4171875 0.69453125 0.2328125 0.028125
13 0.34296875 0.54296875 0.09375 0.028125
14 0.76875 0.7 0.115625 0.0234375
4 0.3515625 0.48046875 0.1125 0.0265625
15 0.76953125 0.7234375 0.1015625 0.021875
1 0.34921875 0.5109375 0.1078125 0.034375
3 0.61796875 0.48046875 0.0203125 0.028125