14 0.7901562500000001 0.2485358796296296 0.05569444444444436 0.11641203703703704
4 0.4492881944444445 0.6294907407407407 0.06253472222222207 0.1430671296296296
13 0.5065104166666666 0.6724074074074073 0.050277777777777644 0.08353009259259263
9 0.35239583333333335 0.48947337962962967 0.13815972222222223 0.3831712962962964
15 0.8263020833333334 0.2573784722222222 0.05569444444444436 0.11641203703703704
12 0.28684027777777776 0.42323495370370373 0.19625000000000004 0.4668171296296295
10 0.6822395833333333 0.6322916666666666 0.08645833333333339 0.2355787037037036
6 0.5500694444444445 0.6279976851851852 0.07927083333333336 0.1932986111111111
16 0.4332465277777778 0.5406365740740741 0.1067708333333334 0.3061689814814814
5 0.5800694444444444 0.6416203703703705 0.07107638888888879 0.17599537037037044
2 0.7380208333333333 0.6807002314814815 0.07090277777777772 0.16818287037037044
11 0.6345138888888889 0.7002083333333333 0.04552083333333332 0.08033564814814813
7 0.6937326388888889 0.7274652777777778 0.038715277777777855 0.05524305555555564
3 0.5142534722222223 0.35265625 0.03180555555555564 0.025462962962962975
1 0.4813715277777778 0.6313599537037037 0.06423611111111108 0.14934027777777778
8 0.39619791666666665 0.5615046296296297 0.09468750000000004 0.2544444444444444
0 0.6028819444444444 0.6834837962962963 0.04906249999999997 0.09913194444444447