9 0.45223958333333336 0.3302083333333333 0.4092476851851853 0.10291666666666668
12 0.4957465277777778 0.24177083333333335 0.5021064814814815 0.14959490740740744
16 0.4366608796296296 0.43234374999999997 0.3541666666666668 0.07554398148148156
4 0.3367824074074074 0.47540509259259256 0.1506712962962963 0.047534722222222214
15 0.8448553240740739 0.7290798611111111 0.12098379629629648 0.047094907407407405
8 0.33395254629629634 0.4026909722222222 0.16163194444444445 0.049259259259259204
1 0.3816666666666667 0.5049826388888888 0.2336226851851852 0.05813657407407398
10 0.4497164351851852 0.7115046296296297 0.3307060185185186 0.07363425925925923
14 0.8423206018518519 0.6891898148148148 0.12252314814814795 0.04555555555555557
5 0.3691203703703704 0.6134143518518519 0.18509259259259253 0.051168981481481524
2 0.3805787037037037 0.7894039351851851 0.18201388888888897 0.05424768518518519
11 0.35007523148148145 0.6858043981481481 0.1397337962962963 0.047372685185185226
7 0.31771412037037033 0.7603414351851852 0.055219907407407474 0.03674768518518512
13 0.31147569444444445 0.5484837962962963 0.08805555555555555 0.03879629629629626
6 0.3915277777777778 0.5778009259259259 0.23833333333333329 0.05976851851851848
0 0.3193113425925926 0.6525289351851852 0.08182870370370372 0.040266203703703596
3 0.6403703703703704 0.4486458333333333 0.017465277777777642 0.019004629629629656