9 0.46640625 0.32109375 0.3875 0.0546875
14 0.7953125 0.7046875 0.1125 0.028125
12 0.5125 0.2421875 0.46875 0.0890625
10 0.42109375 0.71640625 0.3078125 0.03125
8 0.35234375 0.3796875 0.1625 0.0328125
16 0.3984375 0.4171875 0.2546875 0.0359375
7 0.29296875 0.75078125 0.0515625 0.028125
15 0.7984375 0.73828125 0.1078125 0.03125
11 0.31015625 0.68359375 0.08125 0.0296875
2 0.35703125 0.7859375 0.16875 0.03125
0 0.3046875 0.65234375 0.0703125 0.03125
13 0.31171875 0.55234375 0.084375 0.028125
4 0.32734375 0.44921875 0.1125 0.028125
1 0.3421875 0.48125 0.1421875 0.0296875
6 0.31875 0.5828125 0.0875 0.0296875
1 0.31875 0.5203125 0.090625 0.0296875
5 0.3296875 0.61796875 0.1171875 0.028125
3 0.63125 0.4890625 0.0125 0.01875