9 0.2757118055555555 0.5530381944444445 0.12653935185185183 0.429224537037037
14 0.7191550925925926 0.8705729166666666 0.05021990740740741 0.12390046296296298
12 0.18980324074074076 0.5975115740740742 0.179375 0.5189814814814815
15 0.7590104166666667 0.8727430555555555 0.05168981481481474 0.1177662037037038
1 0.43569444444444444 0.47103587962962956 0.08072916666666678 0.2869212962962962
2 0.7254687499999999 0.3916087962962963 0.06530092592592603 0.1936921296296296
16 0.3640798611111111 0.500925925925926 0.08930555555555557 0.3390625
13 0.46068287037037037 0.36808449074074073 0.04672453703703709 0.09866898148148148
8 0.31899305555555557 0.42954282407407407 0.062106481481481526 0.1887731481481481
4 0.3860821759259259 0.3883680555555556 0.051851851851851816 0.1287037037037037
5 0.5374479166666667 0.41287615740740746 0.0654166666666665 0.2015046296296296
6 0.4995601851851852 0.38347800925925923 0.051898148148148235 0.13182870370370364
0 0.5688310185185186 0.3534143518518519 0.04497685185185176 0.08605324074074075
10 0.6464699074074074 0.39201388888888894 0.06194444444444436 0.1778356481481481
11 0.6136574074074075 0.38958333333333334 0.05863425925925938 0.1651041666666667
7 0.6794270833333333 0.33188657407407407 0.038402777777777786 0.06371527777777777
3 0.44063078703703706 0.7185474537037038 0.025324074074074155 0.023726851851851905