9 0.46953125 0.26953125 0.415625 0.0640625
10 0.3609375 0.65625 0.203125 0.0328125
14 0.81796875 0.678125 0.11875 0.03125
12 0.5203125 0.18125 0.5046875 0.103125
5 0.3515625 0.54765625 0.1859375 0.0328125
6 0.34453125 0.5109375 0.1765625 0.034375
8 0.346875 0.334375 0.175 0.034375
15 0.81796875 0.71640625 0.1125 0.03125
4 0.31953125 0.40390625 0.1171875 0.0296875
2 0.34609375 0.72734375 0.178125 0.0296875
1 0.3453125 0.44140625 0.1765625 0.03125
16 0.40859375 0.3703125 0.303125 0.03125
11 0.30234375 0.61796875 0.084375 0.0328125
7 0.284375 0.68984375 0.053125 0.028125
13 0.30234375 0.47734375 0.0859375 0.03125
0 0.30078125 0.58203125 0.084375 0.0328125
3 0.64609375 0.41640625 0.01875 0.0234375