5 0.6407349537037037 0.5353993055555556 0.19040509259259258 0.04951388888888886
9 0.5395891203703703 0.3127951388888889 0.35709490740740757 0.0891319444444445
8 0.6734953703703704 0.3519791666666666 0.09793981481481495 0.038090277777777716
2 0.6636805555555556 0.6832291666666667 0.15598379629629627 0.04718750000000007
15 0.26526041666666667 0.7178472222222222 0.10896990740740745 0.041458333333333285
10 0.6810879629629629 0.6227256944444445 0.1151736111111111 0.040034722222222284
16 0.6317592592592594 0.3903819444444444 0.18732638888888892 0.051006944444444535
12 0.5026099537037038 0.24335069444444443 0.43486111111111114 0.13145833333333332
14 0.26395833333333335 0.6827430555555555 0.10579861111111111 0.039826388888888786
6 0.6368344907407407 0.5089409722222222 0.19045138888888893 0.05107638888888886
4 0.675619212962963 0.41204861111111113 0.09784722222222228 0.03496527777777771
1 0.6347106481481481 0.4488715277777778 0.19201388888888893 0.05111111111111111
13 0.6933912037037038 0.47098958333333324 0.07597222222222229 0.034479166666666575
0 0.7024479166666666 0.5605729166666666 0.06342592592592596 0.032638888888888926
11 0.7016145833333333 0.5886979166666666 0.07128472222222229 0.034375
7 0.7185821759259259 0.6484375 0.049409722222222285 0.03388888888888886
3 0.40137152777777774 0.44546875 0.01930555555555564 0.019166666666666644