9 0.4125289351851852 0.33042245370370366 0.3836805555555555 0.11343750000000004
14 0.7853877314814814 0.6356655092592594 0.11730324074074083 0.04702546296296291
5 0.3415509259259259 0.6024189814814814 0.1833912037037037 0.06049768518518519
16 0.33200231481481485 0.43858796296296293 0.2054976851851852 0.06707175925925916
1 0.3138888888888889 0.5060069444444444 0.15196759259259257 0.055347222222222214
15 0.7903935185185185 0.6691666666666667 0.11099537037037024 0.04537037037037024
12 0.44620949074074073 0.24325231481481482 0.4649305555555555 0.15680555555555556
13 0.28747106481481477 0.5446585648148148 0.08900462962962959 0.04192129629629626
0 0.29551504629629627 0.6437037037037037 0.07644675925925926 0.040173611111111104
4 0.3088831018518518 0.4725057870370371 0.14872685185185192 0.05217592592592588
6 0.32161458333333337 0.5714814814814815 0.14878472222222222 0.053738425925925884
2 0.35659722222222223 0.7653877314814815 0.17413194444444446 0.06348379629629619
7 0.2957175925925926 0.7436458333333333 0.05601851851851851 0.03674768518518512
10 0.4188078703703703 0.6879456018518518 0.3125 0.08895833333333325
8 0.2547453703703703 0.41630787037037037 0.056076388888888926 0.03831018518518512
11 0.2997974537037037 0.6756539351851852 0.08275462962962958 0.0418287037037036
3 0.591724537037037 0.4253703703703703 0.019560185185185118 0.022152777777777643