4 0.35414930555555557 0.5136168981481481 0.1428587962962963 0.046365740740740694
9 0.46249421296296295 0.37299768518518517 0.37636574074074075 0.09496527777777768
12 0.49809606481481483 0.2904398148148148 0.4677083333333334 0.14407407407407408
1 0.3700925925925926 0.5449884259259259 0.1757407407407408 0.051296296296296263
10 0.46425925925925926 0.7285185185185185 0.30880787037037044 0.06946759259259246
14 0.8304050925925924 0.6960706018518519 0.11151620370370381 0.03988425925925938
5 0.3443923611111111 0.6448090277777778 0.09745370370370363 0.03978009259259245
13 0.33125578703703706 0.582204861111111 0.08493055555555555 0.038125000000000145
15 0.8337905092592592 0.7312557870370371 0.10843750000000014 0.04298611111111104
7 0.3361400462962963 0.7799189814814815 0.05204861111111114 0.033194444444444395
11 0.3441898148148148 0.7112210648148147 0.07868055555555556 0.03807870370370381
0 0.3399652777777778 0.6799363425925925 0.07553240740740738 0.03649305555555564
6 0.3793229166666666 0.6075636574074075 0.17259259259259263 0.049710648148148094
16 0.44389467592592596 0.4681828703703704 0.32758101851851845 0.07116898148148146
8 0.3363483796296296 0.4494155092592592 0.11939814814814813 0.044629629629629616
3 0.6437789351851853 0.47747685185185185 0.023900462962962978 0.03142361111111107
2 0.40142939814814815 0.8030613425925924 0.1741782407407408 0.051284722222222