9 0.7177372685185185 0.5325520833333334 0.11753472222222214 0.39097222222222217
13 0.5042245370370371 0.38776041666666666 0.04027777777777786 0.08223379629629628
14 0.40471643518518513 0.8799768518518519 0.05254629629629619 0.12199074074074048
12 0.8017650462962964 0.5760706018518518 0.16863425925925918 0.47245370370370365
6 0.47433449074074074 0.4142939814814815 0.05023148148148149 0.13269675925925917
5 0.44464699074074077 0.41209490740740745 0.049421296296296366 0.12175925925925916
0 0.4046875 0.3866030092592593 0.04137731481481488 0.07609953703703702
11 0.37734375 0.42653356481481486 0.05509259259259256 0.15636574074074083
15 0.3715277777777778 0.8829571759259259 0.05399305555555554 0.12054398148148167
1 0.541724537037037 0.41151620370370373 0.050115740740740836 0.13113425925925917
4 0.5722222222222222 0.4036747685185185 0.04525462962962958 0.10746527777777785
8 0.6377893518518519 0.4077546296296296 0.049537037037037025 0.12332175925925917
7 0.3048032407407407 0.3807581018518519 0.03663194444444447 0.05399305555555554
10 0.353125 0.4666956018518519 0.06967592592592595 0.2273726851851851
2 0.28347800925925926 0.4390046296296296 0.05949074074074075 0.17378472222222213
16 0.613454861111111 0.46733217592592596 0.07129629629629619 0.2492476851851851
3 0.6201099537037037 0.7040219907407408 0.020023148148148096 0.018576388888888927