9 0.544704861111111 0.3360300925925926 0.39177083333333335 0.07246527777777771
14 0.24015625 0.7163368055555556 0.11381944444444443 0.03302083333333332
12 0.49357638888888894 0.25649305555555557 0.4746180555555554 0.11081018518518526
10 0.6145833333333333 0.7321122685185185 0.30940972222222224 0.045057870370370345
8 0.6620833333333334 0.3964641203703704 0.16409722222222226 0.040752314814814825
16 0.6184722222222222 0.4334027777777777 0.25649305555555557 0.04817129629629626
7 0.7449131944444444 0.767962962962963 0.052881944444444426 0.03121527777777775
15 0.23852430555555557 0.749837962962963 0.10927083333333334 0.0360069444444445
11 0.7232118055555555 0.7010011574074074 0.08263888888888893 0.03365740740740737
2 0.6824826388888889 0.8027835648148148 0.17027777777777775 0.03937500000000007
0 0.7265104166666667 0.6698900462962962 0.07177083333333342 0.034895833333333216
13 0.7134722222222222 0.5696354166666666 0.08569444444444443 0.032187500000000036
4 0.6917013888888889 0.46600115740740744 0.11381944444444443 0.03302083333333332
1 0.6790625 0.4976157407407407 0.14364583333333342 0.03702546296296294
6 0.7085763888888889 0.5999189814814814 0.08888888888888893 0.03384259259259252
1 0.7042361111111111 0.5373726851851852 0.09201388888888892 0.03393518518518519
5 0.6999826388888889 0.6347743055555556 0.11850694444444443 0.033159722222222146
3 0.3905902777777778 0.5023321759259259 0.013333333333333286 0.01912037037037031