9 0.475 0.3015625 0.40625 0.0546875
5 0.38984375 0.57421875 0.225 0.0296875
15 0.8265625 0.72890625 0.1171875 0.03125
12 0.52421875 0.21875 0.4875 0.09375
14 0.8265625 0.69453125 0.1171875 0.0296875
10 0.37890625 0.68046875 0.1984375 0.034375
7 0.3046875 0.71640625 0.053125 0.028125
1 0.3859375 0.46953125 0.2234375 0.0296875
6 0.38671875 0.54140625 0.2234375 0.0328125
8 0.3390625 0.3625 0.125 0.0296875
0 0.3171875 0.6078125 0.0765625 0.03125
2 0.36796875 0.75234375 0.1765625 0.0296875
13 0.31796875 0.50625 0.0859375 0.028125
11 0.31953125 0.64765625 0.0796875 0.0296875
16 0.45703125 0.40078125 0.3671875 0.0375
4 0.33359375 0.43515625 0.109375 0.028125
3 0.653125 0.4375 0.015625 0.01875