14 0.3034953703703704 0.7728472222222222 0.04778935185185187 0.12586805555555552
9 0.7255439814814815 0.4578819444444445 0.09983796296296302 0.4050231481481482
15 0.26440972222222225 0.7717476851851851 0.044641203703703704 0.12258101851851855
5 0.47001736111111114 0.35780671296296296 0.052986111111111 0.1948611111111111
13 0.5431250000000001 0.3094675925925926 0.038136574074074045 0.08788194444444439
12 0.7978240740740741 0.5088425925925926 0.1520833333333332 0.49988425925925917
6 0.5035590277777777 0.3490335648148148 0.051284722222222176 0.1760300925925926
10 0.36255208333333333 0.4102719907407407 0.07105324074074071 0.31450231481481483
8 0.6754050925925925 0.33621527777777777 0.04312499999999986 0.12875000000000006
7 0.343599537037037 0.2783912037037037 0.033194444444444395 0.05326388888888891
2 0.30260995370370375 0.33678819444444447 0.051296296296296263 0.1775925925925926
16 0.6367997685185186 0.3999594907407408 0.06123842592592581 0.25464120370370374
4 0.6082407407407407 0.34282407407407406 0.044791666666666605 0.14289351851851856
1 0.5744849537037038 0.32269097222222226 0.04298611111111121 0.10999999999999996
11 0.4109664351851852 0.29912615740740744 0.0396643518518518 0.08327546296296298
0 0.44456018518518514 0.29738425925925926 0.03648148148148138 0.0753009259259259
3 0.5719733796296296 0.6166840277777779 0.028321759259259238 0.02802083333333343