14 0.8314641203703704 0.6309374999999999 0.1430555555555557 0.048958333333333215
8 0.42388888888888887 0.36140625000000004 0.3115393518518518 0.07643518518518526
4 0.36034143518518513 0.44275462962962964 0.17775462962962968 0.05571759259259253
9 0.4523321759259259 0.29462962962962963 0.4179282407407408 0.11079861111111108
11 0.33427662037037037 0.6593807870370371 0.09922453703703704 0.04674768518518526
12 0.4840509259259259 0.20984953703703707 0.4089351851851852 0.14813657407407402
13 0.3291898148148148 0.5165972222222222 0.10539351851851855 0.04527777777777775
2 0.40014467592592595 0.7591087962962962 0.21557870370370366 0.06252314814814816
5 0.36723379629629627 0.5808275462962963 0.1715856481481482 0.05718750000000004
7 0.321875 0.7329456018518519 0.06608796296296297 0.040011574074074116
1 0.3366840277777778 0.4774537037037037 0.11797453703703704 0.04702546296296291
0 0.3315740740740741 0.6211689814814815 0.09124999999999997 0.04350694444444443
10 0.47483217592592586 0.6736921296296297 0.37748842592592596 0.08365740740740737
16 0.4282349537037037 0.3980324074074074 0.32436342592592593 0.08287037037037033
6 0.35639467592592594 0.5489814814814815 0.1572800925925925 0.052291666666666715
15 0.8361342592592592 0.6613136574074074 0.12241898148148138 0.04240740740740741
3 0.6415682870370369 0.4089236111111111 0.02998842592592581 0.036354166666666646