9 0.7100231481481482 0.49307291666666664 0.15356481481481482 0.38531250000000006
14 0.40934027777777776 0.10447916666666668 0.059976851851851976 0.11916666666666664
10 0.3495949074074074 0.5257291666666667 0.08473379629629632 0.1955208333333335
1 0.5421759259259259 0.5725 0.07387731481481481 0.16989583333333336
13 0.5011516203703703 0.6081770833333333 0.04875000000000007 0.08729166666666668
12 0.7930092592592592 0.46401041666666665 0.20506944444444458 0.46656250000000005
4 0.5660879629629629 0.6054166666666667 0.056388888888889 0.1111458333333335
11 0.3675 0.5896354166666666 0.050127314814814736 0.08427083333333343
15 0.37298611111111113 0.09984375 0.05795138888888882 0.11125
6 0.4741087962962963 0.5621354166666667 0.07581018518518512 0.17624999999999993
8 0.6320370370370371 0.6065104166666666 0.06209490740740744 0.1286458333333332
16 0.6152662037037037 0.5088020833333333 0.1181481481481482 0.3129166666666666
0 0.40716435185185185 0.5971875 0.048287037037037094 0.07947916666666668
7 0.30495370370370367 0.5930208333333333 0.042210648148148164 0.05572916666666679
5 0.43827546296296294 0.5927604166666667 0.054178240740740694 0.10010416666666658
2 0.27942129629629625 0.5327604166666667 0.07562499999999997 0.17312499999999992
3 0.6153645833333333 0.3119270833333333 0.02142361111111111 0.02010416666666668