9 0.509982638888889 0.2510416666666667 0.3860069444444445 0.16076388888888893
15 0.7433680555555556 0.7239583333333334 0.11850694444444443 0.06458333333333321
12 0.5725173611111111 0.17944444444444443 0.4888541666666667 0.22309027777777776
14 0.7527256944444445 0.6875694444444445 0.1168055555555556 0.05826388888888889
16 0.44300347222222225 0.3337847222222222 0.2976041666666667 0.11624999999999996
8 0.43902777777777774 0.2956423611111111 0.26625000000000015 0.11017361111111112
5 0.3501215277777778 0.48258680555555555 0.178125 0.07815972222222226
1 0.3635416666666667 0.38267361111111114 0.1608680555555555 0.07427083333333337
13 0.3195486111111111 0.40887152777777774 0.08697916666666661 0.050694444444444466
7 0.26203125 0.6006770833333334 0.05399305555555554 0.041423611111111036
6 0.36354166666666665 0.4530555555555555 0.18916666666666665 0.08333333333333322
2 0.31078125 0.6477777777777778 0.1686111111111111 0.0714930555555556
4 0.3478472222222222 0.3450520833333333 0.11052083333333336 0.05642361111111107
10 0.36182291666666666 0.5868576388888889 0.23781250000000007 0.0948611111111111
0 0.30920138888888893 0.5063020833333333 0.10743055555555561 0.05784722222222207
11 0.29116319444444444 0.5391666666666668 0.08381944444444445 0.048993055555555644
3 0.6433680555555557 0.41168402777777774 0.022395833333333216 0.024409722222222284