14 0.72265625 0.24036458333333335 0.05 0.15333333333333332
9 0.3 0.50515625 0.1 0.4066666666666666
5 0.55234375 0.6501041666666667 0.053125 0.20666666666666664
12 0.2265625 0.44401041666666663 0.1546875 0.5274999999999999
16 0.3875 0.5656770833333333 0.06875 0.3155208333333334
6 0.51953125 0.6424479166666666 0.0578125 0.21322916666666672
10 0.653125 0.6919791666666667 0.05 0.16270833333333332
8 0.346875 0.61453125 0.053125 0.20510416666666664
11 0.6171875 0.7223958333333333 0.0390625 0.08385416666666679
7 0.68203125 0.749375 0.034375 0.05541666666666671
2 0.72578125 0.6991666666666667 0.0515625 0.17843750000000008
13 0.478125 0.6951562499999999 0.0359375 0.08833333333333329
0 0.58125 0.7184375 0.0359375 0.07583333333333328
1 0.45859375 0.5743229166666667 0.0671875 0.32166666666666666
15 0.79765625 0.2555208333333333 0.0453125 0.11864583333333334
4 0.4125 0.66890625 0.04375 0.1138541666666665
3 0.45546875 0.35614583333333333 0.0234375 0.0234375
15 0.76015625 0.24364583333333334 0.0421875 0.09500000000000001