9 0.4640625 0.334375 0.3828125 0.0546875
12 0.50390625 0.25859375 0.45625 0.0875
14 0.7875 0.7109375 0.1125 0.0328125
2 0.34765625 0.75859375 0.165625 0.028125
16 0.41171875 0.425 0.28125 0.0359375
1 0.36171875 0.48984375 0.1828125 0.028125
4 0.33984375 0.4578125 0.1390625 0.0265625
11 0.3046875 0.65703125 0.0765625 0.0265625
6 0.36015625 0.55703125 0.18125 0.03125
15 0.78671875 0.7453125 0.109375 0.03125
8 0.309375 0.390625 0.0703125 0.0296875
0 0.3046875 0.621875 0.0734375 0.028125
7 0.29140625 0.721875 0.05 0.028125
13 0.3125 0.52578125 0.0796875 0.028125
10 0.4171875 0.68984375 0.303125 0.03125
5 0.31640625 0.590625 0.09375 0.028125
3 0.6234375 0.465625 0.0171875 0.0203125