5 0.56375 0.6140625 0.04466435185185187 0.2007291666666667
9 0.2940451388888889 0.5152604166666667 0.084375 0.42604166666666676
12 0.21131944444444445 0.47406249999999994 0.13398148148148153 0.5118750000000001
2 0.7396643518518518 0.6147916666666667 0.043611111111111 0.18041666666666673
7 0.6981423611111112 0.6798437500000001 0.033923611111111106 0.05364583333333321
4 0.4181770833333333 0.6588020833333333 0.03708333333333336 0.11458333333333322
1 0.4574594907407407 0.6219270833333332 0.044340277777777715 0.1944791666666667
6 0.5276099537037038 0.6203645833333333 0.044340277777777715 0.1944791666666667
8 0.34736689814814814 0.6580729166666666 0.04241898148148149 0.1273958333333333
16 0.3933912037037037 0.5662499999999999 0.055347222222222214 0.31666666666666676
0 0.5965277777777779 0.6726041666666667 0.03850694444444436 0.08197916666666671
14 0.7190219907407407 0.14203125 0.0391319444444445 0.12406249999999996
13 0.48982060185185183 0.6734895833333333 0.03570601851851851 0.08802083333333321
10 0.6711921296296296 0.5539583333333333 0.05510416666666664 0.3119791666666668
15 0.7588252314814815 0.14015625 0.040613425925925914 0.12260416666666667
11 0.6294618055555555 0.6680729166666667 0.035381944444444535 0.08177083333333339
3 0.4450636574074074 0.33546875 0.024571759259259272 0.0234375