9 0.3768807870370371 0.48046875 0.13450231481481484 0.36663194444444436
12 0.31396990740740743 0.5342708333333334 0.17011574074074076 0.36118055555555556
6 0.5619791666666666 0.33947916666666667 0.06017361111111121 0.13711805555555562
5 0.5948726851851852 0.34031249999999996 0.06238425925925917 0.14965277777777777
11 0.6480729166666667 0.29532986111111115 0.04820601851851851 0.08690972222222229
7 0.7052893518518518 0.2674652777777778 0.03893518518518526 0.05861111111111113
16 0.4605497685185185 0.43480902777777775 0.09550925925925924 0.2768055555555556
2 0.7503935185185184 0.3227777777777778 0.07370370370370374 0.18736111111111117
8 0.4192997685185185 0.3934895833333333 0.06968750000000004 0.17010416666666667
0 0.617806712962963 0.2999131944444445 0.04631944444444436 0.08062500000000003
10 0.6947685185185184 0.36624999999999996 0.08402777777777785 0.23597222222222225
13 0.53 0.32611111111111113 0.05033564814814824 0.09788194444444445
14 0.7852893518518519 0.7091666666666667 0.05146990740740733 0.11975694444444436
4 0.47089699074074076 0.3477604166666667 0.052870370370370345 0.11666666666666661
15 0.8085243055555555 0.7047395833333333 0.04597222222222221 0.10402777777777779
1 0.5001793981481482 0.33928819444444447 0.06052083333333336 0.11371527777777776
3 0.5352488425925925 0.6083506944444445 0.03254629629629626 0.025694444444444464