5 0.3671875 0.60546875 0.1953125 0.03125
9 0.46875 0.334375 0.4046875 0.0546875
2 0.3578125 0.78046875 0.178125 0.03125
12 0.5125 0.2484375 0.4796875 0.09375
6 0.38125 0.5703125 0.23125 0.03125
4 0.3234375 0.465625 0.1109375 0.0296875
10 0.390625 0.70703125 0.246875 0.0328125
15 0.82421875 0.759375 0.121875 0.03125
7 0.29375 0.74765625 0.053125 0.028125
8 0.30390625 0.39609375 0.075 0.03125
13 0.30859375 0.5375 0.0828125 0.028125
16 0.45234375 0.43203125 0.365625 0.03125
1 0.32578125 0.503125 0.1140625 0.0328125
0 0.30390625 0.63984375 0.0734375 0.0296875
11 0.3484375 0.67578125 0.159375 0.0296875
14 0.82109375 0.7203125 0.11875 0.03125
3 0.64609375 0.46484375 0.01875 0.021875