5 0.34921875 0.56640625 0.1875 0.0265625
9 0.4328125 0.33125 0.3515625 0.0453125
8 0.303125 0.3875 0.0953125 0.0265625
2 0.3375 0.71640625 0.153125 0.028125
15 0.7359375 0.70078125 0.1046875 0.028125
10 0.315625 0.65859375 0.1125 0.0265625
16 0.346875 0.4203125 0.184375 0.028125
12 0.4640625 0.25703125 0.425 0.078125
14 0.734375 0.665625 0.103125 0.0265625
6 0.35078125 0.5390625 0.1875 0.028125
4 0.30546875 0.44765625 0.0953125 0.0234375
1 0.3484375 0.47890625 0.1890625 0.0265625
13 0.2921875 0.50859375 0.0734375 0.025
0 0.28984375 0.59921875 0.0609375 0.025
11 0.29296875 0.62734375 0.06875 0.025
7 0.28046875 0.6890625 0.0453125 0.028125
3 0.5796875 0.44609375 0.0171875 0.0171875