15 0.81796875 0.72734375 0.103125 0.0265625
5 0.40625 0.60546875 0.1640625 0.028125
11 0.39375 0.66953125 0.14375 0.028125
9 0.5 0.35625 0.3640625 0.05
14 0.8203125 0.69765625 0.103125 0.0265625
1 0.4546875 0.5125 0.2515625 0.028125
12 0.5484375 0.2796875 0.4515625 0.0828125
16 0.4859375 0.4484375 0.3375 0.03125
8 0.38046875 0.4171875 0.128125 0.0328125
6 0.43359375 0.57421875 0.221875 0.0359375
13 0.36171875 0.54609375 0.0765625 0.025
0 0.3578125 0.64140625 0.0703125 0.028125
10 0.43515625 0.6984375 0.2203125 0.03125
7 0.34765625 0.73515625 0.046875 0.0296875
4 0.371875 0.48203125 0.1 0.025
2 0.40859375 0.7609375 0.159375 0.0359375
3 0.659375 0.4734375 0.015625 0.025