5 0.45853009259259264 0.5670949074074074 0.07224537037037031 0.22070601851851848
4 0.5976099537037036 0.5988368055555556 0.06349537037037045 0.17814814814814817
14 0.3708796296296296 0.11992476851851852 0.05134259259259259 0.1307175925925926
9 0.7482175925925926 0.5075925925925926 0.12959490740740734 0.4265162037037037
6 0.4927604166666667 0.549386574074074 0.07887731481481489 0.2537962962962963
1 0.5653761574074074 0.5576273148148149 0.0808101851851852 0.2601388888888888
15 0.33769675925925924 0.11561921296296296 0.04950231481481478 0.12593750000000004
16 0.6422453703703704 0.5185763888888889 0.09343749999999992 0.34185185185185174
12 0.8367129629629628 0.4662847222222222 0.1850578703703704 0.5216666666666667
10 0.3540798611111111 0.484693287037037 0.09850694444444441 0.3748495370370371
7 0.3097511574074074 0.6362789351851852 0.04120370370370372 0.06472222222222221
11 0.38028935185185186 0.6226909722222222 0.049398148148148115 0.09790509259259253
8 0.6695486111111111 0.6353414351851852 0.05179398148148149 0.1120601851851852
13 0.523263888888889 0.6275462962962963 0.049861111111111 0.10571759259259253
2 0.2763541666666667 0.5622106481481481 0.07003472222222218 0.20967592592592582
0 0.4174247685185185 0.6275462962962963 0.04902777777777771 0.09165509259259252
3 0.6123321759259259 0.3180787037037037 0.02473379629629626 0.023263888888888928