10 0.42578125 0.6671875 0.21875 0.0296875
9 0.49609375 0.3296875 0.365625 0.053125
16 0.41875 0.41875 0.20625 0.034375
12 0.5453125 0.25859375 0.434375 0.0828125
14 0.80859375 0.690625 0.109375 0.028125
6 0.36015625 0.54453125 0.09375 0.028125
15 0.80703125 0.72109375 0.109375 0.028125
2 0.39375 0.72890625 0.1625 0.0359375
4 0.38359375 0.44921875 0.1359375 0.0296875
11 0.38515625 0.6390625 0.1421875 0.028125
8 0.34921875 0.384375 0.0640625 0.03125
5 0.38671875 0.57421875 0.14375 0.0296875
1 0.36171875 0.47890625 0.0953125 0.0296875
0 0.34921875 0.6046875 0.0703125 0.0265625
13 0.3546875 0.51015625 0.078125 0.0265625
7 0.3390625 0.7 0.046875 0.0265625
3 0.653125 0.45625 0.015625 0.0203125