10 0.6624421296296296 0.5059027777777778 0.08628472222222214 0.2249421296296296
9 0.31820023148148147 0.4776736111111111 0.14803240740740745 0.3767129629629629
16 0.42416087962962956 0.42836226851851855 0.08744212962962976 0.21409722222222224
12 0.2365451388888889 0.5049363425925926 0.19450231481481478 0.45274305555555544
14 0.58515625 0.8802777777777777 0.05572916666666661 0.11555555555555586
6 0.5611689814814815 0.4075115740740741 0.05208333333333339 0.10130787037037034
15 0.6146412037037037 0.887505787037037 0.05572916666666679 0.11555555555555586
2 0.730295138888889 0.4919155092592592 0.07806712962962976 0.17144675925925928
4 0.46267361111111105 0.40324074074074073 0.06452546296296298 0.14258101851851848
11 0.6461805555555555 0.45874421296296297 0.06475694444444446 0.1488310185185185
8 0.40896990740740746 0.3522974537037037 0.04785879629629619 0.07143518518518518
5 0.5826099537037036 0.4416666666666666 0.06637731481481488 0.15048611111111115
1 0.4975983796296296 0.39043402777777775 0.05370370370370381 0.10296296296296292
0 0.6219907407407407 0.4142476851851852 0.044965277777777854 0.07750000000000004
13 0.5296006944444445 0.39311342592592596 0.046817129629629764 0.08540509259259252
7 0.716869212962963 0.43161458333333336 0.03784722222222214 0.05369212962962955
3 0.3989872685185185 0.6641087962962964 0.02418981481481488 0.02170138888888893