9 0.3616377314814815 0.4443923611111111 0.1520138888888889 0.40407407407407414
5 0.6399768518518518 0.4063773148148148 0.08373842592592595 0.2270833333333334
12 0.27194444444444443 0.47397569444444443 0.20710648148148145 0.49038194444444444
8 0.43938657407407405 0.31876157407407407 0.05878472222222229 0.12225694444444439
15 0.7460590277777778 0.8643865740740739 0.06006944444444447 0.11758101851851847
16 0.4619502314814815 0.4225462962962963 0.117048611111111 0.3147916666666667
10 0.739207175925926 0.43221643518518515 0.09035879629629626 0.23337962962962955
13 0.5782696759259259 0.3278935185185185 0.04902777777777771 0.08938657407407406
6 0.6070659722222222 0.3917708333333333 0.08244212962962968 0.2052083333333333
14 0.7072685185185185 0.8560763888888889 0.06016203703703695 0.11914351851851848
11 0.7179861111111111 0.35108796296296296 0.047094907407407405 0.08312500000000007
0 0.6846643518518519 0.3427372685185185 0.04994212962962976 0.07846064814814815
7 0.7880208333333334 0.34587962962962965 0.041018518518518475 0.05965277777777782
2 0.8177835648148148 0.41287615740740746 0.07627314814814809 0.18017361111111113
1 0.5266724537037037 0.45958333333333334 0.12148148148148152 0.3632407407407408
4 0.5079571759259259 0.32841435185185186 0.05510416666666664 0.11285879629629632
3 0.4748206018518518 0.6397337962962963 0.02289351851851862 0.01734953703703699