5 0.42295138888888884 0.6738541666666666 0.06739583333333332 0.21947916666666673
9 0.6794618055555556 0.5616666666666668 0.13000000000000006 0.40124999999999994
8 0.6313888888888889 0.70890625 0.04840277777777775 0.10760416666666668
11 0.35510416666666667 0.7194791666666667 0.054479166666666676 0.13916666666666658
10 0.31439236111111113 0.6305729166666667 0.08902777777777775 0.32062500000000005
14 0.2674652777777778 0.2583854166666667 0.0536458333333333 0.12041666666666666
12 0.7522048611111112 0.5116666666666666 0.17600694444444437 0.49000000000000005
6 0.4528819444444444 0.6703645833333333 0.06895833333333332 0.2195833333333333
1 0.5235763888888888 0.6664583333333333 0.068888888888889 0.21802083333333327
2 0.25602430555555555 0.7097395833333333 0.06104166666666666 0.18166666666666664
4 0.5605034722222222 0.6994791666666667 0.058229166666666644 0.15343750000000006
0 0.3969965277777778 0.7465625 0.04402777777777782 0.07927083333333336
15 0.2281597222222222 0.26125 0.05378472222222221 0.12354166666666666
7 0.29336805555555556 0.7686458333333334 0.036805555555555536 0.05697916666666671
16 0.5912673611111112 0.6419791666666667 0.07531250000000007 0.2573958333333334
13 0.49467013888888883 0.7350520833333334 0.04295138888888879 0.09010416666666661
3 0.5295659722222222 0.40828125000000004 0.017743055555555644 0.013645833333333357