9 0.7255497685185185 0.40510416666666665 0.13923611111111106 0.3862268518518519
15 0.38307291666666665 0.8033622685185187 0.05746527777777777 0.11797453703703695
12 0.8150173611111111 0.4358275462962963 0.1960648148148149 0.48701388888888886
14 0.4188368055555555 0.7981423611111111 0.05115740740740744 0.11631944444444428
16 0.6243344907407408 0.37377314814814816 0.0984375 0.2966087962962963
8 0.6572627314814815 0.35530671296296296 0.09571759259259256 0.2653356481481482
5 0.4528645833333334 0.34504629629629624 0.06903935185185191 0.17748842592592595
1 0.5487847222222222 0.3178298611111111 0.06527777777777785 0.1602546296296296
13 0.5078125 0.2879513888888889 0.046932870370370416 0.08658564814814813
7 0.30998263888888894 0.3072974537037037 0.03790509259259256 0.05365740740740739
6 0.4849247685185185 0.34535300925925927 0.07256944444444446 0.1884722222222222
2 0.2865451388888889 0.3709606481481481 0.0625 0.16958333333333328
4 0.5766493055555555 0.2892766203703704 0.05092592592592595 0.11006944444444447
10 0.36168981481481477 0.3948611111111111 0.08217592592592596 0.23702546296296295
0 0.4142361111111111 0.31513310185185184 0.05231481481481488 0.10540509259259263
11 0.378125 0.3109780092592593 0.043634259259259255 0.0818518518518518
3 0.6292245370370371 0.5902256944444444 0.02418981481481488 0.020659722222222142