10 0.24733796296296298 0.6178587962962963 0.06203703703703702 0.20607638888888893
5 0.3560474537037037 0.6130787037037038 0.06354166666666661 0.22638888888888892
2 0.17465277777777777 0.6309259259259259 0.05717592592592595 0.18254629629629626
6 0.3896412037037037 0.6331307870370371 0.057523148148148094 0.18723379629629627
9 0.6429108796296296 0.5289641203703704 0.11180555555555571 0.4149074074074074
14 0.3013888888888889 0.16178819444444445 0.049537037037037025 0.12151620370370368
1 0.45740740740740743 0.6654224537037037 0.04809027777777786 0.12303240740740744
12 0.7319155092592592 0.485011574074074 0.16012731481481488 0.4989699074074075
15 0.2642939814814815 0.15743055555555557 0.05075231481481479 0.11687500000000002
4 0.4888020833333333 0.6730671296296297 0.04438657407407405 0.11512731481481495
16 0.5293981481481481 0.6196354166666667 0.06811342592592595 0.22496527777777775
13 0.41701388888888885 0.6845486111111111 0.04085648148148149 0.08851851851851862
11 0.2747974537037037 0.6786284722222222 0.043634259259259255 0.08392361111111128
0 0.3109375 0.6853530092592592 0.04137731481481488 0.07450231481481477
7 0.20199652777777777 0.6932581018518519 0.03674768518518521 0.05409722222222228
8 0.5625289351851851 0.6459374999999999 0.05682870370370381 0.17785879629629625
3 0.5327256944444445 0.3537152777777778 0.018113425925925953 0.013009259259259309