14 0.8912731481481482 0.6311111111111111 0.12015046296296283 0.05173611111111107
9 0.4682986111111111 0.32851273148148147 0.39959490740740744 0.1308101851851852
1 0.363599537037037 0.5146006944444445 0.09965277777777785 0.04831018518518526
0 0.3857638888888889 0.6511111111111111 0.0839351851851852 0.046516203703703775
11 0.40025462962962965 0.684519675925926 0.08531249999999986 0.04341435185185176
8 0.3329513888888889 0.41965856481481484 0.08531250000000004 0.04341435185185176
12 0.4881597222222222 0.24142361111111113 0.48895833333333344 0.1898958333333333
6 0.38017361111111114 0.5831655092592593 0.0964351851851852 0.04670138888888893
16 0.4455034722222223 0.43206597222222226 0.3052777777777777 0.09350694444444443
10 0.4802256944444444 0.7013194444444444 0.2405671296296296 0.08162037037037032
5 0.4008217592592592 0.6149189814814815 0.12327546296296284 0.0517824074074074
13 0.36494791666666665 0.5505497685185186 0.08521990740740737 0.041851851851851765
4 0.36170138888888886 0.48256944444444444 0.11224537037037034 0.05005787037037042
15 0.8979976851851852 0.6654166666666667 0.11693287037037052 0.050127314814814736
7 0.40042245370370366 0.7533275462962964 0.055347222222222214 0.03828703703703695
2 0.46739004629629627 0.7750115740740741 0.17898148148148146 0.06978009259259252
3 0.6623668981481481 0.4233796296296296 0.02170138888888893 0.02373842592592581