1 0.35770833333333335 0.5268634259259259 0.10961805555555557 0.041423611111111217
9 0.47526041666666663 0.3596412037037037 0.3945138888888888 0.09039351851851851
5 0.40265625 0.6225925925925926 0.18774305555555557 0.042002314814814666
15 0.8180208333333333 0.7483796296296296 0.11253472222222242 0.03675925925925938
14 0.8165277777777777 0.7116840277777777 0.11729166666666657 0.03835648148148145
12 0.5226215277777777 0.27806712962962965 0.47927083333333337 0.13475694444444447
16 0.42027777777777775 0.45454861111111117 0.2239583333333334 0.048518518518518405
8 0.3661284722222222 0.4252719907407408 0.12197916666666667 0.038391203703703705
13 0.34925347222222225 0.5589467592592593 0.08434027777777775 0.03498842592592588
2 0.39437500000000003 0.7913483796296296 0.17048611111111117 0.04031249999999993
6 0.3885590277777778 0.5883333333333333 0.17048611111111117 0.04031249999999993
10 0.3833333333333333 0.7234837962962963 0.15336805555555558 0.04174768518518519
7 0.33319444444444446 0.7621238425925926 0.05138888888888893 0.03162037037037031
0 0.34552083333333333 0.6605034722222223 0.07170138888888893 0.031770833333333394
11 0.34640624999999997 0.6932986111111111 0.07802083333333325 0.03337962962962955
4 0.3600173611111111 0.4924826388888889 0.10784722222222225 0.03672453703703695
3 0.6449131944444444 0.4786574074074075 0.019722222222222287 0.022013888888889