9 0.4607060185185185 0.3203125 0.3941435185185185 0.059375
1 0.36463541666666666 0.478125 0.2253819444444444 0.0328125
5 0.34050925925925923 0.58203125 0.19560185185185192 0.03125
14 0.7723958333333333 0.703125 0.1175694444444444 0.0328125
16 0.43093171296296295 0.4140625 0.34956018518518517 0.0453125
12 0.512991898148148 0.2421875 0.47108796296296307 0.0921875
6 0.3564699074074074 0.55 0.22712962962962954 0.0359375
15 0.7710474537037036 0.7390625 0.11600694444444457 0.0328125
2 0.31865162037037037 0.753125 0.1769444444444444 0.0328125
10 0.3353182870370371 0.6828125 0.20222222222222222 0.0375
13 0.2922858796296296 0.5125 0.0815393518518519 0.03125
7 0.25754629629629633 0.71640625 0.053321759259259235 0.0296875
0 0.2784548611111111 0.6140625 0.07685185185185191 0.03125
4 0.3103298611111111 0.4453125 0.11113425925925924 0.0296875
8 0.3106365740740741 0.37421875 0.0971643518518519 0.03125
3 0.6215856481481481 0.453125 0.02170138888888893 0.0234375
11 0.2794965277777778 0.64921875 0.08466435185185191 0.03125