9 0.4765625 0.2796875 0.4125 0.0546875
14 0.840625 0.67734375 0.1234375 0.0328125
11 0.37578125 0.67109375 0.1578125 0.034375
15 0.8421875 0.71796875 0.121875 0.03125
12 0.52265625 0.19609375 0.5 0.0921875
2 0.38671875 0.78046875 0.178125 0.03125
10 0.4203125 0.70703125 0.25 0.0375
16 0.40546875 0.4 0.2296875 0.06875
5 0.378125 0.59921875 0.1609375 0.0296875
8 0.35625 0.346875 0.13125 0.03125
6 0.4015625 0.56328125 0.2109375 0.03125
7 0.3234375 0.74375 0.0515625 0.0296875
3 0.65703125 0.45078125 0.0203125 0.025
1 0.40234375 0.490625 0.215625 0.034375
13 0.33828125 0.53046875 0.084375 0.028125
0 0.334375 0.63828125 0.0765625 0.0328125
4 0.35390625 0.4546875 0.1203125 0.028125