14 0.82734375 0.72265625 0.121875 0.034375
9 0.46484375 0.33046875 0.41875 0.05625
5 0.36484375 0.6125 0.20625 0.0328125
15 0.82890625 0.76484375 0.11875 0.034375
12 0.51328125 0.24453125 0.5 0.09375
11 0.33203125 0.68359375 0.1453125 0.0328125
13 0.30234375 0.54375 0.0890625 0.03125
6 0.35703125 0.57421875 0.1953125 0.0328125
16 0.365625 0.434375 0.2125 0.034375
0 0.2984375 0.65078125 0.078125 0.03125
1 0.35625 0.50390625 0.1953125 0.0328125
2 0.35390625 0.79375 0.184375 0.0328125
8 0.29765625 0.39609375 0.078125 0.03125
7 0.28671875 0.76015625 0.0546875 0.03125
10 0.4203125 0.71640625 0.3109375 0.0328125
4 0.31796875 0.4671875 0.11875 0.0296875
3 0.64921875 0.46640625 0.021875 0.025