9 0.453125 0.278125 0.3796875 0.059375
15 0.778125 0.6984375 0.1125 0.034375
12 0.5 0.196875 0.475 0.096875
14 0.78046875 0.66171875 0.1125 0.028125
16 0.40390625 0.37109375 0.29375 0.0375
8 0.3921875 0.33515625 0.2609375 0.040625
5 0.34296875 0.53359375 0.1734375 0.0328125
1 0.33515625 0.43359375 0.15625 0.0328125
13 0.29765625 0.4671875 0.08125 0.0296875
7 0.2796875 0.665625 0.0484375 0.028125
6 0.35 0.50234375 0.184375 0.034375
2 0.3375 0.70234375 0.165625 0.028125
4 0.3125 0.4 0.10625 0.028125
10 0.375 0.63359375 0.234375 0.0328125
0 0.30703125 0.56484375 0.1015625 0.03125
11 0.29609375 0.6 0.078125 0.028125
3 0.61640625 0.41171875 0.0171875 0.0203125