9 0.7121875 0.5410763888888889 0.08072916666666678 0.36968750000000006
14 0.33119791666666665 0.21256944444444445 0.036979166666666695 0.11069444444444443
12 0.7881770833333333 0.5008333333333332 0.11708333333333343 0.4476388888888888
15 0.29609375 0.21178819444444447 0.03989583333333328 0.10770833333333334
2 0.3163020833333333 0.6317534722222222 0.041770833333333354 0.15920138888888893
13 0.5407291666666667 0.6798958333333334 0.03312500000000007 0.07624999999999993
10 0.37713541666666667 0.6212152777777777 0.04656249999999993 0.18434027777777776
6 0.5019270833333334 0.6119618055555556 0.04833333333333343 0.21090277777777774
16 0.6248437499999999 0.5628993055555556 0.06343749999999986 0.32062500000000005
1 0.5676041666666667 0.6156597222222222 0.05135416666666668 0.20947916666666658
8 0.6693229166666667 0.6692534722222222 0.036666666666666715 0.10600694444444443
7 0.34968750000000004 0.6885416666666666 0.03125 0.04812499999999993
5 0.4736979166666667 0.6325173611111111 0.04083333333333332 0.16850694444444442
0 0.4457291666666666 0.6803472222222222 0.035833333333333425 0.07013888888888893
4 0.603125 0.6694270833333333 0.035104166666666714 0.10593749999999993
11 0.4143229166666666 0.6766145833333332 0.03604166666666657 0.07326388888888893
3 0.57515625 0.37842013888888887 0.019895833333333356 0.018020833333333285