9 0.2778819444444444 0.5543402777777777 0.14060185185185184 0.4252893518518519
14 0.6075462962962963 0.14600694444444445 0.054907407407407405 0.1222800925925926
12 0.18049189814814814 0.5327546296296296 0.19656249999999997 0.5132523148148149
15 0.6452314814814815 0.13489583333333335 0.05483796296296291 0.11759259259259255
1 0.4578414351851851 0.5953993055555555 0.09010416666666679 0.28443287037037024
2 0.7633796296296296 0.602025462962963 0.07155092592592602 0.19160879629629618
16 0.3790740740740741 0.5831018518518519 0.10021990740740741 0.3347800925925927
13 0.5151041666666666 0.6874131944444445 0.04987268518518526 0.09866898148148148
8 0.35835069444444445 0.6628472222222223 0.06835648148148152 0.18680555555555553
4 0.43617476851851855 0.6860532407407407 0.0565393518518519 0.12702546296296297
5 0.5754166666666667 0.6263310185185185 0.07166666666666668 0.19942129629629618
6 0.5475057870370371 0.663599537037037 0.05658564814814824 0.13015046296296298
0 0.6239293981481481 0.6758101851851851 0.04653935185185176 0.08449074074074084
10 0.6872858796296295 0.6203125 0.06663194444444435 0.17581018518518512
11 0.6558622685185185 0.6308738425925926 0.06332175925925938 0.16319444444444428
7 0.738130787037037 0.6706597222222223 0.04152777777777779 0.062442129629629584
3 0.3855439814814815 0.35743634259259255 0.025324074074074065 0.022800925925925954