5 0.41171875 0.543119212962963 0.2 0.07796296296296283
9 0.43515625 0.2810532407407408 0.36875 0.14765046296296305
0 0.35546875 0.5877025462962963 0.071875 0.04325231481481477
10 0.4421875 0.6293865740740741 0.221875 0.08766203703703716
2 0.43046875 0.6983101851851852 0.1609375 0.0680092592592592
11 0.39921875 0.6073668981481481 0.146875 0.06467592592592589
12 0.4625 0.19861689814814815 0.453125 0.198900462962963
6 0.403125 0.5119965277777778 0.2 0.07796296296296283
15 0.83359375 0.5814004629629629 0.1125 0.057916666666666575
16 0.36484375 0.39068865740740744 0.1859375 0.0746296296296296
1 0.38828125 0.4497164351851852 0.1984375 0.08106481481481467
14 0.82734375 0.5455555555555556 0.1140625 0.05950231481481474
4 0.35078125 0.4260532407407407 0.1390625 0.06143518518518505
13 0.33828125 0.49498842592592585 0.0828125 0.04653935185185176
8 0.36015625 0.35794560185185187 0.1828125 0.07770833333333335
7 0.3671875 0.6828414351851851 0.0515625 0.039826388888888786
3 0.61953125 0.36113425925925924 0.0234375 0.025347222222222143