10 0.29734375 0.6996180555555556 0.09489583333333336 0.20829861111111114
5 0.40203125 0.6690104166666666 0.09937500000000003 0.22875000000000015
2 0.23036458333333334 0.7287673611111111 0.08552083333333335 0.1845138888888888
6 0.44125 0.68015625 0.08739583333333342 0.18927083333333333
9 0.6571875 0.5205034722222222 0.1772916666666667 0.41604166666666664
14 0.20473958333333334 0.2551388888888889 0.06916666666666664 0.12614583333333335
1 0.5186458333333334 0.6945659722222223 0.0677083333333334 0.12763888888888886
12 0.7303124999999999 0.4579340277777778 0.23781250000000007 0.5059722222222222
15 0.16765625 0.25897569444444446 0.06885416666666666 0.12145833333333336
4 0.5523958333333333 0.6937152777777778 0.06239583333333343 0.11805555555555554
16 0.5744270833333334 0.6335763888888889 0.10395833333333329 0.2273958333333333
13 0.48546875 0.7220833333333333 0.054479166666666676 0.09277777777777771
11 0.3433333333333334 0.7502430555555556 0.05572916666666661 0.08815972222222221
0 0.38109375 0.7480034722222222 0.05354166666666673 0.07871527777777772
7 0.27703125 0.7809895833333333 0.044479166666666715 0.05961805555555557
8 0.6155729166666667 0.6510763888888889 0.08531249999999986 0.181388888888889
3 0.49333333333333335 0.38079861111111113 0.019687500000000035 0.014895833333333285