5 0.36015625 0.609375 0.196875 0.0296875
6 0.35234375 0.5734375 0.1859375 0.0296875
9 0.459375 0.33203125 0.40625 0.0546875
11 0.3015625 0.67890625 0.0796875 0.028125
12 0.50625 0.24609375 0.4890625 0.0921875
2 0.35078125 0.78671875 0.175 0.03125
8 0.3109375 0.39765625 0.1 0.0296875
10 0.365625 0.71171875 0.1984375 0.03125
1 0.35078125 0.503125 0.1875 0.03125
0 0.29765625 0.646875 0.0734375 0.0296875
7 0.28828125 0.753125 0.0515625 0.028125
15 0.81953125 0.7640625 0.115625 0.034375
16 0.35625 0.434375 0.19375 0.03125
13 0.3015625 0.54140625 0.0859375 0.028125
4 0.3171875 0.46640625 0.109375 0.028125
14 0.81796875 0.725 0.121875 0.0296875
3 0.64140625 0.46484375 0.01875 0.021875