5 0.3227141203703704 0.3238425925925926 0.0661458333333333 0.19878472222222224
14 0.20162037037037037 0.8121527777777778 0.051446759259259255 0.1265625
11 0.25254629629629627 0.31397569444444445 0.05844907407407405 0.15798611111111108
9 0.61015625 0.398119212962963 0.12164351851851851 0.4221064814814815
1 0.4297164351851851 0.33078703703703705 0.06880787037037024 0.23472222222222233
10 0.2140625 0.37071759259259257 0.08061342592592595 0.26788194444444446
0 0.28587962962962965 0.284693287037037 0.04728009259259256 0.11238425925925925
12 0.6969039351851851 0.44710648148148147 0.1778356481481481 0.528587962962963
15 0.16082175925925926 0.8160011574074074 0.05109953703703703 0.121875
8 0.5397569444444444 0.32826967592592593 0.07847222222222214 0.26001157407407405
6 0.36313657407407407 0.3355902777777778 0.0706018518518519 0.23790509259259257
7 0.17777777777777776 0.27155671296296297 0.04178240740740744 0.05920138888888893
2 0.13998842592592592 0.3399594907407407 0.06221064814814814 0.1877314814814815
16 0.5045138888888889 0.3833333333333333 0.0887731481481481 0.35700231481481487
13 0.3952546296296296 0.25960648148148147 0.04398148148148149 0.08888888888888893
4 0.46660879629629626 0.26397569444444446 0.047511574074074046 0.11550925925925934
3 0.46756365740740746 0.5981770833333334 0.02337962962962976 0.02112268518518512