5 0.64296875 0.5917824074074074 0.2078125 0.060821759259259166
14 0.15390625 0.6494502314814815 0.1296875 0.048553240740740834
9 0.56484375 0.29045138888888894 0.4234375 0.11412037037037041
0 0.70078125 0.634548611111111 0.0796875 0.04201388888888893
16 0.63515625 0.40399305555555554 0.26875 0.0740162037037038
12 0.51796875 0.1980902777777778 0.5328125 0.17598379629629632
8 0.6609375 0.3705729166666667 0.2296875 0.06944444444444446
1 0.63828125 0.4814525462962963 0.2484375 0.06701388888888893
15 0.15078125 0.6899594907407407 0.1265625 0.0484375
10 0.65390625 0.7046875 0.171875 0.057928240740740836
13 0.7109375 0.5286747685185185 0.090625 0.04241898148148149
6 0.63125 0.5569733796296296 0.2453125 0.0653356481481481
2 0.63125 0.7780671296296295 0.190625 0.06018518518518512
11 0.69765625 0.6711516203703705 0.0875 0.04386574074074083
4 0.70234375 0.4502314814814815 0.1234375 0.04832175925925917
7 0.70390625 0.748726851851852 0.0578125 0.03964120370370381
3 0.3640625 0.40879629629629627 0.0203125 0.02262731481481488