9 0.321875 0.5152604166666667 0.0609375 0.39312500000000006
14 0.69921875 0.15416666666666667 0.0296875 0.11447916666666669
12 0.2421875 0.4760416666666667 0.096875 0.4767708333333333
10 0.71796875 0.5271354166666666 0.0359375 0.3102083333333333
8 0.38203125 0.62453125 0.0359375 0.1648958333333333
16 0.41875 0.5752083333333333 0.040625 0.2573958333333334
7 0.7546875 0.6520312500000001 0.0296875 0.05354166666666664
15 0.7328125 0.14880208333333333 0.0328125 0.11000000000000001
11 0.68671875 0.6409375 0.03125 0.08333333333333322
2 0.78828125 0.5857291666666666 0.034375 0.1710416666666667
0 0.65546875 0.6492708333333332 0.0328125 0.07250000000000015
13 0.55546875 0.65046875 0.0296875 0.08635416666666665
4 0.45234375 0.64328125 0.0296875 0.11447916666666665
1 0.484375 0.6255208333333334 0.0328125 0.14437500000000014
6 0.5859375 0.640625 0.03125 0.08958333333333339
1 0.5234375 0.6463541666666666 0.03125 0.09270833333333321
5 0.62109375 0.6265625 0.0296875 0.11916666666666664
3 0.48671875 0.33630208333333333 0.01875 0.013749999999999929