5 0.35078125 0.55234375 0.20625 0.03125
14 0.82890625 0.67890625 0.1265625 0.03125
9 0.459375 0.2640625 0.4203125 0.0546875
0 0.2890625 0.58671875 0.0765625 0.03125
16 0.378125 0.3671875 0.2671875 0.0359375
12 0.515625 0.17890625 0.525 0.1015625
8 0.35625 0.33046875 0.2265625 0.0375
1 0.3671875 0.44375 0.246875 0.0328125
15 0.828125 0.71953125 0.1234375 0.03125
10 0.328125 0.66328125 0.16875 0.034375
13 0.28984375 0.48046875 0.0875 0.0296875
6 0.365625 0.51953125 0.24375 0.03125
2 0.34296875 0.73984375 0.1875 0.034375
11 0.28828125 0.62421875 0.084375 0.03125
4 0.30703125 0.40390625 0.1203125 0.03125
7 0.27421875 0.7 0.0546875 0.03125
3 0.64609375 0.41015625 0.01875 0.0203125