9 0.6092708333333332 0.5484375 0.10368055555555564 0.36665509259259255
5 0.35369791666666667 0.5784143518518519 0.0628819444444444 0.18599537037037023
6 0.38657986111111114 0.5778240740740741 0.06017361111111112 0.19527777777777774
14 0.32116319444444447 0.18396412037037035 0.04229166666666666 0.10892361111111111
0 0.3132291666666666 0.6264988425925926 0.04423611111111114 0.0824537037037036
1 0.4455902777777778 0.5701851851851851 0.06475694444444428 0.2281828703703704
12 0.6910243055555556 0.5219155092592592 0.15097222222222229 0.4476388888888888
10 0.26664930555555555 0.5304629629629629 0.07204861111111108 0.25180555555555556
13 0.4059548611111111 0.6347222222222222 0.041597222222222285 0.09329861111111111
2 0.19927083333333334 0.5503703703703704 0.06961805555555553 0.19711805555555556
7 0.2187673611111111 0.6221354166666666 0.03850694444444445 0.05887731481481495
4 0.47503472222222226 0.611736111111111 0.056805555555555644 0.1546064814814816
16 0.5145486111111112 0.5675347222222222 0.07090277777777772 0.26113425925925926
15 0.2954861111111111 0.18085648148148148 0.04065972222222225 0.10731481481481486
11 0.2830729166666667 0.6185648148148148 0.041319444444444464 0.0870486111111111
8 0.5337673611111111 0.6455497685185185 0.05017361111111107 0.11071759259259259
3 0.5106597222222222 0.37341435185185184 0.022708333333333285 0.01939814814814813