9 0.25946180555555554 0.49360532407407404 0.10601851851851851 0.4189814814814815
14 0.6997395833333333 0.1496238425925926 0.0484375 0.12818287037037038
11 0.6357349537037036 0.6138599537037037 0.0543981481481481 0.16273148148148148
15 0.7402777777777778 0.15046296296296297 0.04675925925925917 0.125
12 0.18252314814814813 0.44340277777777776 0.1546875 0.5112847222222223
2 0.745920138888889 0.6089988425925925 0.05353009259259274 0.18142361111111108
10 0.6770833333333334 0.5717592592592593 0.06869212962962976 0.25376157407407407
16 0.3705150462962963 0.5706307870370371 0.09774305555555554 0.23767361111111107
5 0.5649594907407407 0.6078993055555555 0.04976851851851851 0.16412037037037042
8 0.31183449074074077 0.6172743055555555 0.047106481481481485 0.134375
6 0.5323206018518519 0.5833622685185185 0.05787037037037024 0.2143518518518519
7 0.7015335648148148 0.6699363425925926 0.036400462962962975 0.05596064814814809
3 0.4522858796296296 0.3218460648148148 0.027372685185185118 0.02285879629629637
1 0.4599537037037037 0.5782407407407407 0.06116898148148149 0.21915509259259255
13 0.49181134259259257 0.6449363425925926 0.039120370370370236 0.08726851851851851
0 0.5983506944444444 0.6542534722222222 0.04201388888888893 0.08113425925925917
4 0.418431712962963 0.6250289351851851 0.04357638888888893 0.12332175925925917