9 0.7093518518518518 0.5265625 0.08901620370370367 0.4203125
10 0.3295775462962963 0.65546875 0.04995370370370367 0.209375
14 0.27425925925925926 0.1859375 0.041157407407407386 0.1234375
12 0.7930497685185186 0.47734375 0.1386226851851852 0.5125
6 0.4765740740740741 0.6859375 0.04124999999999997 0.1265625
2 0.25499421296296293 0.66953125 0.0461342592592592 0.1859375
15 0.23446180555555554 0.1875 0.04092592592592599 0.115625
11 0.3679398148148148 0.7109375 0.03848379629629637 0.0859375
0 0.4055787037037037 0.715625 0.03829861111111103 0.0796875
13 0.5154340277777777 0.70546875 0.037152777777777854 0.09375
7 0.29983796296296295 0.7328125 0.03447916666666666 0.05625
4 0.5867071759259259 0.68515625 0.041018518518518475 0.11875
1 0.5463657407407407 0.615625 0.05115740740740726 0.25
5 0.4366782407407408 0.6578125 0.04631944444444436 0.1921875
16 0.612818287037037 0.6171875 0.05456018518518526 0.259375
3 0.5572222222222223 0.34921875 0.03672453703703695 0.0265625
8 0.6503530092592593 0.565625 0.06046296296296294 0.353125