14 0.2442534722222222 0.786892361111111 0.11598379629629632 0.05357638888888907
4 0.6342418981481481 0.4681770833333333 0.14259259259259255 0.0610069444444445
13 0.6760011574074074 0.5278645833333334 0.08314814814814823 0.048993055555555644
9 0.49747106481481485 0.3636284722222222 0.38211805555555556 0.13413194444444443
15 0.2525752314814815 0.8239930555555557 0.1144328703703704 0.055069444444444574
12 0.43311921296296296 0.2943402777777778 0.4653356481481481 0.19250000000000006
10 0.6309548611111111 0.7009201388888889 0.23649305555555564 0.08548611111111111
6 0.6311516203703704 0.5688541666666667 0.1926967592592593 0.07729166666666672
16 0.546869212962963 0.44710069444444445 0.3053472222222222 0.10260416666666661
5 0.643425925925926 0.5998784722222222 0.175462962962963 0.07027777777777774
2 0.6781886574074074 0.7600694444444445 0.167650462962963 0.06993055555555543
11 0.7008333333333333 0.6571354166666667 0.07842592592592582 0.04409722222222214
7 0.7261747685185185 0.71765625 0.05495370370370374 0.03836805555555554
3 0.35644097222222226 0.5175694444444445 0.025231481481481487 0.032361111111111104
1 0.6363483796296296 0.5003125 0.14885416666666665 0.06284722222222214
8 0.5682349537037037 0.41131944444444446 0.255289351851852 0.0925694444444444
0 0.6846585648148148 0.6251562500000001 0.09876157407407397 0.04812499999999993