9 0.32879050925925923 0.5029340277777778 0.07048611111111107 0.3628819444444444
5 0.5807002314814815 0.4459375 0.046238425925925954 0.18270833333333342
6 0.5482638888888889 0.44998263888888895 0.04236111111111107 0.19343749999999993
14 0.6499421296296296 0.8338715277777776 0.03287037037037024 0.10736111111111128
0 0.616724537037037 0.3934548611111111 0.03703703703703702 0.07951388888888884
1 0.49001736111111105 0.4638541666666667 0.044791666666666785 0.22624999999999992
12 0.24939236111111107 0.5378125 0.11053240740740744 0.44097222222222215
10 0.6727430555555556 0.4837326388888889 0.04965277777777786 0.24982638888888892
13 0.5232928240740741 0.39557291666666666 0.033159722222222146 0.09024305555555552
2 0.7382233796296296 0.4568576388888889 0.05173611111111107 0.19385416666666658
7 0.7120081018518519 0.3875 0.03373842592592595 0.05600694444444443
4 0.4567997685185185 0.4255381944444444 0.04236111111111107 0.15138888888888893
16 0.4210648148148149 0.47411458333333334 0.047222222222222145 0.2590624999999999
15 0.67578125 0.834236111111111 0.031192129629629584 0.10572916666666643
11 0.6477430555555556 0.39796875000000004 0.03425925925925917 0.08406250000000001
8 0.3953125 0.39850694444444446 0.04068287037037042 0.10770833333333334
3 0.44288194444444445 0.6663368055555556 0.021469907407407264 0.016527777777777787