5 0.34765625 0.6 0.1984375 0.03125
9 0.46015625 0.32265625 0.4203125 0.0546875
12 0.50546875 0.23671875 0.503125 0.0984375
2 0.33828125 0.77734375 0.178125 0.03125
7 0.275 0.73984375 0.0515625 0.0296875
4 0.31015625 0.45703125 0.1125 0.0296875
1 0.3453125 0.49375 0.1921875 0.03125
6 0.34296875 0.56484375 0.1921875 0.03125
8 0.3140625 0.3859375 0.125 0.034375
16 0.40390625 0.42578125 0.3140625 0.0328125
0 0.2875 0.6375 0.0796875 0.0328125
14 0.81328125 0.7234375 0.121875 0.03125
13 0.2921875 0.53046875 0.0859375 0.0296875
10 0.403125 0.70390625 0.309375 0.034375
15 0.81328125 0.76328125 0.1203125 0.0328125
11 0.290625 0.6703125 0.0796875 0.0296875
3 0.6328125 0.46171875 0.021875 0.0234375