5 0.5753645833333334 0.5475983796296295 0.08388888888888886 0.2055555555555557
9 0.3126041666666667 0.5435474537037037 0.15857638888888886 0.37928240740740743
0 0.6216145833333334 0.6006076388888889 0.0453819444444445 0.075
10 0.6607291666666667 0.5107060185185185 0.09423611111111115 0.228125
2 0.73 0.517332175925926 0.07277777777777779 0.16579861111111108
11 0.639982638888889 0.5553530092592592 0.06902777777777783 0.15150462962962957
12 0.22935763888888888 0.5222800925925926 0.21232638888888894 0.46736111111111106
6 0.5444965277777778 0.5585069444444445 0.08388888888888886 0.20555555555555555
15 0.6011458333333334 0.12242476851851851 0.06125000000000007 0.1166666666666667
16 0.42432291666666666 0.6058159722222223 0.0801388888888889 0.19126157407407404
1 0.48265624999999995 0.5779803240740741 0.08694444444444435 0.20422453703703702
14 0.5654861111111111 0.13133680555555555 0.06288194444444457 0.11834490740740744
4 0.4601041666666667 0.6172743055555555 0.0655555555555555 0.1434606481481481
13 0.5294097222222222 0.6246817129629629 0.048993055555555644 0.08616898148148149
8 0.39171875 0.6129340277777777 0.08312500000000007 0.18836805555555552
7 0.71640625 0.5818287037037038 0.04135416666666671 0.054456018518518515
3 0.38722222222222225 0.35303819444444445 0.026041666666666696 0.025289351851851903