9 0.7542824074074075 0.5218518518518518 0.13755787037037023 0.4243402777777778
6 0.5379918981481481 0.6709895833333333 0.04809027777777786 0.11751157407407398
12 0.8332175925925925 0.4599537037037037 0.18888888888888894 0.502824074074074
1 0.6103877314814815 0.6644965277777779 0.05121527777777786 0.11753472222222214
4 0.6461805555555555 0.6608564814814815 0.047974537037037024 0.11438657407407397
8 0.7122974537037037 0.6324479166666667 0.05717592592592595 0.15194444444444458
15 0.26044560185185184 0.24170717592592594 0.04820601851851851 0.12063657407407406
14 0.2984953703703704 0.23574074074074075 0.048263888888888926 0.12219907407407407
16 0.6695601851851851 0.5962037037037037 0.07112268518518512 0.23327546296296298
0 0.47899305555555555 0.7017939814814815 0.04021990740740744 0.07371527777777782
7 0.378443287037037 0.7283854166666667 0.03634259259259256 0.05337962962962965
10 0.39600694444444445 0.6543171296296296 0.06336805555555554 0.19260416666666663
13 0.5775752314814815 0.6853414351851852 0.04224537037037042 0.0862268518518519
2 0.3318287037037037 0.6718055555555555 0.057928240740740745 0.17225694444444456
5 0.5003182870370371 0.6449363425925926 0.05972222222222214 0.17851851851851847
11 0.44464699074074077 0.7023206018518519 0.04201388888888893 0.07997685185185191
3 0.583738425925926 0.366724537037037 0.02887731481481488 0.02052083333333332