9 0.503125 0.31796875 0.375 0.0484375
14 0.8375 0.67890625 0.1125 0.028125
10 0.41328125 0.66796875 0.1890625 0.03125
1 0.39765625 0.4703125 0.1640625 0.028125
13 0.35625 0.5046875 0.08125 0.0265625
12 0.54453125 0.240625 0.4484375 0.0796875
4 0.36953125 0.440625 0.1046875 0.0265625
11 0.353125 0.6390625 0.0765625 0.028125
15 0.8359375 0.715625 0.1046875 0.028125
6 0.396875 0.5390625 0.1703125 0.028125
8 0.37890625 0.37578125 0.121875 0.028125
16 0.471875 0.40859375 0.3078125 0.03125
0 0.35234375 0.59921875 0.071875 0.028125
7 0.33984375 0.7 0.0484375 0.028125
5 0.36171875 0.56875 0.0921875 0.028125
2 0.3953125 0.7359375 0.1671875 0.028125
3 0.665625 0.44140625 0.015625 0.0171875