5 0.3819733796296296 0.35061921296296295 0.04153935185185187 0.1986689814814815
9 0.6534837962962963 0.4651736111111111 0.0764814814814816 0.42071759259259256
12 0.7370717592592593 0.5111226851851851 0.12452546296296294 0.5038541666666667
2 0.20511574074074074 0.3399305555555555 0.04048611111111118 0.17835648148148148
7 0.24589699074074076 0.2769270833333333 0.032361111111111104 0.0517824074074074
4 0.526886574074074 0.31417824074074074 0.035520833333333356 0.11271990740740741
1 0.4883449074074074 0.34906249999999994 0.04121527777777771 0.19241898148148148
6 0.41737268518518517 0.34619212962962964 0.04121527777777771 0.19241898148148148
8 0.5977777777777777 0.31861111111111107 0.04085648148148149 0.12525462962962966
16 0.553275462962963 0.40815972222222224 0.049097222222222216 0.31430555555555556
0 0.34759259259259256 0.2901851851851852 0.036944444444444446 0.07993055555555557
14 0.2343923611111111 0.8153298611111112 0.0375694444444445 0.12210648148148132
13 0.45438078703703705 0.2956655092592593 0.03414351851851851 0.0861574074074074
10 0.2751909722222222 0.405318287037037 0.050416666666666644 0.30962962962962964
15 0.19454861111111113 0.8150347222222223 0.03905092592592592 0.12055555555555557
11 0.31461805555555555 0.2930671296296296 0.033819444444444444 0.0799074074074074
3 0.50546875 0.6367997685185185 0.024571759259259272 0.02204861111111107