9 0.3565914351851852 0.4732465277777778 0.058981481481481524 0.36999999999999994
14 0.6964236111111111 0.783611111111111 0.030821759259259274 0.15378472222222223
12 0.2772395833333333 0.53515625 0.1003703703703704 0.4740277777777777
8 0.420775462962963 0.3499652777777778 0.03037037037037038 0.09284722222222222
15 0.7221875 0.7853819444444443 0.02584490740740737 0.11461805555555564
11 0.7114351851851852 0.33881944444444445 0.03024305555555564 0.07565972222222221
16 0.4669675925925926 0.4411111111111111 0.06930555555555565 0.2874305555555555
0 0.6801099537037036 0.34967013888888887 0.03040509259259263 0.09753472222222222
10 0.7478587962962963 0.3778472222222222 0.03553240740740744 0.15701388888888887
7 0.7802835648148149 0.3240104166666667 0.030046296296296404 0.049097222222222216
2 0.8105266203703703 0.35380208333333335 0.03043981481481488 0.10222222222222221
5 0.6494270833333333 0.3792534722222222 0.03241898148148152 0.15850694444444446
6 0.6144907407407407 0.35034722222222225 0.035104166666666714 0.09920138888888888
1 0.5490625 0.43069444444444444 0.03468750000000007 0.2538541666666667
4 0.5207349537037038 0.35321180555555554 0.03355324074074062 0.10072916666666672
13 0.5855844907407407 0.3509895833333333 0.02884259259259263 0.09749999999999996
3 0.5185127314814816 0.6532118055555556 0.01887731481481474 0.017604166666666643