9 0.3309375 0.4566319444444444 0.057523148148148094 0.38402777777777786
12 0.2548611111111111 0.49815972222222216 0.09087962962962966 0.45819444444444457
14 0.7051041666666666 0.771701388888889 0.033645833333333285 0.11322916666666671
2 0.7560185185185185 0.3307986111111111 0.02935185185185176 0.16624999999999995
16 0.4219502314814815 0.4022743055555555 0.03802083333333321 0.28204861111111124
1 0.48716435185185186 0.3508333333333334 0.029479166666666678 0.18343749999999998
4 0.45529513888888895 0.32967013888888885 0.027592592592592523 0.1396527777777777
11 0.6547743055555555 0.29008680555555555 0.02712962962962955 0.07715277777777771
6 0.5543634259259259 0.3477777777777778 0.0325925925925926 0.18194444444444446
15 0.7394849537037038 0.7701562500000001 0.03206018518518512 0.11006944444444447
8 0.3883333333333333 0.3006944444444445 0.030208333333333302 0.07097222222222221
0 0.6196180555555555 0.29086805555555556 0.028668981481481382 0.07406249999999996
7 0.7197164351851851 0.27536458333333336 0.02849537037037031 0.05062499999999996
13 0.5234664351851851 0.3008159722222222 0.028715277777777715 0.08031249999999997
10 0.6867534722222223 0.40185763888888887 0.033495370370370384 0.3038194444444445
5 0.58828125 0.30328125000000006 0.028819444444444463 0.09437499999999996
3 0.4610069444444445 0.6130902777777778 0.020439814814814737 0.01763888888888889