9 0.4083738425925926 0.4515625 0.10885416666666661 0.3515625
15 0.811238425925926 0.69765625 0.041412037037036956 0.10625
1 0.5397511574074073 0.32890625 0.05097222222222229 0.13125
5 0.6365567129629629 0.33828125 0.05915509259259259 0.18125
12 0.3438310185185185 0.51640625 0.17054398148148148 0.453125
14 0.7823206018518518 0.69921875 0.04611111111111103 0.1078125
7 0.7489583333333334 0.24609375 0.03630787037037031 0.05
4 0.5108043981481482 0.334375 0.04943287037037045 0.134375
10 0.7401967592592593 0.37421875 0.08030092592592589 0.29375
6 0.6023321759259259 0.31796875 0.0509606481481482 0.1296875
16 0.48697916666666663 0.38671875 0.07046296296296291 0.23125
0 0.6581192129629629 0.275 0.039594907407407474 0.071875
11 0.6901678240740742 0.27265625 0.042766203703703806 0.078125
13 0.5688657407407407 0.30078125 0.03814814814814813 0.0875
8 0.43986689814814817 0.31328125 0.036400462962962975 0.0625
2 0.7870601851851852 0.2703125 0.04925925925925938 0.1109375
3 0.5580671296296297 0.5984375 0.017303240740740834 0.015625