9 0.47578125 0.31953125 0.4046875 0.0546875
12 0.52734375 0.2359375 0.49375 0.090625
16 0.45078125 0.4203125 0.3515625 0.034375
4 0.34765625 0.45390625 0.1484375 0.0296875
15 0.83125 0.75234375 0.1171875 0.0328125
8 0.3515625 0.38125 0.1578125 0.03125
1 0.38984375 0.4875 0.23125 0.03125
10 0.4390625 0.69921875 0.328125 0.034375
14 0.83203125 0.7125 0.11875 0.03125
5 0.3671875 0.59453125 0.1828125 0.0296875
2 0.36328125 0.77109375 0.178125 0.0328125
11 0.3421875 0.66484375 0.1359375 0.03125
7 0.303125 0.7359375 0.0515625 0.03125
13 0.315625 0.525 0.084375 0.028125
6 0.39296875 0.5609375 0.2359375 0.03125
0 0.3140625 0.62890625 0.078125 0.03125
3 0.65234375 0.4546875 0.015625 0.0171875