5 0.2971064814814815 0.6194328703703704 0.1989583333333333 0.0820717592592592
14 0.7376967592592593 0.861261574074074 0.12696759259259274 0.062187500000000284
11 0.2645949074074074 0.6823784722222223 0.15827546296296297 0.07185185185185183
9 0.4615277777777777 0.3696875 0.4197337962962962 0.15762731481481476
1 0.33769675925925924 0.5210127314814815 0.23336805555555565 0.08879629629629626
10 0.3079918981481481 0.7326273148148148 0.2662731481481481 0.10324074074074083
0 0.2469097222222222 0.6430324074074074 0.1128703703703704 0.05666666666666664
12 0.5370659722222222 0.30147569444444444 0.5264120370370371 0.22173611111111108
15 0.7280266203703704 0.9005497685185185 0.12226851851851847 0.06034722222222229
8 0.37050925925925926 0.4174421296296297 0.26001157407407405 0.10130787037037034
6 0.32081018518518517 0.5848842592592594 0.23650462962962965 0.0905439814814816
7 0.19850694444444444 0.7409895833333333 0.059687499999999984 0.04570601851851848
2 0.2536053240740741 0.7942766203703704 0.18799768518518523 0.07829861111111107
16 0.41314814814814815 0.4645196759259259 0.3538541666666667 0.11936342592592589
13 0.25708912037037035 0.534994212962963 0.09096064814814815 0.05068287037037038
4 0.28414930555555556 0.4693807870370371 0.1159953703703704 0.05685185185185197
3 0.6125578703703705 0.5560590277777777 0.02204861111111107 0.02473379629629626