5 0.5815393518518519 0.3871412037037037 0.0764930555555555 0.20211805555555565
0 0.6039583333333333 0.31386574074074075 0.04903935185185197 0.08160879629629622
9 0.32950810185185186 0.5540335648148148 0.14997685185185183 0.41983796296296294
6 0.5447858796296297 0.39155671296296296 0.074861111111111 0.19273148148148148
4 0.4338252314814815 0.3938599537037037 0.06523148148148153 0.15828703703703706
10 0.6893055555555556 0.3941898148148148 0.09732638888888889 0.27258101851851857
12 0.25487268518518513 0.6097337962962963 0.2068518518518518 0.5046296296296295
14 0.7987384259259259 0.8090856481481481 0.05872685185185187 0.1238657407407409
11 0.6458391203703704 0.3555844907407407 0.06843749999999993 0.16924768518518524
8 0.3649247685185185 0.4136631944444444 0.0731365740740741 0.1708449074074075
16 0.4183506944444444 0.47890625 0.10387731481481488 0.31325231481481486
13 0.4998148148148148 0.34512731481481485 0.049143518518518545 0.09567129629629623
1 0.4727893518518519 0.40743055555555563 0.074861111111111 0.1927314814814814
15 0.8363136574074073 0.7992071759259259 0.054016203703703525 0.12070601851851848
2 0.7538136574074075 0.3345081018518518 0.07481481481481485 0.18648148148148147
7 0.7057754629629629 0.28024305555555556 0.04106481481481481 0.059675925925925896
3 0.5050289351851852 0.6959664351851852 0.028310185185185154 0.025208333333333322