8 0.6990219907407408 0.39309606481481485 0.05065972222222222 0.10547453703703695
9 0.7484895833333333 0.5507118055555555 0.12847222222222215 0.40402777777777776
16 0.6639236111111112 0.4224421296296296 0.06556712962962977 0.18260416666666668
5 0.48975694444444445 0.3993865740740741 0.06810185185185187 0.20143518518518516
12 0.8210185185185186 0.6121296296296297 0.18152777777777765 0.4956018518518519
13 0.5640104166666667 0.3588252314814815 0.0451620370370371 0.08960648148148138
2 0.32156828703703705 0.35638310185185185 0.06392361111111118 0.1809606481481481
14 0.3326851851851852 0.8112037037037038 0.0547569444444445 0.12438657407407412
6 0.5241435185185186 0.3863657407407407 0.0627893518518519 0.1590856481481481
10 0.3842361111111111 0.40793981481481484 0.08055555555555553 0.26129629629629625
4 0.6278356481481481 0.4026504629629629 0.05934027777777793 0.1526736111111111
11 0.4282349537037037 0.3549016203703704 0.05696759259259263 0.1369675925925927
1 0.5935011574074075 0.40164930555555556 0.059664351851851906 0.1589236111111111
15 0.2949016203703704 0.8037905092592592 0.0531944444444445 0.12430555555555571
7 0.3624016203703704 0.3024016203703704 0.0372106481481481 0.056469907407407406
0 0.4637789351851852 0.33414930555555555 0.044513888888888783 0.07710648148148147
3 0.5961921296296296 0.6939699074074074 0.027777777777777856 0.024814814814814845