9 0.6802488425925926 0.5572916666666667 0.168287037037037 0.4247106481481481
5 0.43973958333333335 0.3786168981481482 0.08372685185185187 0.20532407407407405
10 0.33266203703703706 0.3714699074074074 0.09744212962962964 0.25300925925925927
12 0.7449710648148148 0.6303530092592593 0.22218750000000007 0.5204861111111111
8 0.6465682870370371 0.4370949074074074 0.08565972222222236 0.2116898148148149
0 0.4219849537037037 0.30746527777777777 0.046817129629629584 0.08125
6 0.4770601851851852 0.3711805555555555 0.07378472222222214 0.16880787037037043
1 0.5533043981481481 0.36898148148148147 0.06181712962962962 0.12436342592592595
16 0.6023900462962963 0.46756365740740746 0.10793981481481474 0.29890046296296297
15 0.16129629629629633 0.7738715277777778 0.06531250000000002 0.13084490740740745
11 0.3745428240740741 0.3400462962962963 0.07203703703703698 0.16556712962962958
13 0.5227546296296296 0.34160879629629626 0.05224537037037038 0.09409722222222214
2 0.2699537037037037 0.3173900462962963 0.07618055555555561 0.18298611111111107
14 0.19759837962962962 0.7836226851851851 0.06375000000000001 0.13072916666666679
4 0.5866666666666667 0.37537615740740743 0.05832175925925931 0.11788194444444447
7 0.32466435185185183 0.26808449074074076 0.04083333333333332 0.05902777777777777
3 0.4969618055555555 0.6841724537037037 0.02795138888888893 0.02540509259259256