9 0.4640625 0.246875 0.4265625 0.0640625
5 0.37109375 0.53515625 0.23125 0.0359375
6 0.34453125 0.496875 0.178125 0.03125
12 0.51640625 0.15625 0.50625 0.0984375
4 0.33203125 0.38828125 0.1546875 0.03125
0 0.2921875 0.57109375 0.078125 0.03125
8 0.296875 0.31328125 0.0796875 0.0359375
11 0.3390625 0.60703125 0.1703125 0.034375
10 0.38046875 0.6484375 0.2609375 0.0359375
16 0.4265625 0.35078125 0.3421875 0.034375
15 0.8328125 0.71015625 0.121875 0.03125
2 0.34453125 0.71953125 0.1859375 0.03125
14 0.83203125 0.66953125 0.1234375 0.0328125
7 0.2796875 0.684375 0.0546875 0.0328125
13 0.29765625 0.46015625 0.0875 0.028125
1 0.34453125 0.42578125 0.178125 0.0328125
3 0.653125 0.39765625 0.01875 0.0234375