16 0.40703125 0.40234375 0.275 0.0328125
9 0.47578125 0.3 0.4109375 0.0546875
13 0.31640625 0.50625 0.0875 0.028125
1 0.375 0.4703125 0.2125 0.03125
12 0.5234375 0.20546875 0.4859375 0.1140625
11 0.3140625 0.65 0.0796875 0.0296875
0 0.31171875 0.61171875 0.0765625 0.028125
2 0.359375 0.75390625 0.1765625 0.03125
10 0.38984375 0.68046875 0.2328125 0.03125
8 0.3671875 0.3625 0.190625 0.03125
15 0.83359375 0.7359375 0.1140625 0.0296875
7 0.3015625 0.71796875 0.053125 0.028125
6 0.35625 0.54375 0.16875 0.03125
3 0.65625 0.43828125 0.01875 0.0203125
5 0.32890625 0.5765625 0.1171875 0.0296875
4 0.32890625 0.43515625 0.1140625 0.028125
14 0.82734375 0.7015625 0.1171875 0.03125