14 0.274375 0.8408564814814815 0.053437499999999985 0.12355324074074084
9 0.6465625 0.4249421296296296 0.13677083333333329 0.41498842592592594
12 0.7336458333333333 0.4630208333333333 0.18625000000000008 0.5025462962962963
16 0.54578125 0.39360532407407406 0.10020833333333332 0.31076388888888895
4 0.50515625 0.3015914351851852 0.05135416666666668 0.11568287037037042
10 0.25947916666666665 0.3862847222222222 0.07302083333333335 0.20688657407407404
1 0.47442708333333333 0.3416956018518518 0.06833333333333336 0.1833333333333334
11 0.2892708333333333 0.3251736111111111 0.04656249999999993 0.09056712962962958
15 0.23578125 0.8469618055555556 0.0515625 0.11880787037037024
8 0.5795312499999999 0.2964988425925926 0.056770833333333215 0.1267939814814815
0 0.32583333333333336 0.31446759259259255 0.04604166666666672 0.08275462962962958
13 0.4335416666666667 0.3003472222222222 0.04489583333333336 0.08894675925925925
6 0.40046875000000004 0.35222800925925923 0.06843749999999993 0.1848958333333334
2 0.18213541666666666 0.38914930555555555 0.06697916666666667 0.18640046296296298
7 0.21796875 0.3192418981481482 0.04135416666666671 0.05920138888888893
5 0.36046875 0.32097800925925923 0.04906249999999997 0.1046875
3 0.5236979166666667 0.6196469907407407 0.019791666666666784 0.016319444444444463