9 0.6424189814814815 0.4619386574074074 0.11574074074074084 0.3838425925925925
1 0.4833333333333333 0.39961226851851855 0.06672453703703703 0.20621527777777776
8 0.5810185185185185 0.34370949074074075 0.052777777777777854 0.12317129629629635
5 0.3848668981481481 0.413443287037037 0.07019675925925925 0.21099537037037025
6 0.41730324074074077 0.40702546296296294 0.07008101851851851 0.20943287037037042
14 0.28353587962962956 0.8342766203703704 0.04728009259259256 0.11209490740740727
12 0.7241898148148148 0.49459490740740736 0.16371527777777767 0.46321759259259265
10 0.28709490740740745 0.4178993055555556 0.06400462962962958 0.1905439814814814
16 0.5501157407407408 0.4451851851851852 0.09079861111111107 0.3207407407407407
15 0.2480324074074074 0.8400057870370372 0.04704861111111116 0.10896990740740761
11 0.31655092592592593 0.3570023148148148 0.04484953703703702 0.07928240740740744
13 0.4479456018518519 0.3406365740740741 0.04207175925925917 0.08387731481481478
2 0.22042824074074074 0.4128587962962963 0.0625 0.17023148148148143
7 0.25211226851851853 0.35345486111111113 0.04155092592592595 0.055798611111111104
4 0.5128761574074074 0.34806712962962966 0.04357638888888893 0.10418981481481486
0 0.3505497685185185 0.35053819444444445 0.04762731481481479 0.07468749999999993
3 0.5176215277777778 0.6418113425925925 0.021585648148148097 0.017789351851851976