14 0.8078125 0.67109375 0.1203125 0.034375
9 0.471875 0.2796875 0.396875 0.05625
15 0.80859375 0.71015625 0.1171875 0.03125
5 0.3859375 0.5453125 0.190625 0.03125
13 0.334375 0.4765625 0.0828125 0.0296875
12 0.51875 0.20234375 0.484375 0.0984375
6 0.37578125 0.5125 0.1703125 0.0328125
10 0.44375 0.64765625 0.309375 0.0359375
8 0.35390625 0.34140625 0.1234375 0.0296875
7 0.3140625 0.67890625 0.0484375 0.028125
2 0.37421875 0.7140625 0.171875 0.0328125
16 0.41953125 0.37421875 0.25 0.0328125
4 0.3640625 0.40859375 0.1375 0.0296875
1 0.3453125 0.44375 0.1046875 0.03125
11 0.33046875 0.609375 0.078125 0.03125
0 0.32734375 0.5765625 0.0703125 0.028125
3 0.63828125 0.41796875 0.0234375 0.0265625