9 0.2566319444444444 0.5492939814814815 0.08121527777777775 0.42137731481481494
6 0.49220486111111106 0.6746990740740741 0.032222222222222284 0.1145023148148148
12 0.16951388888888888 0.4956423611111111 0.12190972222222225 0.4953935185185186
1 0.41949652777777774 0.6759664351851852 0.03534722222222229 0.11454861111111114
4 0.38276041666666666 0.6762037037037036 0.03215277777777779 0.1113773148148148
8 0.31369791666666663 0.654079861111111 0.037673611111111074 0.14894675925925932
15 0.7101388888888889 0.22230902777777778 0.03229166666666661 0.11762731481481481
14 0.6718923611111112 0.22017939814814813 0.032326388888888856 0.1191898148148148
16 0.3513194444444444 0.6139988425925926 0.04107638888888889 0.23178240740740746
0 0.5557291666666667 0.6998668981481482 0.03125 0.07075231481481481
7 0.6585243055555556 0.7162384259259259 0.030798611111111106 0.05043981481481481
10 0.6312152777777778 0.6439351851851851 0.03704861111111111 0.19111111111111115
13 0.4550694444444444 0.6929050925925926 0.03152777777777764 0.0832523148148148
2 0.6981770833333333 0.6550868055555555 0.03503472222222222 0.17077546296296298
5 0.5264583333333334 0.6455092592592593 0.036701388888888964 0.17548611111111115
11 0.5894097222222222 0.6964583333333334 0.03138888888888882 0.07700231481481482
3 0.4050173611111111 0.3779976851851852 0.026944444444444392 0.017581018518518475