9 0.3084606481481481 0.5048611111111111 0.115625 0.4235416666666666
10 0.6807523148148148 0.661082175925926 0.0625 0.21184027777777778
14 0.7593460648148148 0.19580439814814815 0.04936342592592595 0.12571759259259263
12 0.22757523148148148 0.44980324074074074 0.17100694444444448 0.5181018518518519
6 0.5324479166666667 0.68125 0.04938657407407412 0.12884259259259262
2 0.7543460648148148 0.681087962962963 0.05763888888888893 0.1883333333333333
15 0.799224537037037 0.19990162037037038 0.04774305555555554 0.11788194444444447
11 0.6397337962962963 0.7140393518518519 0.04283564814814813 0.08812499999999997
0 0.6014641203703703 0.7161689814814814 0.0427893518518518 0.08187499999999996
13 0.4927199074074074 0.6974652777777778 0.042893518518518546 0.09593749999999997
7 0.7063483796296296 0.7411805555555556 0.03792824074074073 0.058368055555555645
4 0.4229976851851852 0.6727141203703704 0.0477662037037037 0.12100694444444429
1 0.46626157407407404 0.6064409722222223 0.0674768518518519 0.25097222222222226
5 0.5736689814814815 0.6556365740740742 0.059247685185185264 0.19460648148148146
16 0.39982060185185186 0.6027372685185185 0.07067129629629632 0.2603935185185186
3 0.4689641203703704 0.3384027777777778 0.0377199074074074 0.030243055555555554
8 0.3658217592592593 0.5485474537037037 0.08230324074074077 0.3543055555555556