9 0.46328125 0.3078125 0.41875 0.0546875
10 0.3546875 0.69765625 0.2078125 0.0328125
14 0.82578125 0.71484375 0.121875 0.03125
12 0.5078125 0.2203125 0.5078125 0.096875
6 0.31640625 0.553125 0.125 0.03125
2 0.34453125 0.7734375 0.184375 0.03125
15 0.8265625 0.7546875 0.1140625 0.03125
11 0.29765625 0.6640625 0.084375 0.03125
0 0.290625 0.6265625 0.078125 0.03125
13 0.2953125 0.51640625 0.0921875 0.0296875
7 0.27890625 0.73359375 0.0546875 0.0296875
4 0.31171875 0.44375 0.1171875 0.03125
1 0.3828125 0.478125 0.2484375 0.03125
5 0.346875 0.590625 0.190625 0.03125
16 0.378125 0.41171875 0.2578125 0.0328125
3 0.6484375 0.4453125 0.025 0.034375
8 0.42734375 0.3703125 0.3515625 0.03125