4 0.46961226851851856 0.3770833333333333 0.06993055555555543 0.14677083333333335
9 0.31469907407407405 0.4604166666666667 0.16152777777777771 0.39239583333333333
14 0.5896990740740741 0.8886805555555556 0.06289351851851847 0.12006944444444442
8 0.40095486111111117 0.37243055555555554 0.08501157407407404 0.18145833333333333
12 0.22811342592592593 0.4803819444444445 0.22496527777777775 0.478125
15 0.6231076388888889 0.8956770833333334 0.06119212962962965 0.115347222222222
6 0.5619039351851851 0.42838541666666663 0.08050925925925938 0.18760416666666657
1 0.4909953703703704 0.42055555555555557 0.09081018518518516 0.21906250000000008
13 0.5419039351851852 0.36461805555555554 0.049374999999999857 0.08541666666666661
10 0.6954513888888889 0.43291666666666667 0.06652777777777778 0.13732638888888893
16 0.4246585648148148 0.4167361111111111 0.10097222222222228 0.2458333333333334
7 0.739369212962963 0.4018402777777778 0.04541666666666657 0.057222222222222285
11 0.6721817129629629 0.40034722222222224 0.052453703703703704 0.0839236111111111
0 0.6345891203703704 0.4026388888888889 0.057789351851851835 0.10590277777777786
2 0.7584027777777778 0.47184027777777776 0.07526620370370374 0.16875
5 0.592349537037037 0.42984375 0.07866898148148138 0.1781944444444445
3 0.39636574074074077 0.6592361111111111 0.02408564814814813 0.022395833333333216