5 0.5119907407407407 0.6332581018518518 0.051284722222222356 0.20682870370370363
9 0.24301504629629628 0.5225 0.1027546296296296 0.41678240740740746
8 0.2918460648148148 0.6732060185185185 0.04600694444444446 0.11776620370370364
13 0.4366898148148149 0.6921354166666667 0.03965277777777772 0.08957175925925931
1 0.4032986111111111 0.649699074074074 0.04934027777777779 0.1740162037037038
14 0.6791956018518519 0.1694675925925926 0.04325231481481495 0.12396990740740739
12 0.16335069444444444 0.4706018518518519 0.14902777777777781 0.5126967592592593
15 0.7197743055555555 0.16964699074074074 0.04481481481481477 0.12399305555555555
6 0.4756307870370371 0.6540914351851852 0.052280092592592455 0.17093750000000013
4 0.3635821759259259 0.6744849537037038 0.042881944444444466 0.11771990740740748
10 0.6235937500000001 0.5808680555555557 0.06751157407407397 0.32259259259259243
16 0.3310706018518519 0.6172048611111112 0.05616898148148142 0.23656249999999995
0 0.543119212962963 0.7007060185185185 0.04056712962962976 0.07865740740740748
2 0.6952546296296296 0.6492766203703704 0.05164351851851841 0.18653935185185197
11 0.5777256944444444 0.6962905092592593 0.039560185185185046 0.08800925925925931
7 0.6507407407407407 0.7155034722222222 0.03614583333333332 0.05673611111111114
3 0.4027430555555555 0.34294560185185186 0.026388888888888927 0.02380787037037031