9 0.7109895833333333 0.4727256944444445 0.13811342592592588 0.38047453703703693
13 0.5455439814814815 0.3046412037037037 0.044918981481481525 0.08521990740740737
14 0.3051215277777778 0.7459780092592593 0.052870370370370345 0.11840277777777768
16 0.6324884259259259 0.3794212962962963 0.076724537037037 0.21795138888888888
0 0.45214120370370364 0.2866666666666667 0.046076388888888785 0.07750000000000004
12 0.779369212962963 0.5219618055555555 0.190763888888889 0.4645949074074075
8 0.674224537037037 0.3228761574074074 0.049849537037037095 0.09018518518518519
1 0.5784259259259259 0.31914930555555554 0.05222222222222221 0.10590277777777776
10 0.37811921296296297 0.3553125 0.08378472222222229 0.23394675925925928
6 0.512193287037037 0.3113194444444444 0.04901620370370381 0.10415509259259262
4 0.608275462962963 0.3205150462962963 0.0491782407407408 0.10728009259259252
15 0.269681712962963 0.7425925925925926 0.05427083333333336 0.11537037037037053
5 0.4801620370370371 0.31321759259259263 0.055914351851851764 0.11702546296296301
2 0.31811921296296297 0.31655092592592593 0.06483796296296296 0.16895833333333332
11 0.4184259259259259 0.28631365740740744 0.04615740740740737 0.07906250000000004
7 0.35693287037037036 0.26409722222222226 0.03704861111111111 0.05359953703703706
3 0.5625289351851852 0.6170949074074075 0.019641203703703702 0.018298611111111106