9 0.5078125 0.340625 0.375 0.0484375
15 0.83828125 0.75390625 0.1078125 0.034375
2 0.3984375 0.7625 0.165625 0.034375
12 0.55859375 0.2625 0.4609375 0.0859375
16 0.4453125 0.43359375 0.240625 0.03125
0 0.353125 0.6296875 0.071875 0.028125
1 0.44140625 0.49921875 0.240625 0.034375
11 0.35625 0.6625 0.0734375 0.03125
14 0.83828125 0.71875 0.1125 0.0296875
10 0.4265625 0.696875 0.2234375 0.0328125
5 0.4046875 0.59609375 0.1734375 0.0328125
7 0.33984375 0.728125 0.05 0.028125
6 0.37421875 0.56328125 0.1109375 0.03125
13 0.36015625 0.53203125 0.084375 0.0296875
4 0.37265625 0.4640625 0.103125 0.0296875
8 0.415625 0.3984375 0.1953125 0.03125
3 0.675 0.471875 0.01875 0.021875