5 0.3166145833333333 0.5489872685185185 0.22062500000000007 0.08298611111111107
9 0.4833333333333334 0.31550925925925927 0.4018750000000001 0.159837962962963
8 0.3275520833333333 0.33793402777777776 0.10968750000000008 0.05549768518518512
11 0.25786458333333334 0.6078993055555555 0.13989583333333339 0.06440972222222215
10 0.33567708333333335 0.6624710648148148 0.3192708333333333 0.11313657407407404
14 0.6902604166666666 0.7711516203703704 0.12260416666666671 0.0622106481481481
12 0.5478645833333333 0.25211226851851853 0.4926041666666666 0.21151620370370372
6 0.3271875 0.5196180555555555 0.22072916666666673 0.08454861111111107
1 0.3458333333333333 0.45138888888888895 0.21916666666666673 0.08449074074074084
2 0.24505208333333334 0.706105324074074 0.18114583333333334 0.0752893518518519
4 0.32197916666666665 0.4097800925925926 0.15427083333333336 0.06961805555555553
0 0.23979166666666668 0.5618055555555556 0.08125 0.04976851851851851
15 0.6783333333333333 0.8090856481481481 0.12572916666666673 0.06232638888888893
7 0.195625 0.6604166666666667 0.05885416666666665 0.041145833333333215
16 0.38526041666666666 0.38862847222222224 0.2572916666666666 0.09525462962962958
13 0.27265625 0.4682581018518519 0.0921875 0.05017361111111107
3 0.6002083333333333 0.4890046296296296 0.015208333333333357 0.017708333333333215