9 0.3207465277777778 0.5580902777777779 0.13046296296296295 0.37152777777777785
14 0.6069212962962963 0.17916666666666664 0.05166666666666675 0.11361111111111111
12 0.23439814814814816 0.5311631944444445 0.17695601851851847 0.4522222222222222
15 0.6414120370370371 0.17211805555555554 0.054768518518518584 0.11211805555555557
2 0.7377141203703703 0.582204861111111 0.0633217592592592 0.1622916666666665
13 0.5293865740740741 0.6651041666666666 0.04334490740740744 0.07906249999999986
10 0.6744212962962963 0.5815798611111112 0.0715046296296297 0.18746527777777774
6 0.548431712962963 0.5928472222222222 0.0765625 0.2125694444444445
16 0.4136458333333334 0.56484375 0.10628472222222225 0.32100694444444444
1 0.4841377314814815 0.6070486111111111 0.0796875 0.212638888888889
8 0.3987210648148148 0.6754861111111111 0.05159722222222225 0.10892361111111111
7 0.7204050925925927 0.6427777777777777 0.036701388888888783 0.05236111111111121
5 0.5825983796296297 0.6076736111111111 0.06343750000000004 0.17010416666666667
0 0.6233912037037037 0.65 0.04483796296296312 0.07440972222222228
4 0.46375 0.6644270833333333 0.05003472222222225 0.10888888888888885
11 0.6532175925925926 0.6412847222222222 0.044884259259259277 0.07753472222222228
3 0.41172453703703704 0.37802083333333336 0.022175925925925988 0.020798611111111143