9 0.29501736111111115 0.5012789351851852 0.13375000000000004 0.38560185185185175
14 0.7273784722222223 0.2170659722222222 0.052870370370370345 0.11805555555555554
5 0.5234201388888888 0.6343576388888889 0.07033564814814816 0.18440972222222224
16 0.36524884259259255 0.604380787037037 0.07771990740740745 0.20660879629629642
1 0.42119791666666667 0.6373206018518519 0.06402777777777775 0.15291666666666667
15 0.7607291666666667 0.2200115740740741 0.05254629629629619 0.11180555555555553
12 0.22535879629629632 0.44723379629629634 0.1816319444444444 0.46755787037037033
13 0.44820023148148147 0.6725405092592592 0.04672453703703709 0.08968749999999996
0 0.5439814814814815 0.6886111111111111 0.044513888888888783 0.07710648148148155
4 0.38858796296296294 0.6351157407407408 0.06074074074074076 0.1496296296296297
6 0.48617476851851854 0.6464178240740741 0.06230324074074076 0.1497106481481481
2 0.6825752314814815 0.6603877314814814 0.07141203703703702 0.17511574074074082
7 0.6385763888888889 0.7125347222222222 0.038854166666666676 0.05811342592592581
10 0.6344849537037037 0.5810706018518518 0.10510416666666664 0.3139930555555555
8 0.31418981481481484 0.6724768518518518 0.04033564814814809 0.05663194444444457
11 0.5757291666666667 0.6924189814814815 0.04483796296296312 0.08335648148148138
3 0.45387152777777773 0.3527951388888889 0.024409722222222284 0.01996527777777777