4 0.5240219907407407 0.37770833333333337 0.04010416666666679 0.14168981481481477
9 0.6489351851851852 0.5102025462962964 0.07668981481481474 0.3753819444444444
12 0.7261284722222222 0.5601041666666667 0.12303240740740744 0.4641782407407408
1 0.48994791666666665 0.3868460648148148 0.04424768518518522 0.17615740740740743
10 0.29572916666666665 0.44431712962962966 0.05443287037037035 0.3091550925925926
14 0.2776793981481481 0.809866898148148 0.03605324074074075 0.11034722222222229
5 0.3949710648148148 0.34266203703703707 0.035636574074074015 0.09628472222222229
13 0.45894097222222224 0.34143518518518523 0.0352662037037037 0.08378472222222229
15 0.24169560185185182 0.8072395833333333 0.03752314814814817 0.10726851851851862
7 0.2620601851851852 0.3090625 0.031168981481481506 0.05087962962962962
11 0.32982638888888893 0.33058449074074076 0.033518518518518545 0.07748842592592595
0 0.36109953703703707 0.3322916666666667 0.03342592592592588 0.07436342592592596
6 0.4266435185185185 0.38418981481481485 0.04259259259259256 0.17298611111111112
16 0.5565335648148148 0.47390046296296295 0.05655092592592581 0.3279513888888889
8 0.5901967592592593 0.3718634259259259 0.039409722222222145 0.11825231481481477
3 0.5201331018518519 0.667962962962963 0.031898148148148134 0.022800925925925954
2 0.23027199074074076 0.36900462962962965 0.04415509259259256 0.17303240740740744