5 0.575 0.625150462962963 0.0609375 0.17836805555555557
12 0.2578125 0.4501736111111111 0.190625 0.497835648148148
14 0.75390625 0.23313078703703702 0.0515625 0.11871527777777775
9 0.334375 0.5033738425925927 0.1359375 0.4087152777777778
2 0.73984375 0.6546412037037037 0.059375 0.16894675925925923
6 0.5421875 0.6284664351851852 0.059375 0.16738425925925923
4 0.43828125 0.6268576388888889 0.053125 0.1421990740740741
15 0.7875 0.23760416666666667 0.0515625 0.11715277777777774
1 0.47421875 0.6179803240740741 0.059375 0.16738425925925923
11 0.6390625 0.6498148148148148 0.0546875 0.15162037037037024
13 0.50390625 0.6616319444444445 0.0421875 0.08718749999999993
8 0.3703125 0.6273090277777778 0.05 0.12023148148148159
16 0.4171875 0.557951388888889 0.084375 0.2775
10 0.67734375 0.6213368055555556 0.0703125 0.2239583333333332
3 0.48359375 0.3559837962962963 0.03125 0.025925925925925953
0 0.60078125 0.6821990740740741 0.0390625 0.07459490740740726
7 0.6953125 0.7075231481481481 0.0359375 0.054189814814814954