14 0.32229745370370366 0.1815277777777778 0.028958333333333287 0.11416666666666667
9 0.6934895833333334 0.5330671296296297 0.05124999999999993 0.38255787037037037
7 0.3088020833333333 0.6789467592592592 0.028472222222222232 0.04854166666666657
4 0.5709548611111112 0.6476273148148148 0.029166666666666785 0.14229166666666657
0 0.4087037037037037 0.6715914351851853 0.028657407407407475 0.07354166666666657
12 0.7720601851851852 0.4924305555555556 0.08930555555555557 0.45978009259259256
1 0.5395891203703703 0.630150462962963 0.029363425925926022 0.16885416666666658
2 0.2771180555555556 0.6185011574074075 0.02935185185185185 0.16729166666666656
15 0.2855902777777778 0.18091435185185184 0.030474537037037043 0.10800925925925924
6 0.4724131944444444 0.6277314814814815 0.02937499999999993 0.17041666666666658
5 0.44221064814814814 0.661863425925926 0.02880787037037038 0.09385416666666657
13 0.5063136574074074 0.6711284722222223 0.02714120370370381 0.07969907407407409
11 0.37744791666666666 0.6689583333333333 0.028680555555555553 0.07666666666666658
8 0.6367708333333333 0.6772974537037036 0.030289351851851977 0.08300925925925924
10 0.34140046296296295 0.5465625 0.03353009259259263 0.3096643518518519
16 0.6011168981481482 0.6080266203703704 0.029803240740740655 0.22822916666666676
3 0.5657233796296296 0.3630671296296296 0.015729166666666572 0.014988425925925952