6 0.65234375 0.5351736111111112 0.24145833333333327 0.0699305555555556
2 0.6694270833333333 0.7561631944444445 0.19281249999999997 0.06465277777777771
9 0.5761979166666666 0.28625 0.4226041666666667 0.12315972222222218
5 0.6736979166666666 0.5734027777777777 0.20208333333333323 0.06350694444444435
1 0.65296875 0.46227430555555554 0.2430208333333333 0.06999999999999992
12 0.526875 0.19284722222222223 0.521875 0.18677083333333339
8 0.72109375 0.3558159722222222 0.11864583333333326 0.05045138888888889
0 0.72875 0.6117013888888889 0.08395833333333336 0.04423611111111114
11 0.6825 0.6466666666666667 0.17385416666666664 0.060694444444444426
15 0.18515625 0.7087326388888889 0.12802083333333333 0.050868055555555534
10 0.6581770833333334 0.6814409722222223 0.21656249999999985 0.0703819444444445
7 0.7361458333333333 0.7226388888888889 0.06031250000000003 0.04006944444444436
16 0.5969791666666666 0.38640625 0.3679166666666667 0.09736111111111115
13 0.7294270833333333 0.5043229166666666 0.09177083333333336 0.04458333333333329
4 0.71671875 0.43123263888888896 0.12166666666666667 0.04902777777777771
14 0.18958333333333335 0.6693576388888889 0.13114583333333335 0.051006944444444355
3 0.38640625 0.41300347222222217 0.02177083333333325 0.022777777777777786