1 0.6028125 0.5778414351851853 0.11204861111111111 0.05657407407407398
9 0.5145486111111112 0.3958159722222222 0.3949999999999999 0.14980324074074075
5 0.5422048611111111 0.6649942129629629 0.18725694444444443 0.07039351851851841
15 0.1075 0.7245023148148148 0.11354166666666665 0.05354166666666664
14 0.11612847222222222 0.6882465277777777 0.1182638888888889 0.05538194444444446
12 0.48206597222222225 0.30862268518518515 0.4805208333333333 0.20636574074074074
16 0.55296875 0.49744212962962964 0.22340277777777792 0.08189814814814814
8 0.6120833333333333 0.47747685185185185 0.1229861111111111 0.057222222222222285
13 0.6059722222222221 0.6116666666666667 0.08531249999999986 0.04718750000000007
2 0.521267361111111 0.8327256944444444 0.17156249999999992 0.06634259259259245
6 0.5616666666666668 0.634074074074074 0.17156249999999992 0.06634259259259245
10 0.5438368055555556 0.7675694444444444 0.15434027777777787 0.06376157407407419
7 0.5866319444444444 0.8131307870370371 0.053923611111111214 0.03908564814814817
0 0.59203125 0.7109722222222222 0.07270833333333329 0.041759259259259274
11 0.5858333333333333 0.743460648148148 0.07902777777777778 0.04525462962962976
4 0.6067013888888889 0.5436516203703704 0.10881944444444436 0.051701388888889
3 0.32557291666666666 0.48631365740740745 0.02083333333333339 0.024641203703703596