6 0.4844039351851851 0.3675462962962963 0.08320601851851847 0.23809027777777772
2 0.27471064814814816 0.29487268518518517 0.07467592592592594 0.1895949074074074
9 0.7044212962962962 0.5042129629629629 0.14521990740740734 0.41665509259259254
5 0.4527025462962963 0.33730902777777777 0.07479166666666667 0.1974074074074074
1 0.5549942129629629 0.38577546296296295 0.08322916666666665 0.2396527777777778
12 0.7812557870370369 0.5747453703703703 0.2122800925925926 0.5140162037037037
8 0.6755208333333333 0.3465972222222223 0.05642361111111107 0.11759259259259255
0 0.42990162037037044 0.2749710648148148 0.048101851851851764 0.08315972222222215
11 0.3835474537037037 0.31047453703703703 0.0697106481481482 0.17081018518518523
15 0.19035300925925927 0.7713310185185186 0.058101851851851814 0.12541666666666665
10 0.343900462962963 0.32405092592592594 0.08127314814814816 0.21307870370370371
7 0.3246701388888889 0.23902777777777776 0.04306712962962962 0.059687500000000074
16 0.6131018518518518 0.4580092592592592 0.11784722222222221 0.36177083333333326
13 0.5349942129629629 0.3015393518518518 0.0482175925925926 0.09097222222222215
4 0.6018634259259259 0.3322974537037037 0.05488425925925924 0.11914351851851848
14 0.22950810185185183 0.7772916666666666 0.05658564814814815 0.12853009259259257
3 0.5308391203703703 0.6539525462962963 0.02373842592592581 0.020486111111111073