9 0.5224826388888889 0.37484375000000003 0.37451388888888887 0.17020833333333335
1 0.376255787037037 0.48859375000000005 0.1661574074074074 0.08291666666666657
4 0.3757291666666666 0.4541666666666667 0.14108796296296297 0.071875
12 0.5901099537037038 0.31994791666666667 0.4577199074074073 0.22885416666666672
5 0.3560127314814815 0.5833854166666667 0.17399305555555564 0.08656249999999996
6 0.3593923611111111 0.54921875 0.1598958333333334 0.08093749999999993
15 0.7267708333333334 0.8644791666666667 0.11136574074074072 0.06520833333333335
13 0.3284375 0.5072916666666666 0.08160879629629622 0.05385416666666672
14 0.7363831018518519 0.8330729166666668 0.11447916666666665 0.06385416666666685
2 0.3071990740740741 0.7364583333333333 0.16773148148148148 0.08458333333333332
0 0.29963541666666665 0.5968229166666668 0.08004629629629623 0.053750000000000145
16 0.44690972222222225 0.44718749999999996 0.27104166666666674 0.11645833333333329
8 0.40117476851851847 0.39567708333333335 0.15832175925925931 0.07927083333333336
11 0.2915798611111111 0.6291145833333334 0.08003472222222223 0.05218749999999996
7 0.2614525462962963 0.6865104166666667 0.0549768518518519 0.04270833333333339
10 0.3934722222222222 0.696875 0.3039467592592593 0.13114583333333324
3 0.6446643518518519 0.5526041666666666 0.022037037037036987 0.023333333333333428