9 0.28564814814814815 0.4960069444444445 0.17644675925925926 0.42828703703703697
10 0.6416956018518519 0.2698900462962963 0.09369212962962976 0.21446759259259257
14 0.7640625 0.7124305555555555 0.0671875 0.13026620370370381
12 0.2105613425925926 0.5659375000000001 0.24409722222222224 0.5289583333333333
6 0.4924768518518519 0.2787326388888889 0.06724537037037023 0.13182870370370373
2 0.7138888888888889 0.23598958333333334 0.08501157407407404 0.19056712962962968
15 0.8027199074074074 0.7000057870370371 0.06377314814814809 0.12226851851851847
11 0.596556712962963 0.22579282407407408 0.05486111111111107 0.0921180555555555
0 0.5581597222222222 0.23118634259259263 0.05306712962962958 0.08577546296296301
13 0.45147569444444446 0.2702488425925926 0.05671296296296298 0.10002314814814817
7 0.6603877314814814 0.18615162037037036 0.04444444444444447 0.06343750000000004
4 0.38454861111111105 0.3092939814814815 0.06545138888888893 0.12548611111111113
1 0.433912037037037 0.36561342592592594 0.10295138888888893 0.2539930555555555
5 0.5354745370370371 0.2964525462962963 0.08680555555555554 0.19690972222222225
16 0.36779513888888893 0.3827835648148148 0.10798611111111107 0.26364583333333336
3 0.461574074074074 0.6290162037037037 0.04027777777777786 0.03512731481481488
8 0.3390914351851852 0.4421701388888889 0.13478009259259255 0.3556597222222223