16 0.4089236111111111 0.41226851851851853 0.23982638888888896 0.0831018518518519
9 0.47064236111111113 0.3017650462962963 0.39388888888888884 0.1365162037037037
1 0.3989814814814815 0.48284143518518513 0.18614583333333332 0.06979166666666678
8 0.3959490740740741 0.3787037037037037 0.21932870370370372 0.07847222222222214
0 0.3723900462962963 0.6299768518518518 0.08053240740740746 0.04641203703703702
10 0.5042592592592593 0.6704282407407407 0.3200694444444444 0.09837962962962958
11 0.3829282407407407 0.6621527777777778 0.08521990740740737 0.04675925925925917
2 0.45038773148148153 0.7544560185185185 0.17824074074074084 0.06765046296296298
15 0.8855555555555554 0.64296875 0.11343749999999986 0.05040509259259256
6 0.41311921296296295 0.5492766203703704 0.18927083333333333 0.0700231481481481
14 0.8786921296296295 0.6065972222222222 0.11968749999999986 0.050868055555555534
12 0.4959722222222222 0.21278935185185183 0.498136574074074 0.1893518518518519
4 0.3752083333333333 0.45243055555555556 0.1499305555555555 0.062442129629629584
7 0.3831423611111111 0.7319733796296296 0.05672453703703706 0.038425925925925954
13 0.3577314814814815 0.528269675925926 0.09000000000000004 0.04866898148148149
5 0.4230150462962963 0.5838541666666667 0.20508101851851848 0.07430555555555554
3 0.6644386574074075 0.3941261574074074 0.02482638888888893 0.02517361111111107