15 0.2307986111111111 0.2032696759259259 0.0552777777777778 0.12245370370370372
14 0.2619097222222222 0.20407986111111112 0.06374999999999993 0.1729166666666667
9 0.6776909722222222 0.4325810185185185 0.14406250000000007 0.403125
10 0.32359375 0.6207754629629629 0.06149305555555555 0.15717592592592594
7 0.2954513888888889 0.6758101851851852 0.03829861111111103 0.055787037037037024
16 0.5927951388888889 0.520630787037037 0.07861111111111115 0.22696759259259255
11 0.3605555555555556 0.6476273148148148 0.04586805555555555 0.0859375
12 0.7499131944444445 0.3493634259259259 0.19586805555555564 0.5175347222222222
8 0.6352951388888889 0.5805555555555555 0.04906249999999997 0.0877314814814815
4 0.5604166666666666 0.5658564814814815 0.059652777777777645 0.15081018518518513
1 0.5136979166666666 0.47821180555555554 0.10399305555555553 0.3425347222222223
2 0.2573958333333334 0.6560474537037038 0.053576388888888896 0.11921296296296298
0 0.39484375 0.6295138888888889 0.04982638888888893 0.10491898148148131
6 0.4603472222222223 0.6098668981481481 0.05166666666666657 0.11128472222222215
5 0.4261631944444445 0.5905960648148147 0.06517361111111111 0.16990740740740745
3 0.5194270833333333 0.27922453703703703 0.03548611111111111 0.02754629629629628
13 0.4977083333333333 0.6102141203703704 0.04600694444444429 0.0890625