9 0.48125 0.31640625 0.3703125 0.0546875
13 0.33359375 0.50078125 0.0796875 0.0265625
14 0.7984375 0.68515625 0.1125 0.028125
16 0.39765625 0.40546875 0.2125 0.0296875
0 0.3265625 0.5953125 0.0703125 0.0296875
12 0.521875 0.2421875 0.4453125 0.090625
8 0.33671875 0.37109375 0.0828125 0.03125
1 0.34453125 0.46640625 0.1 0.0296875
10 0.403125 0.6609375 0.228125 0.0328125
6 0.34375 0.5328125 0.0984375 0.0265625
4 0.3421875 0.43671875 0.1015625 0.0265625
15 0.79921875 0.72109375 0.109375 0.0296875
5 0.34921875 0.56484375 0.1109375 0.03125
2 0.371875 0.725 0.1625 0.028125
11 0.3296875 0.62890625 0.071875 0.0296875
7 0.31484375 0.69296875 0.0484375 0.0265625
3 0.64140625 0.44609375 0.0140625 0.0171875