6 0.378125 0.54765625 0.2359375 0.03125
2 0.34921875 0.7671875 0.1859375 0.034375
9 0.46796875 0.30546875 0.4125 0.0546875
5 0.3546875 0.584375 0.1953125 0.03125
1 0.38203125 0.475 0.2375 0.03125
12 0.521875 0.21640625 0.5015625 0.103125
8 0.31953125 0.3640625 0.1125 0.03125
0 0.2984375 0.61875 0.078125 0.03125
11 0.3421875 0.65703125 0.1671875 0.0328125
15 0.83359375 0.75703125 0.121875 0.03125
10 0.3640625 0.69375 0.209375 0.0359375
7 0.284375 0.72890625 0.0546875 0.03125
16 0.44140625 0.40390625 0.3609375 0.0375
13 0.303125 0.5109375 0.0859375 0.0296875
4 0.3203125 0.4390625 0.115625 0.0296875
14 0.83125 0.71796875 0.125 0.0296875
3 0.65 0.446875 0.0171875 0.0203125