9 0.4646412037037037 0.3299074074074074 0.37891203703703696 0.11745370370370374
15 0.19951388888888888 0.7978182870370369 0.11288194444444444 0.0548958333333335
2 0.6358969907407407 0.7247453703703703 0.16918981481481482 0.06437500000000007
12 0.40265625 0.26222800925925926 0.46990740740740744 0.17013888888888884
16 0.5405960648148149 0.40967013888888887 0.24269675925925932 0.07592592592592595
0 0.6611400462962963 0.5857465277777778 0.0752893518518519 0.041284722222222216
1 0.5541840277777779 0.4733159722222222 0.24428240740740748 0.07909722222222229
11 0.6624594907407408 0.6185127314814816 0.07843750000000008 0.04450231481481488
14 0.19430555555555556 0.762824074074074 0.11597222222222223 0.050300925925925985
10 0.5980671296296297 0.6649421296296296 0.22706018518518506 0.07390046296296297
5 0.6050810185185185 0.5616319444444444 0.17700231481481482 0.06460648148148138
7 0.6885648148148148 0.6794444444444444 0.05339120370370374 0.037511574074074086
6 0.6303530092592593 0.5241724537037037 0.11442129629629623 0.05181712962962948
13 0.6391956018518519 0.490324074074074 0.08781250000000007 0.044780092592592524
4 0.6170196759259259 0.4261516203703704 0.10658564814814823 0.04846064814814817
8 0.5643229166666667 0.3699131944444444 0.1988888888888889 0.0668171296296296
3 0.31895833333333334 0.48965856481481485 0.022060185185185155 0.025648148148148132