5 0.36015625 0.5546875 0.2046875 0.03125
9 0.465625 0.275 0.4140625 0.0640625
8 0.31640625 0.33828125 0.115625 0.034375
13 0.3 0.48515625 0.0875 0.03125
1 0.3421875 0.44765625 0.171875 0.0328125
14 0.8265625 0.67890625 0.121875 0.03125
12 0.515625 0.190625 0.5078125 0.1015625
15 0.82734375 0.71953125 0.121875 0.0328125
6 0.3390625 0.5203125 0.16875 0.0359375
4 0.31640625 0.41015625 0.115625 0.03125
10 0.41484375 0.66171875 0.3203125 0.0375
16 0.37265625 0.37265625 0.234375 0.034375
0 0.29375 0.5921875 0.0765625 0.0328125
2 0.3484375 0.73984375 0.184375 0.034375
11 0.2984375 0.6265625 0.0859375 0.03125
7 0.28125 0.7015625 0.0546875 0.03125
3 0.64765625 0.41796875 0.021875 0.025