9 0.30714699074074076 0.5425578703703703 0.07962962962962958 0.3712615740740741
14 0.6546238425925927 0.22583912037037038 0.03766203703703717 0.11297453703703705
12 0.22703125000000002 0.4994618055555556 0.11631944444444446 0.451423611111111
15 0.689849537037037 0.22557870370370373 0.0406944444444445 0.11003472222222221
2 0.7149189814814815 0.6473321759259258 0.04065972222222207 0.16150462962962955
13 0.49537615740740737 0.6875405092592592 0.03195601851851855 0.07832175925925924
10 0.6526967592592593 0.6342534722222222 0.046087962962963046 0.18678240740740737
6 0.5263194444444445 0.6205034722222222 0.0484375 0.21343750000000003
16 0.397974537037037 0.567505787037037 0.06261574074074083 0.3234606481481482
1 0.4605092592592593 0.6228645833333333 0.05151620370370367 0.21206018518518518
8 0.36433449074074076 0.6727314814814814 0.035960648148148165 0.10819444444444457
7 0.6874479166666667 0.7028356481481481 0.03112268518518526 0.05019675925925924
5 0.5569907407407408 0.641886574074074 0.04093750000000007 0.17087962962962955
0 0.5907349537037037 0.6916261574074074 0.03489583333333339 0.07225694444444439
4 0.430787037037037 0.6751041666666666 0.034398148148148164 0.10810185185185191
11 0.6213425925925926 0.688744212962963 0.03498842592592588 0.07538194444444457
3 0.42767939814814815 0.3837847222222222 0.020868055555555643 0.019953703703703772