9 0.2813773148148148 0.4571875 0.11295138888888889 0.38888888888888895
14 0.5953125 0.8161805555555557 0.04873842592592599 0.11763888888888871
5 0.5514988425925926 0.37262152777777774 0.05523148148148138 0.17878472222222222
15 0.6326736111111112 0.8192013888888889 0.05342592592592581 0.11784722222222221
2 0.7150752314814814 0.3817361111111111 0.05812500000000007 0.17111111111111113
12 0.19517939814814816 0.4961284722222222 0.1544212962962963 0.471875
6 0.5158101851851852 0.39215277777777774 0.06751157407407397 0.22458333333333336
7 0.6919502314814815 0.31956597222222227 0.037511574074074086 0.05472222222222225
11 0.6141377314814814 0.36515624999999996 0.051458333333333425 0.1567708333333334
10 0.6439756944444445 0.41142361111111114 0.06958333333333329 0.24184027777777786
16 0.37407407407407406 0.43590277777777775 0.08168981481481481 0.3344444444444445
8 0.3631423611111111 0.30453125000000003 0.03967592592592588 0.07510416666666667
1 0.44733796296296297 0.38583333333333336 0.06443287037037031 0.22600694444444436
13 0.4929861111111111 0.31982638888888887 0.04312500000000004 0.08618055555555557
0 0.5895833333333333 0.32489583333333333 0.03976851851851855 0.07822916666666666
4 0.4249016203703704 0.3267534722222222 0.043912037037036986 0.11274305555555557
3 0.3839583333333333 0.6289583333333333 0.020868055555555553 0.019652777777777786