9 0.32310185185185186 0.4541145833333333 0.0861574074074074 0.3787847222222222
14 0.6855844907407407 0.7858622685185186 0.03780092592592581 0.11664351851851862
6 0.5464293981481482 0.3646122685185185 0.0447106481481482 0.19178240740740743
12 0.24618055555555554 0.4970543981481482 0.12468750000000002 0.4673495370370372
15 0.7224652777777778 0.7902430555555555 0.04083333333333332 0.11361111111111111
5 0.577199074074074 0.37386574074074075 0.0453125 0.21209490740740744
10 0.6745138888888889 0.3858391203703704 0.04733796296296298 0.2277662037037036
8 0.3833217592592592 0.32252893518518516 0.03770833333333332 0.11351851851851853
1 0.47988425925925926 0.3618923611111111 0.046226851851851866 0.19026620370370367
0 0.6119965277777778 0.3079340277777778 0.031724537037036885 0.06962962962962962
16 0.41666087962962967 0.4185011574074074 0.05741898148148152 0.30456018518518524
7 0.7071238425925926 0.29885995370370366 0.03112268518518526 0.04931712962962962
2 0.7401099537037037 0.3565277777777778 0.03918981481481474 0.16351851851851854
13 0.5150752314814815 0.3092418981481481 0.03668981481481488 0.07914351851851845
4 0.4497280092592593 0.3205613425925926 0.035914351851851836 0.10565972222222228
11 0.6420833333333333 0.3469212962962963 0.0387731481481481 0.14945601851851853
3 0.44756365740740744 0.6169791666666666 0.020729166666666642 0.014664351851851798