9 0.48779513888888887 0.24602430555555554 0.42315972222222237 0.14680555555555558
10 0.64765625 0.6034027777777778 0.20767361111111118 0.0732291666666665
14 0.19793402777777777 0.7162673611111112 0.1229861111111111 0.05541666666666671
12 0.4255034722222222 0.1691840277777778 0.5180902777777778 0.20409722222222224
5 0.6422569444444444 0.49515624999999996 0.19041666666666668 0.06934027777777771
6 0.6446527777777777 0.45758680555555553 0.18104166666666668 0.06892361111111107
8 0.6180555555555556 0.2847222222222222 0.1794791666666667 0.06885416666666666
15 0.20256944444444444 0.7535243055555555 0.11670138888888885 0.053576388888888896
4 0.6549131944444444 0.3470833333333333 0.12135416666666661 0.05222222222222221
2 0.6719270833333333 0.6702256944444445 0.18253472222222236 0.06586805555555557
1 0.6344618055555555 0.3893576388888889 0.18097222222222217 0.06579861111111115
16 0.5623611111111111 0.3324652777777778 0.30642361111111105 0.0916666666666666
11 0.7010416666666666 0.5542013888888888 0.09006944444444435 0.049270833333333285
7 0.7284375000000001 0.6208854166666666 0.057048611111111217 0.038437500000000034
13 0.6814756944444444 0.4161458333333334 0.09003472222222228 0.04770833333333328
0 0.6971527777777778 0.5184722222222222 0.09006944444444435 0.049270833333333285
3 0.33317708333333335 0.4253819444444444 0.022465277777777716 0.027534722222222287