5 0.40234375 0.5265625 0.1984375 0.028125
9 0.48828125 0.278125 0.365625 0.0546875
0 0.3375 0.55546875 0.0671875 0.0265625
10 0.4109375 0.61796875 0.2203125 0.03125
2 0.3828125 0.68203125 0.159375 0.028125
11 0.375 0.5859375 0.14375 0.028125
12 0.53515625 0.20546875 0.4453125 0.0875
6 0.4015625 0.49375 0.1984375 0.028125
15 0.80078125 0.671875 0.1078125 0.03125
16 0.39375 0.36640625 0.184375 0.028125
1 0.40234375 0.4296875 0.196875 0.03125
14 0.80390625 0.63515625 0.109375 0.0328125
4 0.371875 0.396875 0.1359375 0.0265625
13 0.34296875 0.4609375 0.078125 0.0265625
8 0.39765625 0.33359375 0.1796875 0.0328125
7 0.32578125 0.65078125 0.046875 0.028125
3 0.64765625 0.403125 0.01875 0.021875