9 0.5052430555555556 0.3583333333333333 0.37750000000000006 0.07013888888888893
1 0.6036631944444444 0.5208333333333333 0.16402777777777774 0.04039351851851851
4 0.6152777777777778 0.4883969907407407 0.13888888888888892 0.03634259259259256
12 0.46017361111111105 0.28075810185185185 0.4556597222222223 0.10891203703703703
5 0.5914756944444444 0.6189814814814815 0.17340277777777774 0.040740740740740834
6 0.6000347222222222 0.5848668981481482 0.15777777777777793 0.040162037037037024
15 0.15699652777777778 0.74609375 0.10770833333333334 0.03674768518518512
13 0.6419791666666667 0.5566840277777778 0.07795138888888893 0.034085648148148094
14 0.1577083333333333 0.7124710648148148 0.11076388888888888 0.03530092592592595
2 0.5865625 0.782349537037037 0.16565972222222208 0.04201388888888893
0 0.6392708333333333 0.6528356481481481 0.07489583333333343 0.03553240740740726
16 0.5510069444444444 0.4554976851851852 0.2734027777777778 0.04444444444444447
8 0.6103472222222223 0.42326388888888894 0.15614583333333343 0.038541666666666786
11 0.6362152777777779 0.6863715277777779 0.07631944444444443 0.03246527777777786
7 0.6458333333333333 0.7516782407407407 0.04975694444444443 0.031481481481481485
10 0.5200520833333334 0.7118055555555556 0.3063541666666666 0.048784722222222146
3 0.33388888888888885 0.481105324074074 0.018020833333333285 0.01938657407407405