4 0.37578125 0.446875 0.1421875 0.0296875
9 0.49921875 0.321875 0.3890625 0.0515625
14 0.83203125 0.70859375 0.115625 0.0296875
8 0.390625 0.37890625 0.1765625 0.0359375
12 0.5421875 0.24453125 0.465625 0.09375
15 0.8296875 0.74296875 0.1109375 0.0296875
6 0.39921875 0.55 0.184375 0.028125
1 0.41171875 0.4796875 0.2171875 0.0296875
13 0.34375 0.5125 0.0796875 0.0265625
10 0.36640625 0.6796875 0.1328125 0.0296875
16 0.4265625 0.41484375 0.24375 0.03125
7 0.32421875 0.7125 0.05 0.03125
11 0.34140625 0.64765625 0.078125 0.03125
0 0.35390625 0.6125 0.1 0.0296875
2 0.3859375 0.75078125 0.165625 0.028125
5 0.3921875 0.5796875 0.175 0.0296875
3 0.66640625 0.45703125 0.0171875 0.0203125