8 0.7102141203703705 0.35031249999999997 0.06012731481481488 0.10718750000000003
9 0.738744212962963 0.5078993055555555 0.16776620370370382 0.40211805555555563
16 0.6705729166666666 0.3786805555555556 0.08315972222222215 0.18152777777777782
5 0.4997395833333334 0.35105902777777775 0.08854166666666678 0.20048611111111114
12 0.8029224537037039 0.5715625 0.2289930555555557 0.496875
13 0.5796875 0.3122916666666667 0.053298611111111074 0.09128472222222221
2 0.33677662037037037 0.30352430555555554 0.08153935185185182 0.1798958333333333
14 0.2847222222222222 0.7573611111111112 0.06707175925925926 0.12621527777777786
6 0.5360532407407408 0.33848958333333334 0.07922453703703702 0.1595138888888889
10 0.39273726851851853 0.35659722222222223 0.10636574074074083 0.2605555555555556
4 0.6377025462962963 0.3574479166666667 0.07430555555555554 0.15305555555555558
11 0.4432581018518519 0.30505208333333333 0.07065972222222214 0.13885416666666667
1 0.6031828703703704 0.3550694444444445 0.07609953703703702 0.159375
15 0.24840856481481483 0.7488020833333333 0.06550925925925925 0.12614583333333335
7 0.3857060185185185 0.2512673611111111 0.042766203703703806 0.05961805555555557
0 0.48243634259259255 0.28531249999999997 0.05133101851851851 0.08027777777777781
3 0.5662615740740741 0.6470312500000001 0.029050925925925952 0.02624999999999993