5 0.39921875 0.56484375 0.2140625 0.0328125
4 0.3765625 0.42421875 0.171875 0.0328125
14 0.8390625 0.68046875 0.125 0.028125
9 0.4765625 0.2796875 0.4171875 0.0546875
6 0.41875 0.53203125 0.246875 0.034375
1 0.415625 0.45859375 0.2546875 0.034375
15 0.84140625 0.71328125 0.1203125 0.028125
16 0.459375 0.38515625 0.3359375 0.0328125
12 0.5234375 0.19453125 0.5046875 0.09375
10 0.475 0.67421875 0.36875 0.03125
7 0.32109375 0.70859375 0.059375 0.03125
11 0.3390625 0.6390625 0.0921875 0.0328125
8 0.34453125 0.35 0.10625 0.0328125
13 0.34296875 0.49609375 0.1 0.03125
2 0.3921875 0.746875 0.203125 0.0328125
0 0.33671875 0.6015625 0.0859375 0.0328125
3 0.65703125 0.42734375 0.01875 0.021875