5 0.5320949074074074 0.3285763888888889 0.06185185185185169 0.19031249999999994
9 0.3090219907407407 0.4529861111111111 0.11050925925925928 0.3569097222222222
8 0.3482291666666667 0.3154861111111111 0.04354166666666668 0.09934027777777779
2 0.679230324074074 0.2901736111111111 0.056192129629629585 0.15739583333333335
15 0.714369212962963 0.6852256944444445 0.0469444444444445 0.10878472222222228
10 0.6194444444444445 0.27901041666666665 0.04717592592592581 0.1165972222222222
16 0.3869618055555556 0.3521006944444445 0.0617592592592592 0.1871875
12 0.23980324074074072 0.4966840277777777 0.15652777777777782 0.4344444444444445
14 0.6790972222222222 0.6899131944444445 0.04533564814814817 0.10718749999999985
6 0.5053472222222222 0.3354166666666667 0.06341435185185187 0.19034722222222217
4 0.40859375 0.30711805555555555 0.04041666666666668 0.09927083333333328
1 0.4449826388888889 0.3437847222222222 0.0618981481481482 0.19187499999999993
13 0.4670775462962963 0.28317708333333336 0.03820601851851855 0.07736111111111103
0 0.5566493055555556 0.2640104166666667 0.036273148148148235 0.06482638888888888
11 0.5855787037037038 0.2625868055555555 0.03806712962962955 0.07267361111111104
7 0.6448206018518519 0.23940972222222223 0.035810185185185264 0.04920138888888888
3 0.4419675925925926 0.5772916666666666 0.0209143518518518 0.020763888888888894