4 0.5300810185185185 0.34506944444444443 0.05263888888888886 0.1476041666666667
9 0.6722916666666666 0.4410590277777778 0.1154050925925926 0.3971875000000001
14 0.3397164351851852 0.8455555555555556 0.04775462962962962 0.12083333333333321
8 0.5995833333333334 0.34588541666666667 0.06383101851851851 0.18246527777777768
12 0.7548784722222223 0.4678472222222222 0.16914351851851847 0.48236111111111113
15 0.305324074074074 0.8494270833333333 0.04771990740740737 0.11614583333333321
6 0.43212962962962964 0.3892534722222222 0.057627314814814846 0.18843750000000004
1 0.5032175925925926 0.386875 0.06568287037037042 0.22159722222222217
13 0.4607060185185185 0.32706597222222217 0.03967592592592588 0.08454861111111107
10 0.2986284722222222 0.3826909722222222 0.051006944444444445 0.13815972222222223
16 0.5695891203703705 0.38861111111111113 0.07056712962962948 0.2483680555555555
7 0.25983796296296297 0.3477083333333334 0.03946759259259256 0.05642361111111107
11 0.3269733796296296 0.3517534722222222 0.04436342592592588 0.0847569444444444
0 0.3636400462962963 0.35715277777777776 0.046076388888888965 0.10513888888888889
2 0.23121527777777776 0.4161458333333334 0.05437499999999993 0.1711111111111112
5 0.40167824074074077 0.38826388888888885 0.05756944444444443 0.18062500000000004
3 0.5638773148148148 0.6325347222222222 0.023587962962962904 0.021354166666666785