5 0.38046875 0.6015625 0.1796875 0.03125
6 0.37421875 0.56953125 0.1734375 0.03125
9 0.4796875 0.35390625 0.371875 0.0546875
14 0.79375 0.72890625 0.109375 0.0296875
10 0.36015625 0.69765625 0.15 0.03125
13 0.3296875 0.53671875 0.078125 0.03125
7 0.3078125 0.7296875 0.046875 0.028125
8 0.353125 0.41015625 0.1171875 0.0296875
4 0.34375 0.4734375 0.103125 0.028125
2 0.3671875 0.7671875 0.165625 0.03125
15 0.79609375 0.765625 0.10625 0.028125
12 0.53046875 0.27890625 0.4515625 0.0953125
1 0.37890625 0.5078125 0.171875 0.0296875
16 0.43359375 0.4421875 0.284375 0.034375
11 0.32421875 0.66640625 0.075 0.028125
0 0.32421875 0.63515625 0.0671875 0.028125
3 0.6421875 0.48671875 0.01875 0.025