14 0.7715046296296297 0.1957523148148148 0.05486111111111107 0.1199421296296296
9 0.32101851851851854 0.46267361111111105 0.14328703703703702 0.3977546296296296
1 0.44020833333333337 0.6376041666666666 0.051435185185185264 0.09946759259259252
0 0.5700405092592593 0.6738078703703703 0.0496412037037036 0.08376157407407411
11 0.6059548611111112 0.6735069444444445 0.04653935185185176 0.08516203703703695
8 0.3427951388888889 0.626261574074074 0.04653935185185185 0.08516203703703695
12 0.253125 0.40842592592592586 0.20552083333333337 0.4884143518518519
6 0.5079340277777777 0.6504861111111111 0.049849537037037095 0.09782407407407412
16 0.4028125 0.5271296296296296 0.10444444444444442 0.3051851851851852
10 0.6553530092592592 0.6061516203703704 0.08943287037037032 0.2403935185185185
5 0.5447222222222222 0.643894675925926 0.054907407407407405 0.12306712962962969
13 0.4727893518518519 0.6515277777777777 0.04499999999999993 0.08664351851851855
4 0.4107175925925926 0.6258622685185184 0.053182870370370415 0.11204861111111111
15 0.8041782407407407 0.2034259259259259 0.05481481481481474 0.11681712962962969
7 0.6664178240740741 0.7023784722222223 0.039849537037036954 0.05515046296296298
2 0.7148263888888889 0.6491261574074074 0.07446759259259253 0.1787268518518518
3 0.489380787037037 0.32201388888888893 0.023761574074073977 0.023090277777777855