10 0.3223668981481481 0.6936979166666667 0.06876157407407409 0.2169791666666665
9 0.6985590277777778 0.5577604166666668 0.12504629629629632 0.4362500000000001
5 0.4294849537037037 0.6891145833333333 0.065625 0.21520833333333336
12 0.7794965277777778 0.49984375 0.1789351851851853 0.5429166666666667
6 0.46700231481481486 0.6892708333333333 0.0655555555555555 0.20583333333333337
14 0.24373842592592593 0.22885416666666666 0.05248842592592595 0.12843749999999998
16 0.6071064814814815 0.6634375 0.070451388888889 0.23427083333333343
1 0.5389351851851852 0.68625 0.06395833333333342 0.20104166666666662
15 0.2085474537037037 0.23119791666666667 0.05087962962962962 0.12208333333333332
2 0.24796875 0.7129687500000002 0.06077546296296301 0.19302083333333328
11 0.3641435185185185 0.7519791666666666 0.04439814814814813 0.09041666666666667
4 0.5816666666666667 0.7211458333333333 0.04934027777777779 0.12510416666666657
13 0.5119386574074074 0.7430729166666666 0.0444212962962963 0.09354166666666668
8 0.656724537037037 0.7183333333333334 0.04921296296296305 0.10791666666666658
0 0.4024131944444445 0.75609375 0.042789351851851974 0.08406249999999993
7 0.2967418981481481 0.77640625 0.03951388888888889 0.06354166666666679
3 0.5333391203703703 0.3865104166666667 0.025162037037037167 0.023541666666666662