10 0.29151041666666666 0.6581712962962963 0.08875000000000002 0.21069444444444443
5 0.39671874999999995 0.6208101851851853 0.09156250000000003 0.2295370370370371
2 0.22307291666666665 0.6925752314814815 0.07937499999999993 0.18679398148148146
6 0.43583333333333335 0.6293865740740741 0.08125 0.19157407407407412
9 0.6567708333333334 0.45521412037037035 0.1648958333333333 0.41908564814814825
14 0.21479166666666666 0.22149884259259262 0.06447916666666664 0.12677083333333333
1 0.5122395833333334 0.6388657407407408 0.06447916666666664 0.12677083333333333
12 0.7328125 0.38845486111111105 0.22229166666666664 0.5096412037037037
15 0.1769791666666667 0.2284085648148148 0.06572916666666666 0.1221759259259259
4 0.5458854166666667 0.63609375 0.059270833333333425 0.1186805555555555
16 0.5710416666666667 0.57390625 0.09624999999999986 0.22981481481481475
13 0.4783854166666667 0.6681076388888889 0.05135416666666668 0.09331018518518519
11 0.33578125000000003 0.7061284722222222 0.052604166666666695 0.08871527777777785
0 0.3734375 0.7015625 0.050416666666666644 0.07924768518518518
7 0.26807291666666666 0.7412673611111111 0.04281249999999996 0.05856481481481488
8 0.6105208333333334 0.5886863425925926 0.07906250000000004 0.18210648148148145
3 0.49796874999999996 0.3276678240740741 0.019687500000000035 0.015173611111111106