9 0.4024305555555555 0.45923611111111107 0.35347222222222213 0.1514236111111112
15 0.7872395833333333 0.7392708333333333 0.10810185185185173 0.05472222222222225
1 0.3406828703703703 0.6263020833333333 0.13350694444444447 0.06677083333333336
5 0.3867766203703704 0.7128645833333334 0.18234953703703702 0.07986111111111108
12 0.43764467592592593 0.3747222222222222 0.4606481481481481 0.22326388888888893
14 0.7772858796296296 0.7122222222222222 0.10983796296296297 0.05947916666666657
7 0.34563078703703703 0.8518923611111111 0.053009259259259256 0.04135416666666671
4 0.33391203703703703 0.597829861111111 0.13657407407407404 0.06534722222222236
10 0.4596354166666667 0.795138888888889 0.29444444444444445 0.11604166666666664
6 0.354832175925926 0.68796875 0.13188657407407406 0.06513888888888886
16 0.3730324074074074 0.5557465277777778 0.23292824074074076 0.09770833333333329
0 0.33663194444444444 0.7568055555555555 0.07511574074074075 0.04857638888888882
11 0.3464699074074074 0.7869791666666667 0.0799189814814815 0.05190972222222232
13 0.32598379629629626 0.6639930555555555 0.08912037037037042 0.047638888888888786
8 0.28674768518518523 0.5401736111111111 0.06556712962962959 0.043472222222222176
2 0.3822627314814815 0.8769965277777778 0.1145833333333334 0.061249999999999714
3 0.596556712962963 0.5422048611111111 0.016319444444444463 0.019444444444444466