9 0.4953125 0.29296875 0.3796875 0.05625
14 0.8265625 0.6609375 0.1125 0.03125
5 0.390625 0.55 0.175 0.028125
15 0.8265625 0.69921875 0.1125 0.0359375
2 0.38671875 0.71484375 0.165625 0.0328125
12 0.540625 0.21328125 0.4578125 0.0859375
6 0.4125 0.51796875 0.21875 0.034375
7 0.32734375 0.6828125 0.05 0.0296875
11 0.378125 0.61171875 0.153125 0.028125
10 0.421875 0.6484375 0.2359375 0.034375
16 0.4671875 0.3828125 0.3296875 0.03125
8 0.33828125 0.3515625 0.0703125 0.0296875
1 0.41171875 0.4484375 0.221875 0.03125
13 0.34296875 0.48359375 0.08125 0.03125
0 0.340625 0.58125 0.0734375 0.028125
4 0.35546875 0.4171875 0.1078125 0.028125
3 0.6578125 0.421875 0.0171875 0.01875