15 0.29105902777777776 0.18019097222222222 0.043055555555555534 0.11795138888888887
14 0.32083333333333336 0.19024305555555557 0.04675925925925926 0.1679513888888889
9 0.6594328703703705 0.5420833333333334 0.10237268518518512 0.3922569444444445
10 0.2796296296296296 0.6197222222222223 0.04560185185185182 0.15232638888888878
7 0.24016203703703703 0.6665798611111111 0.03339120370370372 0.05065972222222222
16 0.5578703703703705 0.6032118055555555 0.05549768518518512 0.22274305555555554
11 0.3081018518518518 0.6579166666666667 0.03726851851851851 0.08194444444444446
12 0.74765625 0.48144097222222226 0.14328703703703702 0.5023611111111113
8 0.5838541666666667 0.675 0.04039351851851851 0.08201388888888897
4 0.5162037037037037 0.6375 0.04357638888888893 0.1460416666666667
1 0.4931423611111111 0.5368229166666667 0.0671875 0.33843750000000006
2 0.20888310185185183 0.6345833333333333 0.04282407407407405 0.11482638888888878
0 0.34545717592592595 0.6501388888888889 0.03865740740740744 0.10069444444444446
6 0.41192129629629626 0.6508333333333333 0.04068287037037042 0.10697916666666671
5 0.38359375 0.6212500000000001 0.04809027777777786 0.1648611111111112
3 0.5466724537037038 0.3423784722222222 0.03287037037037042 0.022569444444444465
13 0.4462673611111111 0.6625520833333333 0.0375 0.08506944444444428