9 0.475 0.2765625 0.409375 0.0609375
5 0.36484375 0.5515625 0.1796875 0.0296875
1 0.32890625 0.44453125 0.115625 0.0359375
12 0.5234375 0.18671875 0.503125 0.1078125
2 0.3640625 0.725 0.1765625 0.0296875
15 0.821875 0.7109375 0.1140625 0.03125
11 0.3140625 0.6171875 0.0796875 0.0296875
13 0.3140625 0.48125 0.0859375 0.03125
0 0.3109375 0.584375 0.071875 0.03125
10 0.41953125 0.65625 0.2984375 0.03125
16 0.44375 0.3734375 0.3453125 0.0328125
7 0.30078125 0.6921875 0.0515625 0.028125
14 0.821875 0.67109375 0.1171875 0.028125
6 0.36953125 0.51796875 0.1953125 0.034375
3 0.65234375 0.4125 0.0234375 0.0328125
8 0.309375 0.33671875 0.078125 0.03125
4 0.328125 0.409375 0.1109375 0.034375