12 0.10901041666666667 0.5580729166666666 0.19829861111111113 0.4956018518518519
9 0.19685763888888888 0.5887152777777778 0.1365277777777778 0.4043981481481481
8 0.2805902777777778 0.729542824074074 0.05628472222222225 0.10815972222222214
16 0.30296874999999995 0.6309895833333334 0.09885416666666665 0.29380787037037026
4 0.3501736111111111 0.7133391203703704 0.0568402777777778 0.12065972222222214
3 0.3051041666666666 0.38926504629629627 0.03427083333333325 0.03402777777777786
1 0.37678819444444445 0.660329861111111 0.0796875 0.2135416666666668
13 0.41987847222222224 0.7120081018518519 0.05472222222222225 0.10810185185185191
6 0.4454166666666667 0.6480034722222222 0.08145833333333333 0.21828703703703703
5 0.47949652777777774 0.6383101851851851 0.08534722222222228 0.23559027777777786
0 0.5245138888888888 0.6994502314814814 0.049687499999999926 0.10011574074074084
11 0.5515625 0.6542824074074074 0.07361111111111107 0.18211805555555555
10 0.5806250000000001 0.5990162037037037 0.0984375 0.2844328703703704
7 0.6316840277777778 0.7002893518518518 0.0453819444444445 0.0734375
2 0.6572916666666666 0.6347222222222222 0.07395833333333321 0.18993055555555555
14 0.5289930555555555 0.176099537037037 0.06343750000000004 0.1287037037037037
15 0.5677256944444444 0.16736111111111113 0.058680555555555534 0.12696759259259255