12 0.7811979166666667 0.38723958333333336 0.17152777777777786 0.49437500000000006
9 0.7058680555555557 0.45223958333333336 0.11381944444444443 0.3877083333333333
8 0.6618229166666667 0.61953125 0.03892361111111118 0.06958333333333329
16 0.6171875 0.5196875000000001 0.0764930555555555 0.28395833333333337
4 0.5911979166666667 0.5961979166666668 0.0516319444444445 0.14520833333333344
1 0.5572048611111111 0.5898958333333333 0.05572916666666679 0.16729166666666656
13 0.5263541666666667 0.6355729166666666 0.03975694444444446 0.08833333333333329
6 0.4911979166666667 0.6028645833333334 0.05892361111111111 0.16906250000000006
5 0.45545138888888886 0.5834374999999999 0.06427083333333332 0.21927083333333322
0 0.4294618055555556 0.6599479166666666 0.04090277777777782 0.07906250000000004
11 0.39203125 0.6258333333333334 0.05368055555555555 0.15625
10 0.35609375 0.5931770833333333 0.06815972222222219 0.23666666666666672
7 0.33147569444444447 0.69140625 0.03503472222222222 0.05218749999999996
2 0.2925347222222222 0.6386979166666666 0.05593749999999993 0.17197916666666657
3 0.5639930555555555 0.31447916666666664 0.01781250000000014 0.015208333333333357
14 0.30657986111111113 0.2 0.04569444444444439 0.11677083333333335
15 0.27125000000000005 0.20625 0.04725694444444439 0.11687500000000002