12 0.2069328703703704 0.5190393518518519 0.1272337962962963 0.4895833333333332
9 0.2853587962962963 0.47439236111111105 0.09126157407407405 0.40873842592592596
8 0.3324363425925926 0.30853587962962964 0.03844907407407412 0.07002314814814818
16 0.37724537037037037 0.42010995370370374 0.05472222222222225 0.2920138888888889
4 0.4058449074074074 0.3502314814814815 0.03848379629629619 0.14953703703703702
1 0.4415104166666667 0.36012731481481486 0.04418981481481481 0.16689814814814818
13 0.472650462962963 0.3199652777777778 0.03478009259259256 0.08703703703703702
6 0.507824074074074 0.3610243055555556 0.04418981481481481 0.16689814814814818
5 0.5444618055555555 0.3873263888888889 0.04568287037037031 0.21840277777777778
0 0.5738888888888889 0.3182581018518519 0.03744212962962958 0.07934027777777777
11 0.6082638888888889 0.31953125 0.03744212962962958 0.07934027777777777
10 0.6514236111111111 0.4427372685185185 0.053726851851851797 0.3278356481481481
7 0.6760879629629629 0.30645254629629626 0.032928240740740834 0.055787037037037024
2 0.7165104166666667 0.3703125 0.048240740740740765 0.18263888888888893
3 0.4252777777777778 0.6518518518518519 0.0327314814814816 0.02615740740740726
14 0.6916203703703704 0.8316550925925927 0.03847222222222228 0.12303240740740762
15 0.7290740740740741 0.8322627314814814 0.03994212962962962 0.12152777777777786