12 0.5171875 0.21484375 0.5625 0.09375
9 0.47109375 0.2984375 0.43125 0.0546875
8 0.31796875 0.36796875 0.1203125 0.034375
16 0.43671875 0.40390625 0.35625 0.03125
4 0.3359375 0.440625 0.15625 0.03125
1 0.41953125 0.47734375 0.3234375 0.0296875
13 0.30390625 0.515625 0.09375 0.0296875
6 0.36796875 0.55078125 0.221875 0.03125
5 0.359375 0.5875 0.203125 0.0296875
0 0.29765625 0.625 0.08125 0.0296875
11 0.34296875 0.66015625 0.171875 0.0328125
10 0.39609375 0.69765625 0.278125 0.0328125
7 0.28671875 0.734375 0.0578125 0.03125
2 0.3515625 0.77109375 0.1875 0.0328125
3 0.65859375 0.44453125 0.0265625 0.0328125
14 0.83828125 0.72890625 0.1921875 0.075
15 0.84296875 0.78828125 0.1296875 0.0328125