9 0.4625 0.31015625 0.3421875 0.046875
14 0.75390625 0.63046875 0.1 0.028125
1 0.39765625 0.4515625 0.215625 0.028125
12 0.50625 0.2390625 0.415625 0.078125
4 0.35625 0.425 0.1296875 0.0265625
15 0.75625 0.66328125 0.0953125 0.0265625
0 0.32734375 0.5703125 0.0703125 0.0265625
2 0.3703125 0.68984375 0.15625 0.03125
10 0.42421875 0.6328125 0.2734375 0.03125
16 0.38828125 0.390625 0.203125 0.0296875
11 0.328125 0.60234375 0.0734375 0.025
13 0.32578125 0.48515625 0.0765625 0.0265625
8 0.33125 0.36484375 0.0859375 0.0265625
6 0.39609375 0.51484375 0.2140625 0.028125
7 0.31484375 0.6609375 0.0515625 0.0265625
5 0.4390625 0.540625 0.2875 0.0296875
3 0.59765625 0.421875 0.0140625 0.0234375