12 0.7945138888888889 0.47148726851851847 0.1488194444444444 0.4820486111111112
9 0.7238252314814815 0.5181018518518519 0.10607638888888893 0.404548611111111
8 0.6799247685185185 0.6413368055555555 0.052777777777777854 0.1671180555555555
16 0.6351793981481482 0.5620891203703703 0.07902777777777778 0.3373495370370371
4 0.6163599537037037 0.6758680555555555 0.04300925925925938 0.11343750000000004
1 0.5760879629629629 0.6258043981481481 0.060983796296296335 0.22070601851851848
13 0.5536805555555555 0.6963831018518518 0.038113425925925884 0.08503472222222222
6 0.5103819444444444 0.6328530092592592 0.05942129629629633 0.2206134259259258
5 0.4775231481481482 0.6371585648148148 0.060972222222222074 0.2191435185185185
0 0.45276041666666667 0.7091608796296296 0.03964120370370381 0.08043981481481488
11 0.41991898148148155 0.7111226851851852 0.03966435185185198 0.08356481481481488
10 0.37658564814814816 0.6522800925925927 0.05929398148148142 0.20342592592592582
7 0.35412037037037036 0.7306712962962962 0.03321759259259256 0.056631944444444395
2 0.31078703703703703 0.6718287037037036 0.05598379629629626 0.17824074074074084
3 0.5710185185185186 0.3605439814814815 0.022025462962962906 0.02160879629629626
14 0.30094328703703704 0.20697916666666666 0.04774305555555554 0.11996527777777777
15 0.2626215277777778 0.21017939814814818 0.04930555555555553 0.12005787037037034