12 0.15488425925925925 0.5747106481481482 0.13089120370370372 0.46336805555555555
9 0.2307002314814815 0.5213541666666667 0.09401620370370374 0.3787384259259259
8 0.28332175925925923 0.406875 0.04704861111111107 0.16437500000000008
16 0.31947337962962963 0.47903356481481485 0.06550925925925925 0.3129166666666666
4 0.3475289351851852 0.37609375 0.03917824074074074 0.10964120370370374
1 0.38384837962962964 0.4162152777777777 0.04949074074074069 0.19407407407407398
13 0.41214699074074074 0.35781828703703705 0.036828703703703704 0.08306712962962966
6 0.4496122685185185 0.41201388888888885 0.05105324074074069 0.19408564814814824
5 0.48150462962962964 0.4169386574074075 0.054780092592592665 0.21442129629629642
0 0.5110011574074074 0.3444849537037037 0.034895833333333216 0.07055555555555557
11 0.5437673611111111 0.34629050925925925 0.03687500000000003 0.08462962962962965
10 0.5800578703703704 0.413761574074074 0.05354166666666664 0.22534722222222214
7 0.6084317129629631 0.3264525462962963 0.034479166666666575 0.056493055555555574
2 0.6442881944444444 0.38219907407407405 0.05040509259259256 0.17221064814814815
3 0.3666956018518518 0.6786458333333334 0.017696759259259308 0.017314814814814738
14 0.6155150462962963 0.8258333333333333 0.04078703703703699 0.111215277777778
15 0.6522569444444445 0.8253240740740739 0.04547453703703717 0.11125000000000007