12 0.546875 0.21953125 0.4296875 0.0703125
9 0.50546875 0.2921875 0.3609375 0.0453125
8 0.36171875 0.34765625 0.0875 0.0296875
16 0.47265625 0.3796875 0.3078125 0.03125
4 0.3875 0.41171875 0.134375 0.025
1 0.42109375 0.44296875 0.2015625 0.03125
13 0.359375 0.475 0.084375 0.025
6 0.421875 0.50546875 0.20625 0.0265625
5 0.41953125 0.53671875 0.203125 0.0265625
0 0.353125 0.56796875 0.071875 0.028125
11 0.3546875 0.6 0.0765625 0.0265625
10 0.46796875 0.6328125 0.3015625 0.028125
7 0.3390625 0.66328125 0.046875 0.0234375
2 0.39765625 0.69609375 0.1609375 0.0296875
3 0.665625 0.4140625 0.015625 0.01875
14 0.8328125 0.64609375 0.109375 0.03125
15 0.83359375 0.68125 0.1140625 0.028125