12 0.2496875 0.5828125 0.14968749999999992 0.44151620370370387
9 0.3143229166666667 0.5333159722222223 0.10885416666666661 0.3678125
8 0.34296875 0.37735532407407407 0.0375 0.07055555555555557
16 0.39380208333333333 0.4956423611111111 0.0802083333333333 0.3129398148148148
4 0.41031249999999997 0.40362268518518524 0.049583333333333354 0.1346759259259258
1 0.4458854166666667 0.4335590277777778 0.06031250000000003 0.20190972222222214
13 0.46651041666666665 0.368119212962963 0.03802083333333339 0.07836805555555557
6 0.50875 0.42777777777777776 0.060416666666666785 0.20347222222222233
5 0.538125 0.42331018518518515 0.061979166666666786 0.2034837962962964
0 0.5577083333333334 0.3539583333333333 0.0375 0.07055555555555557
11 0.5888541666666667 0.3526273148148148 0.04104166666666664 0.07682870370370373
10 0.6415625 0.463900462962963 0.07822916666666657 0.30667824074074074
7 0.6506770833333333 0.3312210648148148 0.034479166666666575 0.04866898148148149
2 0.691875 0.3869675925925926 0.05625 0.16439814814814807
3 0.4602083333333333 0.6835416666666667 0.019895833333333356 0.017326388888889
14 0.7172916666666667 0.8267824074074074 0.04468750000000003 0.10809027777777765
15 0.7531770833333333 0.8262673611111111 0.04489583333333336 0.11121527777777765