12 0.5591532390625 0.31303405781250004 0.610544840625 0.301513671875 0.6171925859375 0.2851905828125 0.302734375 0.27783203125 0.3063532515625 0.296098709375 0.33727010156250004 0.2996101375 0.34537506093750003 0.3084182734375 0.5591532390625 0.31303405781250004
9 0.5332336421874999 0.31653595 0.2890625 0.310546875 0.288920084375 0.3281917578125 0.529927571875 0.3358650203125 0.5332336421874999 0.31653595
8 0.2985582859375 0.346602725 0.362188328125 0.3480931328125 0.3623079 0.33690536249999997 0.299268578125 0.33579976875 0.2990222953125 0.3453947375 0.2985582859375 0.346602725
16 0.5070389171875 0.3537696703125 0.2990222953125 0.3483072921875 0.2976713125 0.3585326875 0.506741771875 0.36517829218750003 0.5070389171875 0.3537696703125
4 0.36573265 0.36147134375 0.2955957609375 0.3599575109375 0.29666030625 0.370291325 0.3608899921875 0.37170142500000003 0.36573265 0.36147134375
1 0.4294017734375 0.3754077046875 0.29376024375 0.3718366125 0.29434364375 0.3822079046875 0.43082949687500005 0.3859931546875 0.4294017734375 0.3754077046875
13 0.34825107499999997 0.385078296875 0.29308296718750004 0.38325795 0.292226334375 0.39393642500000003 0.34694649375000003 0.39557072187500003 0.34825107499999997 0.385078296875
6 0.43077703125 0.399744803125 0.28988486875 0.39490816875 0.29051931249999996 0.40592461249999995 0.42696857968749996 0.4109185203125 0.43077703125 0.399744803125
5 0.429626821875 0.41150410937500004 0.2885142546875 0.4072436953125 0.2881180609375 0.41827017812499995 0.4267178359375 0.4217750140625 0.429626821875 0.41150410937500004
0 0.3495511953125 0.4216706125 0.2862298984375 0.41923656875 0.2859693375 0.43064184375 0.3470348328125 0.4321898078125 0.3495511953125 0.4216706125
11 0.38481862968749997 0.4346773921875 0.28463084843750003 0.43140076718750003 0.2825062171875 0.4423656796875 0.3823513453125 0.4458303625 0.38481862968749997 0.4346773921875
10 0.40383946875000004 0.44787624375 0.2834886703125 0.4435649671875 0.2823670140625 0.4543311140625 0.40361995625 0.4592882125 0.40383946875000004 0.44787624375
7 0.31357346875 0.45702014062499996 0.2812043125 0.4560718203125 0.27978640625 0.4665883375 0.3122679953125 0.46692965312499995 0.31357346875 0.45702014062499996
2 0.2786915203125 0.46857867343750004 0.2784229296875 0.47812143906250004 0.352414671875 0.4815372671875 0.35295452968749996 0.4708039140625 0.2786915203125 0.46857867343750004
3 0.5209475515624999 0.3788757328125 0.5312833734375 0.3797504359375 0.5356941453124999 0.3666151609375 0.523501390625 0.3658334828125 0.522203946875 0.3740063046875 0.5209475515624999 0.3788757328125
14 0.57858205 0.45048563125 0.57920489375 0.46123839218749996 0.6576243625 0.463667753125 0.6597365 0.4536946609375 0.5806834796875 0.45110334375 0.57858205 0.45048563125
15 0.656615140625 0.4640646140625 0.5811403515625 0.4618969296875 0.58012220625 0.47279625625 0.655717459375 0.47503354218749994 0.656615140625 0.4640646140625