12 0.8600868055555555 0.5243113425925926 0.13781250000000006 0.46505787037037044
9 0.7783217592592593 0.5596412037037036 0.09657407407407419 0.3819444444444445
8 0.7027604166666667 0.694230324074074 0.04138888888888879 0.10342592592592581
16 0.6824131944444444 0.5839293981481481 0.06956018518518511 0.3208101851851852
4 0.6378356481481482 0.6828125 0.04148148148148145 0.11592592592592599
1 0.61171875 0.6373090277777778 0.053009259259259346 0.19569444444444456
13 0.5714699074074074 0.6877893518518519 0.039699074074074046 0.0862268518518519
6 0.5460358796296296 0.6290104166666667 0.053009259259259166 0.1956944444444444
5 0.5131481481481481 0.6186111111111111 0.05466435185185183 0.20820601851851847
0 0.47523726851851844 0.6683275462962962 0.039826388888888786 0.10341435185185191
11 0.441707175925926 0.6766724537037037 0.034953703703703806 0.07837962962962966
10 0.4095428240740741 0.6584664351851852 0.04140046296296305 0.10498842592592598
7 0.37378472222222225 0.6824189814814815 0.03474537037037031 0.050254629629629476
2 0.3483159722222222 0.6189525462962963 0.05281250000000002 0.1691319444444444
3 0.6684085648148148 0.38071180555555556 0.02357638888888882 0.01892361111111107
14 0.44822337962962966 0.1853414351851852 0.04459490740740737 0.11438657407407407
15 0.40910879629629626 0.17802083333333335 0.04454861111111121 0.10813657407407407