12 0.7437847222222222 0.5305671296296296 0.09917824074074062 0.4725578703703704
9 0.6662847222222222 0.487800925925926 0.05732638888888886 0.3894444444444446
8 0.6089930555555556 0.3467361111111111 0.03300925925925924 0.1189814814814815
16 0.5692650462962963 0.4441087962962963 0.03907407407407408 0.31744212962962964
4 0.5395543981481481 0.3399710648148148 0.02818287037037024 0.10957175925925924
1 0.5001331018518519 0.469380787037037 0.03979166666666671 0.36587962962962967
13 0.4702199074074073 0.3261747685185185 0.027812499999999928 0.08457175925925924
6 0.43421875 0.3829456018518519 0.03729166666666668 0.19712962962962965
5 0.3980844907407407 0.39596064814814813 0.03456018518518515 0.22366898148148148
0 0.3664178240740741 0.3183738425925926 0.030729166666666606 0.0705324074074074
11 0.33197337962962964 0.3228067129629629 0.029328703703703683 0.08145833333333333
10 0.2933969907407407 0.3951851851851852 0.03780092592592599 0.23150462962962964
7 0.2611458333333333 0.3043113425925926 0.032013888888888876 0.05179398148148149
3 0.5278125 0.6578877314814815 0.019004629629629656 0.017326388888889
14 0.26669560185185187 0.8262847222222222 0.03457175925925924 0.11899305555555557
15 0.22842592592592595 0.8252199074074074 0.032916666666666664 0.11273148148148131
2 0.22348958333333332 0.3673206018518519 0.03549768518518519 0.18149305555555556