12 0.13215277777777779 0.5955960648148149 0.10244212962962962 0.4868981481481482
9 0.20791666666666667 0.5462268518518518 0.06206018518518519 0.3955208333333333
8 0.26310185185185186 0.37230902777777775 0.031898148148148134 0.04560185185185191
16 0.3007986111111111 0.4931886574074074 0.04010416666666661 0.28337962962962954
4 0.3325810185185185 0.4256018518518518 0.0334027777777778 0.1471643518518519
1 0.3674305555555556 0.45967013888888886 0.037546296296296335 0.21609953703703705
13 0.3992361111111111 0.39364583333333336 0.029305555555555605 0.08135416666666657
13 0.39922453703703703 0.39286458333333335 0.03401620370370377 0.08319444444444439
6 0.43536458333333333 0.4613541666666666 0.037546296296296335 0.21609953703703705
5 0.4689351851851852 0.4617824074074074 0.03752314814814817 0.21453703703703705
0 0.4991087962962963 0.3909780092592593 0.030752314814814774 0.07363425925925923
11 0.5327488425925926 0.39609375 0.030821759259259097 0.07832175925925924
10 0.5982550343749999 0.6748723125 0.5787101 0.3566985125 0.5489974671875 0.35749166718750003 0.5640319 0.6735083796875 0.5982550343749999 0.6748723125
7 0.6132427265625 0.4081516703125 0.611617546875 0.35849345 0.5843491703125 0.3574081296875 0.5859457453125 0.411303078125 0.6132427265625 0.4081516703125
2 0.6581982625 0.5296675359374999 0.6503567078125 0.3585739265625 0.615653534375 0.35785896250000004 0.6223592234375 0.52857766875 0.6581982625 0.5296675359374999
3 0.3606464125 0.7370058828125 0.36060767031249996 0.7145517859375 0.33173864062499997 0.7143817390625 0.3313376859375 0.737476321875 0.3606464125 0.7370058828125
14 0.6082523148148148 0.9087152777777778 0.03925925925925924 0.12097222222222222
15 0.6481192129629629 0.912638888888889 0.03613425925925924 0.12078703703703723