12 0.5963136574074074 0.3103125 0.4410763888888887 0.20249999999999996
9 0.6166435185185185 0.3911979166666667 0.3569212962962963 0.15166666666666656
8 0.7301504629629629 0.48531250000000004 0.10138888888888893 0.05354166666666664
16 0.6838541666666667 0.50171875 0.18797453703703706 0.08114583333333343
4 0.7162615740740741 0.5428645833333333 0.10924768518518527 0.055625000000000036
1 0.6659895833333334 0.5566666666666666 0.19587962962962954 0.08479166666666664
13 0.7165277777777778 0.6044791666666667 0.0793287037037036 0.04583333333333321
6 0.6489756944444445 0.6140104166666667 0.20378472222222221 0.08843749999999986
5 0.6427546296296296 0.6408854166666667 0.20061342592592588 0.08666666666666671
0 0.6988078703703703 0.690625 0.07160879629629627 0.0484375
11 0.6910706018518519 0.7189583333333334 0.07464120370370378 0.04552083333333332
10 0.6628819444444444 0.74125 0.11724537037037024 0.06239583333333343
7 0.6866493055555556 0.7802604166666667 0.05892361111111111 0.04135416666666671
2 0.6300578703703703 0.7913020833333334 0.15502314814814824 0.07427083333333329
3 0.4470138888888888 0.45552083333333326 0.019351851851851974 0.02156249999999993
14 0.2499016203703704 0.6185937499999999 0.10934027777777774 0.05874999999999986
15 0.24460069444444446 0.6502083333333333 0.10938657407407408 0.06031250000000003