9 0.3232638888888889 0.4585011574074073 0.07798611111111109 0.34739583333333324
14 0.6294444444444445 0.7806481481481481 0.03663194444444447 0.10258101851851845
1 0.46736111111111106 0.40811921296296294 0.048576388888889 0.21848379629629627
12 0.24991319444444446 0.4953645833333333 0.11559027777777775 0.42346064814814816
4 0.44296875 0.3644560185185185 0.038854166666666676 0.13231481481481486
15 0.6623611111111112 0.7863078703703703 0.03496527777777771 0.09784722222222228
0 0.5894270833333334 0.3500578703703704 0.03284722222222225 0.07280092592592595
2 0.7069618055555555 0.4042881944444444 0.04569444444444457 0.15906249999999994
10 0.6471354166666666 0.4524826388888889 0.056111111111111 0.27648148148148144
16 0.4069097222222222 0.39305555555555555 0.04829861111111118 0.20598379629629626
11 0.6215277777777779 0.35413194444444446 0.03135416666666657 0.07587962962962962
13 0.5048784722222223 0.3397453703703704 0.03298611111111107 0.07905092592592596
8 0.3837152777777778 0.3330324074074074 0.034756944444444396 0.0884722222222222
6 0.5307118055555555 0.413119212962963 0.04854166666666657 0.21692129629629625
7 0.6806944444444445 0.3465162037037037 0.030868055555555607 0.05400462962962962
5 0.5543576388888889 0.45832175925925933 0.05642361111111107 0.2905439814814816
3 0.4287847222222222 0.6045023148148149 0.025347222222222143 0.01636574074074062