12 0.5584259259259259 0.1787962962962963 0.45471064814814816 0.19444444444444448
9 0.5876793981481482 0.261568287037037 0.36297453703703686 0.1402430555555556
8 0.6469560185185185 0.3366493055555556 0.22921296296296295 0.08791666666666664
16 0.6264583333333333 0.36256365740740737 0.2608680555555555 0.0966550925925926
4 0.6765046296296295 0.4100694444444445 0.14847222222222206 0.06524305555555543
1 0.6464293981481481 0.43179976851851853 0.1991203703703704 0.07922453703703702
13 0.6940509259259259 0.4776736111111111 0.09149305555555554 0.04951388888888886
6 0.6371701388888888 0.4939293981481481 0.1927893518518518 0.07747685185185187
5 0.6245659722222222 0.5216377314814815 0.20865740740740737 0.08262731481481485
0 0.6713657407407407 0.566707175925926 0.10259259259259253 0.05296296296296284
11 0.6754513888888889 0.6003703703703704 0.08516203703703695 0.0477662037037037
10 0.6020023148148148 0.6130150462962962 0.22460648148148152 0.08934027777777764
7 0.6772511574074074 0.6651678240740742 0.058194444444444396 0.03916666666666657
2 0.6125173611111111 0.6804108796296295 0.1754398148148148 0.07384259259259274
3 0.40435185185185185 0.3364814814814815 0.023252314814814844 0.02721064814814813
14 0.20165509259259257 0.5192476851851853 0.11525462962962969 0.0564583333333335
15 0.19332175925925926 0.5541030092592593 0.11229166666666668 0.05949074074074083