12 0.52421875 0.1 0.4875 0.0859375
9 0.475 0.18203125 0.4 0.0484375
8 0.30390625 0.2453125 0.0625 0.03125
16 0.440625 0.28203125 0.340625 0.034375
4 0.325 0.3171875 0.1125 0.028125
1 0.38046875 0.35078125 0.225 0.0296875
13 0.31171875 0.38515625 0.0875 0.0296875
6 0.38046875 0.41953125 0.2234375 0.03125
5 0.3796875 0.45390625 0.2203125 0.0328125
0 0.31015625 0.48828125 0.0796875 0.028125
11 0.3515625 0.52265625 0.165625 0.0296875
10 0.4 0.55703125 0.2625 0.0328125
7 0.29375 0.590625 0.0515625 0.028125
2 0.3578125 0.62734375 0.1796875 0.034375
3 0.65078125 0.3203125 0.0171875 0.0234375
14 0.82421875 0.57265625 0.115625 0.03125
15 0.82421875 0.61328125 0.1171875 0.034375