12 0.53046875 0.11328125 0.4765625 0.0875
9 0.48671875 0.1921875 0.396875 0.053125
8 0.43046875 0.25234375 0.2828125 0.0375
16 0.45625 0.2875 0.334375 0.0296875
4 0.34609375 0.321875 0.1140625 0.034375
1 0.39765625 0.35546875 0.2171875 0.028125
13 0.33671875 0.3890625 0.0953125 0.0296875
6 0.3984375 0.42109375 0.2171875 0.0296875
5 0.396875 0.4546875 0.2140625 0.03125
0 0.328125 0.48984375 0.0765625 0.03125
11 0.371875 0.521875 0.1609375 0.028125
10 0.41171875 0.55625 0.2421875 0.034375
7 0.31875 0.58984375 0.0546875 0.0296875
2 0.37734375 0.6234375 0.175 0.034375
3 0.65625 0.32265625 0.025 0.0265625
14 0.828125 0.56484375 0.1265625 0.03125
15 0.8265625 0.6015625 0.1234375 0.0296875