12 0.51640625 0.196875 0.5 0.0875
9 0.46875 0.28203125 0.4125 0.0578125
8 0.37421875 0.346875 0.221875 0.034375
16 0.440625 0.384375 0.353125 0.034375
4 0.321875 0.42109375 0.11875 0.03125
1 0.37734375 0.45546875 0.228125 0.0328125
13 0.309375 0.49375 0.0921875 0.03125
6 0.3796875 0.528125 0.2296875 0.03125
5 0.378125 0.56328125 0.2265625 0.03125
0 0.31953125 0.60078125 0.1078125 0.034375
11 0.3078125 0.63671875 0.0859375 0.03125
10 0.5043578578125001 0.651584975 0.26511296562500003 0.6554040296875 0.26606905468750003 0.6899212968749999 0.5045288015625 0.686028034375 0.5043578578125001 0.651584975
7 0.29609375 0.70859375 0.0625 0.03125
2 0.3578125 0.74453125 0.1828125 0.034375
3 0.65078125 0.41875 0.025 0.028125
14 0.8296875 0.678125 0.121875 0.034375
15 0.83046875 0.71796875 0.115625 0.0359375