12 0.8021354166666667 0.500462962962963 0.16010416666666671 0.4581712962962962
9 0.7177604166666667 0.4640914351851852 0.11552083333333343 0.3747800925925926
8 0.63828125 0.33725694444444443 0.04489583333333336 0.11149305555555555
16 0.6229166666666666 0.43458912037037034 0.07802083333333343 0.30398148148148146
4 0.5743750000000001 0.3386516203703704 0.045937500000000145 0.10370370370370363
1 0.5484895833333333 0.3835358796296296 0.0591666666666665 0.18506944444444445
13 0.5075520833333333 0.33141782407407405 0.03968750000000014 0.08019675925925922
6 0.48562500000000003 0.38884837962962965 0.059375 0.18819444444444447
5 0.45531249999999995 0.4024479166666667 0.06385416666666668 0.2085532407407408
0 0.41182291666666665 0.33546296296296296 0.0375 0.07079861111111115
11 0.38734375 0.3780266203703704 0.05364583333333339 0.14908564814814812
10 0.3596875 0.41976273148148147 0.06666666666666661 0.2273263888888888
7 0.31484375 0.3324652777777778 0.032916666666666664 0.04887731481481481
2 0.29161458333333334 0.3937789351851852 0.05614583333333334 0.1631712962962963
3 0.6190625 0.6343344907407408 0.021354166666666608 0.01592592592592581
14 0.40895833333333337 0.8193171296296295 0.04979166666666668 0.11468750000000014
15 0.3740104166666667 0.8219212962962963 0.049687499999999926 0.11312500000000014