5 0.44740740740740736 0.45212962962962966 0.06849537037037035 0.17706018518518524
6 0.47942129629629626 0.4542361111111111 0.07174768518518526 0.1942708333333334
2 0.3167534722222222 0.4780960648148148 0.06840277777777777 0.16456018518518523
11 0.3867418981481482 0.41586226851851854 0.03961805555555546 0.0752893518518519
8 0.6033912037037037 0.3814467592592593 0.05236111111111121 0.10819444444444448
10 0.38285879629629627 0.5182291666666667 0.09423611111111105 0.2772453703703704
0 0.4141377314814815 0.40862847222222226 0.04116898148148138 0.0737384259259258
7 0.3320601851851852 0.4154861111111111 0.033194444444444395 0.05180555555555557
4 0.5516203703703704 0.4099537037037037 0.05408564814814802 0.13008101851851847
15 0.4057581018518519 0.8016377314814814 0.03968750000000014 0.08466435185185191
1 0.5333622685185185 0.4491493055555555 0.07327546296296301 0.18959490740740748
16 0.59953125 0.4806886574074074 0.09912037037037039 0.3038425925925926
14 0.4300462962962963 0.7920833333333334 0.04126157407407405 0.08623842592592598
12 0.7525000000000001 0.5006481481481482 0.18140046296296292 0.44350694444444444
13 0.492349537037037 0.39633101851851854 0.04123842592592588 0.083113425925926
9 0.6754918981481481 0.4559085648148148 0.11482638888888878 0.31489583333333326
3 0.5915162037037037 0.6135532407407407 0.02357638888888882 0.01892361111111107