12 0.550619212962963 0.2134722222222222 0.4914467592592594 0.1327430555555555
9 0.5004166666666666 0.28934027777777777 0.39430555555555563 0.09249999999999999
8 0.37660300925925927 0.33850694444444446 0.1565509259259259 0.04756944444444446
16 0.395625 0.3760590277777777 0.19717592592592598 0.04937500000000004
4 0.36929976851851853 0.4069097222222222 0.14559027777777783 0.04395833333333332
1 0.40314814814814814 0.4427777777777777 0.21748842592592582 0.050277777777777644
13 0.33384259259259264 0.47015624999999994 0.08462962962962965 0.038125000000000145
6 0.3989641203703703 0.5105381944444444 0.21903935185185192 0.048784722222222146
5 0.39686921296296296 0.5440277777777778 0.21903935185185192 0.048784722222222146
0 0.3236458333333333 0.569670138888889 0.07523148148148148 0.03458333333333332
11 0.3668807870370371 0.6075173611111111 0.16276620370370373 0.04315972222222229
10 0.41559606481481487 0.6471701388888889 0.26283564814814825 0.05697916666666671
7 0.30955439814814817 0.6705729166666666 0.05648148148148149 0.033749999999999857
2 0.36920138888888887 0.7099305555555555 0.178425925925926 0.04854166666666675
3 0.6670775462962963 0.4365451388888889 0.022060185185185155 0.025972222222222285
14 0.8275636574074074 0.6990624999999999 0.11590277777777765 0.04263888888888889
15 0.8278472222222222 0.73734375 0.1096643518518519 0.04392361111111107