12 0.16414930555555554 0.47486689814814814 0.20725694444444445 0.5069328703703704
9 0.25853587962962965 0.4447685185185185 0.15180555555555558 0.43040509259259263
8 0.35302662037037036 0.3374421296296296 0.06337962962962962 0.13916666666666666
16 0.3700810185185185 0.4297627314814815 0.10354166666666664 0.31196759259259255
4 0.42015624999999995 0.3666550925925926 0.06844907407407419 0.17675925925925923
1 0.45585069444444437 0.37027777777777776 0.06968749999999986 0.17055555555555557
13 0.499375 0.34324652777777775 0.05386574074074062 0.10612268518518517
6 0.5255150462962963 0.38069444444444445 0.06804398148148146 0.16894675925925923
5 0.5360879629629629 0.4927083333333333 0.11820601851851861 0.38416666666666666
0 0.6018229166666667 0.36829282407407404 0.057962962962962904 0.12496527777777774
11 0.638744212962963 0.3632986111111111 0.05386574074074062 0.10612268518518508
10 0.6408275462962963 0.5036458333333333 0.11459490740740748 0.3746990740740742
7 0.7124652777777778 0.3556539351851852 0.044027777777777645 0.06682870370370368
2 0.7326736111111111 0.43228009259259254 0.08108796296296301 0.20989583333333323
3 0.36222800925925924 0.641388888888889 0.02761574074074069 0.02109953703703695
14 0.5667129629629629 0.84984375 0.0547569444444445 0.12331018518518526
15 0.5968576388888889 0.8551909722222222 0.05262731481481477 0.11232638888888893