12 0.7943229166666667 0.46315972222222224 0.2179513888888888 0.5209490740740741
9 0.7228819444444444 0.5212615740740741 0.16420138888888883 0.4336111111111112
8 0.7055034722222222 0.7087962962962963 0.0485069444444445 0.07456018518518519
16 0.6359201388888889 0.58078125 0.11479166666666671 0.338738425925926
4 0.6229687500000001 0.6750752314814814 0.06795138888888878 0.16142361111111114
1 0.5849479166666667 0.6611342592592593 0.07729166666666672 0.19626157407407413
13 0.5616319444444444 0.7150752314814814 0.052604166666666785 0.09662037037037034
6 0.5164930555555556 0.681232638888889 0.07340277777777775 0.1788888888888888
5 0.4804513888888889 0.6767592592592593 0.07878472222222221 0.19479166666666678
0 0.45883680555555556 0.7339178240740741 0.05076388888888879 0.09027777777777786
11 0.42321180555555554 0.7388194444444445 0.049270833333333285 0.0917476851851852
10 0.35859375 0.6173321759259259 0.11656250000000004 0.3435185185185185
7 0.3589409722222222 0.7653993055555556 0.04312500000000004 0.058657407407407366
2 0.30711805555555555 0.7038888888888889 0.07878472222222221 0.1947916666666666
3 0.5444791666666667 0.36420138888888887 0.03746527777777793 0.03650462962962964
14 0.25102430555555555 0.23071180555555557 0.06302083333333339 0.1206134259259259
15 0.21383680555555556 0.23552083333333335 0.061736111111111124 0.12677083333333333