12 0.23166666666666663 0.5554398148148149 0.19354166666666667 0.4740509259259259
9 0.29416666666666663 0.5002893518518519 0.14281249999999995 0.3904513888888889
8 0.32562499999999994 0.36489583333333336 0.04760416666666671 0.08343749999999997
16 0.38927083333333334 0.49042824074074076 0.11156249999999997 0.3421180555555555
4 0.39776041666666667 0.39588541666666666 0.061875000000000034 0.15736111111111112
1 0.43239583333333337 0.4015740740740741 0.07114583333333328 0.17964120370370368
13 0.45421875 0.35521412037037037 0.05 0.09601851851851854
6 0.495625 0.39239583333333333 0.07260416666666672 0.17815972222222226
5 0.5344270833333333 0.4138715277777777 0.08552083333333335 0.2317708333333332
0 0.5494791666666666 0.3360185185185185 0.04770833333333328 0.08499999999999996
11 0.5911458333333334 0.37710648148148146 0.07083333333333322 0.17495370370370367
10 0.635 0.41597222222222224 0.09229166666666658 0.26326388888888896
7 0.6434895833333334 0.30975115740740744 0.04135416666666671 0.05975694444444439
2 0.6913020833333332 0.3729571759259259 0.08000000000000007 0.19567129629629632
3 0.46447916666666667 0.6492592592592592 0.0265625 0.02473379629629626
14 0.73046875 0.7852835648148149 0.05302083333333343 0.11797453703703713
15 0.7581770833333333 0.7804918981481481 0.049687499999999926 0.11468750000000014