12 0.5125 0.15234375 0.484375 0.0859375
9 0.46875 0.23359375 0.4078125 0.0515625
8 0.30625 0.2984375 0.084375 0.0296875
16 0.39375 0.33359375 0.2546875 0.03125
4 0.340625 0.3671875 0.15 0.03125
1 0.38515625 0.40234375 0.2390625 0.0328125
13 0.30859375 0.4375 0.0890625 0.0296875
6 0.35859375 0.47109375 0.190625 0.03125
5 0.3578125 0.5078125 0.1890625 0.0328125
0 0.30234375 0.54296875 0.0796875 0.028125
11 0.34609375 0.5765625 0.1640625 0.03125
10 0.39140625 0.6125 0.2546875 0.03125
7 0.29453125 0.64765625 0.0609375 0.0296875
2 0.353125 0.68203125 0.178125 0.03125
14 0.81953125 0.6234375 0.121875 0.0328125
15 0.81875 0.6609375 0.1140625 0.0328125
3 0.646875 0.36875 0.03125 0.0359375