12 0.49692129629629633 0.2168287037037037 0.5170254629629628 0.10761574074074076
9 0.5348379629629629 0.3088368055555556 0.4299768518518519 0.06884259259259266
8 0.6928645833333333 0.3830844907407408 0.10722222222222229 0.03438657407407408
16 0.6285879629629629 0.41574074074074074 0.23084490740740743 0.042465277777777824
4 0.6821180555555555 0.45561342592592596 0.11494212962962962 0.03137731481481474
1 0.6412326388888889 0.49017939814814815 0.19325231481481495 0.03878472222222218
13 0.6915914351851852 0.5315682870370371 0.08994212962962962 0.031006944444444427
6 0.6359317129629629 0.5635706018518518 0.19633101851851845 0.03726851851851851
5 0.6269849537037038 0.601736111111111 0.21039351851851862 0.03747685185185183
0 0.6914988425925926 0.6402083333333334 0.07753472222222228 0.033946759259259274
11 0.6849189814814814 0.6776273148148148 0.08387731481481478 0.03716435185185176
10 0.6183217592592593 0.7094675925925926 0.21508101851851863 0.037546296296296335
7 0.6960011574074074 0.7520428240740741 0.05869212962962962 0.030543981481481453
2 0.6263252314814816 0.7822743055555555 0.19164351851851863 0.03719907407407419
3 0.34402199074074075 0.4443518518518518 0.02105324074074071 0.02530092592592581
14 0.15354745370370368 0.7002372685185185 0.12289351851851853 0.03618055555555557
15 0.1507349537037037 0.7424016203703705 0.1151736111111111 0.03918981481481474