12 0.54375 0.14375 0.4515625 0.0796875
9 0.503125 0.21953125 0.378125 0.04375
8 0.36796875 0.2796875 0.1125 0.03125
16 0.4703125 0.31328125 0.3234375 0.028125
4 0.38125 0.34453125 0.14375 0.028125
1 0.41328125 0.37734375 0.2078125 0.028125
13 0.34921875 0.41015625 0.0796875 0.0265625
6 0.41640625 0.4421875 0.2140625 0.0296875
5 0.415625 0.475 0.2109375 0.03125
0 0.35859375 0.50703125 0.0984375 0.028125
11 0.3484375 0.5390625 0.08125 0.0296875
10 0.403125 0.5734375 0.190625 0.034375
7 0.33359375 0.6046875 0.053125 0.025
2 0.39140625 0.63828125 0.16875 0.03125
3 0.66640625 0.34921875 0.015625 0.021875
14 0.83359375 0.58671875 0.1140625 0.03125
15 0.83515625 0.62421875 0.1140625 0.0296875