12 0.3020711328125 0.22308194218750002 0.2198916953125 0.6544752984375 0.2442870359375 0.6615078109375 0.2543979421875 0.6067710640625 0.27687313593749996 0.6097706484375001 0.3392610828125 0.2926071796875 0.3201718203125 0.2865695234375 0.3312272484375 0.2283720640625 0.3020711328125 0.22308194218750002
9 0.3382263375 0.3119112125 0.271075603125 0.66809476875 0.296365378125 0.673000634375 0.36351205625 0.3179073375 0.3382263375 0.3119112125
8 0.3593952671875 0.409384103125 0.3055991390625 0.678846025 0.32118916249999996 0.6805023453125 0.3730454875 0.4149626921875 0.3593952671875 0.409384103125
16 0.37046254843750004 0.44299608125 0.32449716875 0.680716575 0.3402128875 0.6845475203125 0.3852324359375 0.44577237968750005 0.37046254843750004 0.44299608125
4 0.3631944444444445 0.6157928240740741 0.044212962962962975 0.1413773148148149
1 0.37997685185185187 0.6277488425925926 0.04207175925925925 0.12565972222222221
13 0.39236111111111105 0.6527546296296297 0.03101851851851851 0.07979166666666657
6 0.41420717592592593 0.6336921296296296 0.04207175925925917 0.12565972222222221
5 0.43116319444444445 0.640960648148148 0.04021990740740744 0.11775462962962954
0 0.4443287037037037 0.6660127314814815 0.030787037037037022 0.07354166666666657
11 0.4684027777777778 0.6290740740740741 0.047800925925925955 0.15406249999999985
10 0.4923611111111111 0.5952604166666667 0.06626157407407404 0.2315509259259258
7 0.49375 0.6846006944444445 0.025347222222222143 0.05295138888888893
2 0.5214409722222222 0.6345659722222223 0.04959490740740744 0.16040509259259253
3 0.4144675925925926 0.35184027777777777 0.01637731481481488 0.021238425925925952
14 0.5703125 0.22405671296296298 0.04021990740740744 0.11775462962962964
15 0.5888599537037037 0.23063657407407406 0.03993055555555554 0.10994212962962964