12 0.2089583333333333 0.6098090277777778 0.1817013888888889 0.44728009259259255
9 0.27197916666666666 0.549386574074074 0.13624999999999998 0.3694212962962963
8 0.2950520833333333 0.3894328703703704 0.04065972222222225 0.07303240740740743
16 0.3496180555555556 0.49868055555555557 0.10218750000000006 0.312199074074074
4 0.3634201388888889 0.40458333333333335 0.05927083333333325 0.13760416666666658
1 0.39958333333333335 0.42849537037037033 0.07479166666666667 0.20364583333333322
13 0.41828125 0.36001736111111116 0.04395833333333332 0.08093750000000002
6 0.4615972222222222 0.41338541666666667 0.07638888888888892 0.20525462962962973
5 0.4914756944444445 0.40391203703703704 0.07795138888888893 0.2053009259259259
0 0.5086979166666666 0.3315740740740741 0.04065972222222225 0.07303240740740743
11 0.5392881944444444 0.3252025462962963 0.045486111111111074 0.07942129629629627
10 0.5955555555555556 0.42815393518518513 0.10048611111111114 0.30590277777777786
7 0.5993229166666667 0.29375578703703703 0.03704861111111111 0.05106481481481477
2 0.6427256944444444 0.3432175925925926 0.06770833333333322 0.16596064814814807
3 0.42140625 0.6761226851851851 0.020729166666666642 0.019351851851851797
14 0.6830034722222222 0.7792361111111111 0.052430555555555536 0.1108564814814816
15 0.71828125 0.7727256944444444 0.05250000000000003 0.11398148148148142