12 0.5390104166666667 0.25570023148148147 0.4675000000000001 0.1622685185185185
9 0.47953124999999996 0.3255497685185185 0.38031250000000016 0.11695601851851851
8 0.33869791666666665 0.35870949074074077 0.11531249999999993 0.046354166666666696
16 0.4247395833333334 0.4073206018518518 0.30614583333333345 0.0799189814814815
4 0.3204166666666667 0.4214699074074074 0.10593750000000002 0.04600694444444446
1 0.35531250000000003 0.46192129629629636 0.18791666666666673 0.05995370370370381
13 0.29437499999999994 0.48315972222222225 0.08218750000000004 0.040451388888888926
6 0.34177083333333336 0.524074074074074 0.19104166666666664 0.06006944444444447
5 0.34578125000000004 0.5578993055555556 0.21156249999999996 0.06394675925925916
0 0.27088541666666666 0.5770543981481482 0.07416666666666671 0.03703703703703702
11 0.30281250000000004 0.6150462962962963 0.15322916666666675 0.05399305555555554
10 0.33375000000000005 0.6561342592592593 0.23052083333333329 0.06776620370370363
7 0.23885416666666667 0.669849537037037 0.05052083333333339 0.03304398148148149
2 0.28921874999999997 0.7132233796296296 0.16739583333333333 0.056076388888888926
3 0.6110416666666667 0.47922453703703705 0.01854166666666668 0.020949074074074047
14 0.72171875 0.7456886574074074 0.1171875 0.05109953703703703
15 0.7139583333333334 0.7798611111111111 0.115625 0.051041666666666784