12 0.7421354166666666 0.5166030092592593 0.14906249999999996 0.5071875
9 0.6502777777777778 0.56125 0.09951388888888886 0.4115393518518518
8 0.5714409722222221 0.6997743055555555 0.04454861111111121 0.12372685185185191
16 0.5452430555555555 0.6034548611111111 0.07170138888888893 0.3129282407407407
4 0.4996006944444445 0.6984606481481481 0.044201388888888894 0.11591435185185191
1 0.46859375 0.6575925925925926 0.05385416666666672 0.19252314814814825
13 0.42652777777777773 0.7072974537037038 0.03975694444444446 0.08620370370370374
6 0.39689236111111115 0.6531539351851852 0.052152777777777715 0.18938657407407397
5 0.36211805555555554 0.6442997685185186 0.05746527777777777 0.20348379629629623
0 0.3204166666666667 0.7033854166666667 0.03934027777777782 0.07682870370370373
11 0.28465277777777775 0.699212962962963 0.041180555555555554 0.08309027777777782
10 0.263125 0.5857349537037038 0.06673611111111111 0.30664351851851845
7 0.21154513888888887 0.7088310185185185 0.03687500000000003 0.056504629629629655
2 0.18473958333333332 0.643767361111111 0.05180555555555557 0.18157407407407397
3 0.5312326388888888 0.373587962962963 0.022569444444444465 0.01578703703703699
14 0.2923263888888889 0.17487847222222225 0.044479166666666715 0.12216435185185186
15 0.2533680555555556 0.17224537037037038 0.044479166666666715 0.12216435185185186