12 0.13515046296296296 0.47815972222222225 0.17084490740740738 0.4614583333333332
9 0.2175636574074074 0.45420138888888884 0.12125000000000004 0.38225694444444436
8 0.3037326388888889 0.3349826388888889 0.053275462962963 0.11677083333333335
16 0.3162094907407408 0.4423263888888889 0.09385416666666675 0.32541666666666663
4 0.36506944444444445 0.36213541666666665 0.05686342592592588 0.14809027777777786
1 0.3902951388888889 0.40020833333333333 0.07028935185185184 0.2108680555555555
13 0.43565972222222216 0.34494791666666663 0.041851851851851765 0.08371527777777779
6 0.4533449074074074 0.4172395833333334 0.0735069444444445 0.2171875
5 0.4852951388888889 0.42342013888888885 0.07346064814814816 0.2140625
0 0.5282233796296296 0.3743576388888889 0.048379629629629585 0.10260416666666661
11 0.561875 0.3711979166666667 0.0465856481481481 0.08694444444444453
10 0.5844212962962964 0.43187499999999995 0.07318287037037052 0.1953125
7 0.6290972222222223 0.37034722222222227 0.035208333333333286 0.05701388888888896
2 0.6500347222222222 0.4341145833333333 0.06504629629629619 0.17326388888888894
3 0.31091435185185184 0.6414930555555556 0.025277777777777823 0.01930555555555564
14 0.50859375 0.8553298611111112 0.05486111111111107 0.11836805555555543
15 0.5451851851851852 0.8647395833333335 0.053298611111111074 0.118333333333333