12 0.2407696759259259 0.4523900462962963 0.1541666666666667 0.4571296296296296
9 0.309230324074074 0.5060358796296296 0.11215277777777785 0.3754166666666666
8 0.35951967592592593 0.5430844907407407 0.08506944444444446 0.31787037037037036
16 0.3898726851851852 0.5477893518518518 0.08350694444444447 0.3177893518518518
4 0.40141782407407406 0.658755787037037 0.04270833333333339 0.10046296296296298
1 0.4385127314814815 0.629369212962963 0.05480324074074083 0.17438657407407412
13 0.4608796296296296 0.680625 0.04050925925925917 0.08319444444444457
6 0.4999421296296296 0.6403819444444444 0.05630787037037024 0.1729050925925925
5 0.5232060185185186 0.6885532407407406 0.040740740740740834 0.08944444444444458
0 0.5515625 0.7048958333333333 0.039988425925925955 0.0691319444444444
11 0.587210648148148 0.6723032407407408 0.05219907407407405 0.14618055555555554
10 0.6244791666666667 0.6382291666666667 0.06608796296296297 0.22643518518518527
7 0.6398148148148148 0.7313888888888889 0.034664351851851904 0.051701388888889
2 0.6791666666666666 0.6833333333333333 0.05590277777777786 0.16196759259259252
3 0.4572337962962963 0.3775115740740741 0.024131944444444463 0.01996527777777777
14 0.7100405092592592 0.2724247685185185 0.04629629629629637 0.11312499999999996
15 0.7426793981481481 0.27881365740740743 0.044618055555555716 0.10991898148148146