12 0.5202256944444444 0.08206597222222221 0.47586805555555556 0.10420138888888889
9 0.4687673611111111 0.1604513888888889 0.3858680555555555 0.06006944444444447
8 0.3016898148148148 0.22814236111111114 0.06269675925925924 0.03104166666666668
16 0.3638078703703703 0.25953125 0.19266203703703705 0.03861111111111111
4 0.3219270833333333 0.2947916666666667 0.11269675925925923 0.03215277777777779
3 0.6400347222222222 0.2853819444444444 0.02473379629629626 0.022395833333333302
1 0.3724652777777778 0.3240972222222222 0.2191319444444444 0.03763888888888891
13 0.30549189814814814 0.36147569444444444 0.08925925925925923 0.03163194444444439
6 0.37 0.39203125 0.2206944444444444 0.03767361111111116
5 0.36879050925925927 0.4256076388888889 0.22225694444444438 0.037708333333333496
0 0.3089409722222222 0.4612673611111111 0.10644675925925924 0.03201388888888897
11 0.29605902777777776 0.49432291666666667 0.08457175925925924 0.03152777777777782
10 0.35261574074074076 0.5273958333333333 0.19872685185185182 0.03562499999999993
7 0.2772800925925926 0.5610590277777778 0.0549768518518519 0.03243055555555561
2 0.3383391203703704 0.5971527777777779 0.17869212962962963 0.039861111111111215
14 0.797511574074074 0.52453125 0.1143518518518519 0.03375000000000004
15 0.7976331018518519 0.5619791666666666 0.11738425925925924 0.03225694444444436