12 0.8625462962962963 0.49733796296296295 0.19285879629629613 0.4920138888888889
9 0.7786458333333334 0.5348958333333333 0.14089120370370373 0.40434027777777787
8 0.7019039351851852 0.653616898148148 0.06219907407407401 0.15509259259259273
16 0.6804398148148147 0.5424479166666666 0.11357638888888885 0.3643518518518519
4 0.6321469907407408 0.6655960648148149 0.051886574074074154 0.11261574074074084
1 0.6077604166666666 0.5975983796296296 0.08126157407407408 0.23998842592592595
13 0.564224537037037 0.668894675925926 0.047280092592592735 0.0875
6 0.5390972222222222 0.5883969907407407 0.08594907407407408 0.24016203703703703
5 0.5022048611111111 0.6132523148148148 0.07167824074074076 0.18350694444444446
0 0.4636689814814815 0.6632233796296296 0.04497685185185176 0.07494212962962976
11 0.4335474537037037 0.617361111111111 0.06238425925925917 0.15821759259259274
10 0.402505787037037 0.5691840277777778 0.08484953703703706 0.24791666666666662
7 0.35953124999999997 0.6631655092592592 0.038993055555555586 0.05289351851851851
2 0.33054976851851847 0.5969039351851853 0.07140046296296294 0.17881944444444448
3 0.6635358796296297 0.34968171296296297 0.021238425925925952 0.01637731481481488
14 0.43108796296296303 0.13984375 0.05381944444444429 0.11892361111111112
15 0.3939525462962963 0.1341724537037037 0.05547453703703713 0.12054398148148149