12 0.53671875 0.2328125 0.4515625 0.0890625
9 0.49140625 0.31171875 0.3734375 0.046875
8 0.3515625 0.36875 0.096875 0.0296875
16 0.446875 0.40234375 0.2875 0.0296875
4 0.35390625 0.434375 0.103125 0.0265625
3 0.65859375 0.43671875 0.0125 0.01875
1 0.40625 0.46640625 0.2078125 0.0265625
13 0.34296875 0.5 0.0796875 0.028125
6 0.4046875 0.53203125 0.2046875 0.028125
5 0.40390625 0.5640625 0.20625 0.028125
0 0.3359375 0.596875 0.06875 0.028125
11 0.33828125 0.63046875 0.0734375 0.028125
10 0.39609375 0.66328125 0.1890625 0.0296875
7 0.3234375 0.6953125 0.046875 0.028125
2 0.38359375 0.7296875 0.16875 0.03125
14 0.828125 0.67578125 0.1078125 0.03125
15 0.828125 0.7125 0.10625 0.03125