12 0.48046875 0.38828125 0.4 0.0421875
9 0.4421875 0.42734375 0.33125 0.028125
8 0.3703125 0.45625 0.1515625 0.0171875
16 0.4359375 0.4734375 0.284375 0.015625
4 0.3453125 0.4890625 0.103125 0.0140625
1 0.35625 0.5046875 0.128125 0.015625
13 0.33046875 0.52109375 0.078125 0.015625
6 0.35546875 0.5375 0.1296875 0.015625
5 0.3484375 0.5546875 0.1140625 0.015625
0 0.3265625 0.5703125 0.071875 0.015625
11 0.32890625 0.58671875 0.075 0.015625
10 0.39765625 0.603125 0.2171875 0.015625
7 0.3125 0.61953125 0.0484375 0.0140625
2 0.37265625 0.6359375 0.1703125 0.015625
3 0.5890625 0.49296875 0.0171875 0.0125
14 0.728125 0.6078125 0.0984375 0.0125
15 0.73046875 0.621875 0.09375 0.0125