12 0.5015625 0.209375 0.5125 0.090625
9 0.459375 0.3 0.4265625 0.0546875
8 0.2984375 0.36875 0.10625 0.03125
16 0.3609375 0.40390625 0.2296875 0.034375
4 0.30546875 0.4421875 0.1140625 0.028125
1 0.34453125 0.478125 0.1921875 0.0328125
13 0.29296875 0.5171875 0.0890625 0.028125
6 0.346875 0.5515625 0.1953125 0.03125
5 0.35390625 0.58984375 0.209375 0.03125
0 0.2875 0.62578125 0.0765625 0.03125
11 0.2921875 0.66328125 0.0828125 0.034375
10 0.3578125 0.69765625 0.2140625 0.03125
7 0.278125 0.7375 0.0578125 0.028125
2 0.34609375 0.7703125 0.190625 0.03125
3 0.64375 0.44140625 0.0203125 0.025
14 0.82265625 0.703125 0.121875 0.0328125
15 0.8234375 0.7453125 0.1140625 0.0359375