12 0.49348958333333337 0.13012152777777777 0.4983333333333334 0.1410648148148148
9 0.44338541666666664 0.21602430555555557 0.39989583333333345 0.08924768518518515
8 0.32546875000000003 0.29142939814814817 0.1651041666666666 0.04748842592592588
16 0.38421874999999994 0.3210821759259259 0.2875 0.06162037037037038
4 0.29723958333333333 0.36451967592592593 0.11479166666666671 0.04020833333333336
1 0.3263020833333333 0.3957118055555556 0.1729166666666667 0.04789351851851853
13 0.28479166666666667 0.43445601851851856 0.08979166666666671 0.03891203703703709
6 0.3240104166666667 0.4651215277777778 0.16979166666666662 0.04773148148148145
5 0.34921875 0.4957349537037038 0.22458333333333336 0.05212962962962955
0 0.27640624999999996 0.536880787037037 0.08208333333333329 0.04006944444444436
11 0.27958333333333335 0.5709722222222222 0.08656249999999996 0.03718749999999993
10 0.3556770833333333 0.5973900462962962 0.23895833333333344 0.05754629629629626
7 0.26484375 0.6402488425925925 0.0598958333333333 0.03424768518518526
2 0.3236979166666667 0.6683391203703704 0.17770833333333336 0.04969907407407419
3 0.6170833333333333 0.33158564814814817 0.025208333333333322 0.02777777777777777
14 0.7859375 0.5665162037037037 0.12614583333333335 0.04702546296296291
15 0.7857291666666667 0.6046759259259259 0.12124999999999986 0.04365740740740733