12 0.5296875 0.16875 0.4796875 0.08125
9 0.48125 0.24765625 0.396875 0.0484375
8 0.35234375 0.309375 0.15 0.028125
16 0.46015625 0.34375 0.3609375 0.0296875
4 0.33125 0.37734375 0.1078125 0.0265625
1 0.3953125 0.409375 0.2359375 0.0265625
13 0.31875 0.44453125 0.0828125 0.028125
6 0.3953125 0.478125 0.2359375 0.03125
5 0.365625 0.51171875 0.178125 0.0296875
0 0.31015625 0.54453125 0.0703125 0.028125
11 0.3515625 0.5796875 0.1546875 0.0265625
10 0.3953125 0.615625 0.24375 0.028125
7 0.29609375 0.64765625 0.046875 0.028125
2 0.3578125 0.68359375 0.1734375 0.03125
3 0.64921875 0.3828125 0.0125 0.01875
14 0.82578125 0.63671875 0.1140625 0.028125
15 0.8265625 0.67421875 0.115625 0.028125