12 0.659681712962963 0.1273611111111111 0.488877314814815 0.20038194444444443
9 0.592193287037037 0.19421875000000002 0.3931481481481482 0.14130787037037038
8 0.4079918981481481 0.22311921296296297 0.050289351851851904 0.04054398148148142
16 0.5170138888888889 0.2777141203703704 0.2819097222222222 0.09739583333333339
4 0.44293402777777774 0.29866319444444445 0.14886574074074072 0.06221064814814818
1 0.4690104166666666 0.33774305555555556 0.21618055555555565 0.08138888888888882
13 0.3957175925925926 0.3594502314814815 0.08312499999999998 0.044641203703703704
13 0.3949363425925926 0.3594733796296296 0.08628472222222223 0.04942129629629628
6 0.4538773148148148 0.40461226851851856 0.21618055555555565 0.08138888888888882
5 0.4463020833333333 0.436875 0.21461805555555563 0.08134259259259266
0 0.36908564814814815 0.45635416666666667 0.07687500000000007 0.04445601851851855
11 0.3662094907407407 0.49004050925925924 0.08157407407407406 0.04615740740740737
10 0.6319548187499999 0.5617782171875 0.323802965625 0.5005401078125 0.31582983124999997 0.5294988171874999 0.6250183625 0.5954682859375 0.6319548187499999 0.5617782171875
7 0.36795304687499997 0.5446185484375 0.315165278125 0.5351214390625 0.3096370140625 0.5619648671874999 0.358237796875 0.5708662078125 0.36795304687499997 0.5446185484375
2 0.47484696875 0.597517125 0.3080342875 0.56582089375 0.30034136875 0.5998851640625 0.4672490515625 0.6327480984375 0.47484696875 0.597517125
3 0.7513802671875001 0.343491625 0.7284975218749999 0.34048384375 0.7216788625 0.3687588484375 0.743823278125 0.3721026015625 0.7513802671875001 0.343491625
14 0.8533622685185185 0.6397048611111111 0.12387731481481482 0.06303240740740748
15 0.8474074074074075 0.6797337962962964 0.12385416666666664 0.05990740740740748