12 0.7963777578125 0.7777737421875 0.8175868421875 0.3608854765625 0.7207529734375 0.36470969375 0.696440653125 0.751256653125 0.7963777578125 0.7777737421875
9 0.6891909890625 0.726458453125 0.7096277484375 0.3137114390625 0.660383709375 0.3089578296875 0.6417135140625 0.7248816796875001 0.6891909890625 0.726458453125
8 0.6098206018518518 0.4869212962962964 0.06336805555555554 0.30703703703703694
16 0.594505403125 0.33984498125 0.5911447765625 0.33530164687499997 0.56429939375 0.3362882265625 0.5572393531250001 0.495232159375 0.5551037812499999 0.501413765625 0.5510466796875 0.5083549953125 0.5574229234375 0.5150242953124999 0.5533834140625 0.6457200296875001 0.58328420625 0.6466734515625 0.594505403125 0.33984498125
4 0.5536216390625001 0.5034490390624999 0.5600184687499999 0.3343716046875 0.5297024828125 0.3342929015625 0.5200959046875 0.5028620109374999 0.5536216390625001 0.5034490390624999
1 0.52063478125 0.44574949375 0.5259325687499999 0.3330432734375 0.49143592968750005 0.33184173125 0.4881898578125 0.44238269218750004 0.52063478125 0.44574949375
13 0.47107638888888886 0.3817708333333333 0.040578703703703665 0.1064699074074074
6 0.43600115740740736 0.4050289351851852 0.04501157407407419 0.154988425925926
5 0.39881944444444445 0.4109375 0.05053240740740739 0.16929398148148156
0 0.3635416666666667 0.3714930555555555 0.039560185185185226 0.08928240740740741
11 0.32967013888888885 0.3744386574074074 0.040023148148148203 0.09709490740740741
10 0.2894444444444445 0.5110590277777778 0.0703819444444445 0.37282407407407414
7 0.2555034722222222 0.35648726851851853 0.0366087962962963 0.06576388888888891
2 0.2166840277777778 0.4297048611111111 0.05496527777777782 0.21781249999999996
3 0.5306828703703703 0.6983217592592592 0.038981481481481416 0.026944444444444392
14 0.274537037037037 0.8684143518518519 0.04270833333333339 0.1424074074074074
15 0.24480324074074072 0.8676562499999999 0.03810185185185189 0.11724537037037024