12 0.7416087962962963 0.38136574074074076 0.21261574074074066 0.5237268518518519
9 0.6648726851851852 0.45483217592592595 0.152662037037037 0.4195601851851851
8 0.6279224537037037 0.6110532407407407 0.06087962962962958 0.1291666666666666
16 0.5755787037037037 0.530787037037037 0.11151620370370381 0.31834490740740745
4 0.557667824074074 0.6357349537037037 0.059085648148148096 0.12280092592592595
1 0.5166087962962963 0.6083912037037037 0.07905092592592596 0.19907407407407404
13 0.48940972222222223 0.6696180555555555 0.05017361111111107 0.09253472222222214
6 0.44568865740740743 0.630005787037037 0.07737268518518511 0.1958333333333334
5 0.40894097222222225 0.6335069444444444 0.08258101851851851 0.21024305555555553
0 0.3853009259259259 0.7038194444444444 0.04982638888888884 0.08315972222222215
11 0.3491608796296296 0.7119502314814815 0.05005787037037033 0.08940972222222214
10 0.2966435185185185 0.6153356481481481 0.10503472222222224 0.3116319444444443
7 0.28087384259259257 0.7466145833333333 0.04438657407407405 0.0625
2 0.23755787037037038 0.6960648148148149 0.0739583333333333 0.18778935185185192
3 0.4959780092592593 0.3239872685185185 0.024131944444444463 0.020486111111111073
14 0.20827546296296298 0.22453703703703703 0.060821759259259256 0.12760416666666669
15 0.1697048611111111 0.23518518518518522 0.060821759259259256 0.1276041666666666