12 0.18260416666666668 0.4912847222222222 0.17062499999999997 0.4754976851851852
9 0.26776041666666667 0.5276678240740741 0.12281250000000003 0.39049768518518524
8 0.35578125 0.6772627314814815 0.04770833333333328 0.08343749999999997
16 0.3667708333333333 0.5494270833333333 0.09270833333333331 0.3369791666666666
4 0.41994791666666664 0.6563599537037037 0.05291666666666668 0.11473379629629629
1 0.4451041666666667 0.6005381944444445 0.07583333333333328 0.2243402777777778
13 0.49067708333333326 0.6636516203703703 0.04812499999999993 0.08968750000000014
6 0.5102083333333333 0.5936979166666667 0.07072916666666665 0.21802083333333327
5 0.5427604166666666 0.5902777777777778 0.07260416666666672 0.22273148148148145
0 0.5901041666666667 0.6565393518518519 0.04312499999999986 0.08493055555555565
11 0.6218229166666667 0.6523263888888889 0.043229166666666784 0.08649305555555564
10 0.6447395833333334 0.5863252314814815 0.07145833333333336 0.20554398148148145
7 0.6925520833333334 0.6596180555555555 0.03645833333333322 0.055173611111111145
2 0.7139583333333334 0.594375 0.06479166666666672 0.17578703703703696
3 0.36390625 0.3425578703703704 0.029479166666666678 0.020729166666666642
14 0.5747395833333333 0.14509837962962963 0.0515625 0.11783564814814813
15 0.6117708333333333 0.1386226851851852 0.05343750000000007 0.12254629629629629