12 0.5316145833333333 0.22406828703703704 0.4419791666666667 0.12049768518518515
9 0.503125 0.3001331018518519 0.36958333333333326 0.08820601851851854
8 0.37109375 0.3684201388888889 0.09322916666666661 0.0404050925925926
16 0.48572916666666666 0.3904108796296296 0.3135416666666666 0.06708333333333324
4 0.40718750000000004 0.42983217592592593 0.13854166666666679 0.04107638888888889
1 0.4457291666666666 0.4577199074074073 0.20656250000000007 0.05457175925925917
13 0.39046875 0.49514467592592587 0.08822916666666672 0.035648148148148096
6 0.456875 0.519542824074074 0.21104166666666657 0.05151620370370367
5 0.45979166666666665 0.5515856481481481 0.2078125 0.04990740740740733
0 0.39979166666666666 0.5881597222222222 0.07739583333333329 0.03704861111111111
11 0.40661458333333333 0.6202604166666668 0.08197916666666671 0.03555555555555543
10 0.524375 0.6422974537037037 0.30708333333333326 0.06386574074074076
7 0.4022916666666667 0.6841956018518518 0.05031250000000007 0.028842592592592455
2 0.46578125000000004 0.7116724537037037 0.165625 0.049282407407407545
3 0.6819270833333333 0.4065856481481481 0.01854166666666668 0.020567129629629654
14 0.8867708333333333 0.6226909722222222 0.11531249999999993 0.04385416666666657
15 0.8938020833333333 0.6579166666666667 0.11833333333333336 0.042337962962962904