12 0.5125 0.27265625 0.45 0.04375
9 0.46875 0.31484375 0.3578125 0.025
8 0.36171875 0.3484375 0.1015625 0.015625
16 0.4390625 0.365625 0.2546875 0.015625
4 0.39140625 0.3828125 0.1609375 0.0140625
3 0.62890625 0.38203125 0.0203125 0.0125
1 0.45 0.40078125 0.278125 0.0171875
13 0.35546875 0.41953125 0.0890625 0.015625
6 0.4125 0.43515625 0.2015625 0.015625
5 0.403125 0.45234375 0.18125 0.015625
0 0.3546875 0.47109375 0.0828125 0.0171875
11 0.3984375 0.48828125 0.16875 0.015625
10 0.43828125 0.5046875 0.2484375 0.015625
7 0.34140625 0.52265625 0.053125 0.015625
2 0.4046875 0.53984375 0.1796875 0.015625
14 0.784375 0.50390625 0.10625 0.0140625
15 0.79296875 0.51875 0.1265625 0.0125