12 0.35449613750000003 0.2146654640625 0.73764078125 0.285267028125 0.7608164937499999 0.192257084375 0.3486033734375 0.11125186875 0.35449613750000003 0.2146654640625
9 0.3693229453125 0.2741847328125 0.7800827890625001 0.35741801562500003 0.7853137265625 0.3084864421875 0.37730812812500003 0.227741046875 0.3693229453125 0.2741847328125
8 0.5957060185185185 0.3630381944444444 0.30942129629629633 0.11298611111111115
16 0.7340549249999999 0.443973171875 0.740407925 0.41816996562500003 0.7366363671875 0.4138026609375 0.43412953125 0.3499255234375 0.4290617859375 0.379165596875 0.5577681328125 0.4070926390625 0.5630149109375 0.41490351875 0.5706216421875 0.41265891874999994 0.5770993953125 0.4120933671875 0.7340549249999999 0.443973171875
4 0.56217875 0.44626834375 0.72906430625 0.4780229828125 0.735071353125 0.44859325468750005 0.5683325234375001 0.41360087031250004 0.56217875 0.44626834375
1 0.6149591671875 0.49195812656250004 0.723783309375 0.51574390625 0.729530584375 0.481984790625 0.618175815625 0.45966185 0.6149591671875 0.49195812656250004
13 0.6709143518518518 0.5232986111111112 0.11105324074074083 0.057083333333333285
6 0.6413310185185186 0.5521180555555556 0.15866898148148145 0.07062500000000008
5 0.6276967592592593 0.5860590277777777 0.17310185185185176 0.07718749999999996
0 0.6592418981481482 0.6299479166666667 0.0936805555555555 0.053576388888888896
11 0.6502025462962963 0.6622222222222222 0.10158564814814816 0.05531250000000014
10 0.5074189814814816 0.6685243055555555 0.37450231481481494 0.13159722222222214
7 0.6523958333333333 0.7388368055555555 0.07143518518518518 0.04684027777777775
2 0.5722106481481481 0.7586111111111111 0.22062500000000007 0.08916666666666676
3 0.37269097222222225 0.3883333333333333 0.03365740740740737 0.041319444444444464
14 0.15499421296296295 0.59578125 0.14589120370370373 0.06565972222222224
15 0.14967592592592593 0.6248437499999999 0.12033564814814816 0.05572916666666679