12 0.12578125 0.4757523148148148 0.1895833333333333 0.4882523148148149
9 0.20619791666666668 0.445949074074074 0.13041666666666663 0.39369212962962974
8 0.28197916666666667 0.2999710648148148 0.041770833333333354 0.06684027777777786
16 0.30994791666666666 0.36967592592592596 0.07385416666666664 0.19826388888888893
4 0.3474479166666667 0.3374710648148148 0.05291666666666668 0.11741898148148149
3 0.32234375000000004 0.648900462962963 0.02677083333333332 0.028414351851851906
1 0.37468749999999995 0.3962384259259259 0.0786458333333333 0.22349537037037032
13 0.4144791666666666 0.34010416666666665 0.04822916666666668 0.09375
6 0.44255208333333335 0.41137152777777775 0.07874999999999996 0.22505787037037042
5 0.4757291666666667 0.4192708333333333 0.07885416666666671 0.22662037037037042
0 0.5136979166666666 0.370775462962963 0.05093750000000004 0.11105324074074066
11 0.5476041666666667 0.36629050925925927 0.046354166666666786 0.08894675925925935
10 0.5776041666666666 0.43148148148148147 0.07104166666666671 0.20271990740740745
7 0.6152604166666666 0.3666377314814815 0.04135416666666671 0.06059027777777777
2 0.6479166666666666 0.4366898148148149 0.07135416666666679 0.1840856481481481
14 0.5516145833333332 0.8695601851851851 0.05458333333333343 0.11909722222222215
15 0.5888020833333334 0.8793113425925927 0.05322916666666657 0.12210648148148166