5 0.5458854166666667 0.3859490740740741 0.055798611111111104 0.16598379629629623
6 0.5239236111111112 0.40140624999999996 0.05954861111111107 0.18006944444444456
14 0.6888541666666667 0.7033101851851852 0.038541666666666606 0.09400462962962966
11 0.5921006944444445 0.3363078703703704 0.03621527777777782 0.07680555555555557
12 0.28359375 0.5292708333333334 0.1442013888888889 0.3978125
2 0.6792881944444444 0.36506944444444445 0.05871527777777778 0.1613194444444444
7 0.6425868055555556 0.3124710648148148 0.03184027777777772 0.048657407407407406
13 0.48512152777777773 0.3542592592592593 0.037986111111111144 0.08150462962962965
15 0.7144965277777777 0.7003761574074074 0.036840277777777784 0.09086805555555558
1 0.46168402777777773 0.3892303240740741 0.0515625 0.14096064814814815
0 0.5634722222222222 0.34234375000000006 0.039548611111111145 0.08151620370370374
9 0.34434027777777776 0.4727083333333334 0.09854166666666667 0.31937499999999996
10 0.6303124999999999 0.405318287037037 0.06760416666666665 0.22074074074074074
4 0.43194444444444446 0.37026620370370367 0.04180555555555543 0.09715277777777782
16 0.4262152777777778 0.4873726851851852 0.09107638888888889 0.3271296296296297
8 0.38734375 0.4386631944444444 0.07243055555555555 0.22390046296296298
3 0.47503472222222226 0.6017592592592592 0.03086805555555543 0.026782407407407404