12 0.523524428125 0.22329850625 0.284682765625 0.26411576718749996 0.28250954375 0.2785353234375 0.314002759375 0.2750084609375 0.319962934375 0.28697447343750004 0.5026013921875 0.2557390390625 0.4982179578125 0.24601676249999999 0.5299539281250001 0.2411634265625 0.523524428125 0.22329850625
9 0.4890811796875 0.2585757859375 0.2893082296875 0.2940821640625 0.29444376562499996 0.3101955765625 0.49640308749999995 0.2765013953125 0.4890811796875 0.2585757859375
8 0.3587834046875 0.3043043609375 0.3093671796875 0.31240463281249997 0.3134886421875 0.3220462796875 0.3569205609375 0.31434535937499997 0.3587834046875 0.3043043609375
16 0.42246341718749997 0.3228783609375 0.4187711078125 0.30349254531250003 0.375466346875 0.31240940156249997 0.3139781953125 0.32277822500000003 0.31951268437499997 0.34075140937500004 0.391475359375 0.3270328046875 0.42246341718749997 0.3228783609375
4 0.3914388015625 0.32928466875 0.3197956078125 0.34147262500000003 0.32320817343749997 0.35082936249999996 0.396817525 0.337536334375 0.3914388015625 0.32928466875
1 0.3264586125 0.3610706328125 0.4164950046875 0.3454291828125 0.41289204375 0.335510715625 0.3922957609375 0.33985253593750003 0.3226725265625 0.3521728515625 0.3264586125 0.3610706328125
13 0.3733543109375 0.35400027343749996 0.3267415359375 0.362243653125 0.328592775 0.36976405625000003 0.37438286718749997 0.3620583671875 0.3733543109375 0.35400027343749996
6 0.4282458625 0.353664159375 0.3279288609375 0.37122845625 0.3311443328125 0.3811872 0.42884349843749997 0.363614559375 0.4282458625 0.353664159375
5 0.3369140625 0.389709471875 0.43103218125 0.37330269843749997 0.4252576828125 0.3649258609375 0.3327814734375 0.38052678125 0.3369140625 0.389709471875
0 0.33816814375000004 0.400316715625 0.39515813125 0.38922190625 0.3902435296875 0.38118124062500003 0.333127975 0.3900146484375 0.335693359375 0.39306640625 0.33816814375000004 0.400316715625
11 0.3385416671875 0.401916503125 0.3416363390625 0.40973901718750005 0.385014215625 0.400578975 0.380024909375 0.3919947140625 0.3385416671875 0.401916503125
10 0.4696276765625 0.397895103125 0.47226543593750003 0.394434375 0.464636040625 0.38729201875 0.34308381718750003 0.4103833578125 0.347961425 0.42946434062499994 0.385300190625 0.42283248906250004 0.4696276765625 0.397895103125
7 0.35307655 0.4383175875 0.379745128125 0.43360244375 0.3760499 0.4252393859375 0.3489933453125 0.4299305765625 0.35307655 0.4383175875
2 0.3522532859375 0.43909738281250005 0.3555297859375 0.4498734578125 0.44127353437499994 0.4341054515625 0.4391858 0.42260990625000006 0.387780253125 0.4329563140625 0.3522532859375 0.43909738281250005
3 0.49071792500000005 0.3135077890625 0.49615194687499997 0.32098725781250004 0.5107069390625 0.3181909953125 0.5014570375 0.3079658328125 0.49071792500000005 0.3135077890625
14 0.6366167875000001 0.35117925625 0.57261385625 0.36337209375 0.57456083125 0.373160784375 0.6373123046875 0.36246455 0.6366167875000001 0.35117925625
15 0.6352683375 0.36281763125 0.57558518125 0.37366911406250003 0.5809576937500001 0.3842056625 0.6385897843749999 0.3724013921875 0.6352683375 0.36281763125