12 0.8043186421874999 0.2520685453125 0.3430539796875 0.28561786875 0.342475984375 0.31063887343749996 0.4044133515625 0.30589779687499996 0.407071253125 0.3276069625 0.7371831484375 0.30345327499999997 0.7379087453125 0.2822573109375 0.8034673015625 0.27676232343749996 0.8043186421874999 0.2520685453125
9 0.693750809375 0.3116731140625 0.33951530937499996 0.3386723125 0.3403774421875 0.3649102546875 0.6966367828125 0.338971534375 0.693750809375 0.3116731140625
8 0.39968171296296295 0.3796585648148148 0.0856481481481481 0.0234375
16 0.5120081018518519 0.3901909722222222 0.30775462962962974 0.04299768518518512
4 0.41015625 0.4150173611111111 0.10295138888888893 0.026273148148148094
1 0.4052372685185185 0.43344907407407407 0.09189814814814809 0.023900462962962978
13 0.40271990740740743 0.452488425925926 0.08408564814814809 0.023321759259259167
6 0.40789930555555554 0.469386574074074 0.0887731481481481 0.02366898148148149
5 0.42329282407407404 0.48631365740740745 0.11678240740740745 0.02418981481481488
0 0.40743634259259254 0.5055555555555555 0.08263888888888893 0.024768518518518513
11 0.41339699074074077 0.5223958333333333 0.09178240740740744 0.022337962962962976
10 0.44375 0.5397858796296295 0.14826388888888892 0.029629629629629763
7 0.39971064814814816 0.560329861111111 0.05596064814814809 0.021238425925925952
2 0.4307291666666666 0.576099537037037 0.11701388888888893 0.027314814814814882
3 0.7057002314814815 0.3962673611111111 0.024710648148148096 0.018923611111111162
14 0.853761574074074 0.4968460648148148 0.11209490740740762 0.02384259259259256
15 0.8564814814814815 0.512355324074074 0.10740740740740726 0.02349537037037024