12 0.24066550925925928 0.5415798611111111 0.1987268518518519 0.46817129629629617
9 0.32599537037037035 0.5681712962962963 0.14026620370370368 0.37853009259259257
8 0.40705439814814814 0.6508391203703704 0.07476851851851851 0.18240740740740727
16 0.4389930555555555 0.639525462962963 0.07640046296296284 0.19184027777777785
4 0.4758333333333333 0.6572916666666667 0.06039351851851862 0.13969907407407406
1 0.49818865740740736 0.6175057870370371 0.07966435185185183 0.2107060185185185
13 0.5478067129629629 0.6732349537037037 0.04750000000000014 0.08611111111111107
6 0.5629224537037036 0.6050636574074074 0.07966435185185183 0.2107060185185185
5 0.5941203703703704 0.5991898148148148 0.07966435185185183 0.2107060185185185
0 0.6422106481481482 0.6595486111111111 0.04430555555555564 0.07662037037037024
11 0.6741550925925927 0.6490162037037036 0.04591435185185198 0.08292824074074083
10 0.6916840277777778 0.590306712962963 0.07636574074074076 0.18715277777777786
7 0.7413194444444444 0.6483796296296296 0.041053240740740723 0.05931712962962976
2 0.7588194444444445 0.585763888888889 0.06842592592592585 0.16967592592592595
3 0.4105150462962963 0.3799479166666667 0.022037037037036987 0.02268518518518512
14 0.6026851851851852 0.1738425925925926 0.058668981481481454 0.11776620370370372
15 0.6393287037037038 0.1650462962962963 0.060243055555555536 0.11938657407407409