12 0.12549189814814815 0.5276215277777778 0.17835648148148148 0.4786574074074075
9 0.2088252314814815 0.5513715277777778 0.12853009259259257 0.39653935185185174
8 0.2891782407407407 0.6766435185185184 0.05104166666666661 0.11493055555555554
16 0.30746527777777777 0.5618518518518518 0.09826388888888893 0.3372685185185185
4 0.35347222222222224 0.6460185185185185 0.05862268518518512 0.1511921296296297
1 0.3814814814814815 0.6055787037037037 0.07366898148148149 0.22059027777777782
13 0.42465277777777777 0.6610416666666666 0.043807870370370414 0.08804398148148156
6 0.4482638888888889 0.5919791666666667 0.07193287037037024 0.21582175925925923
5 0.48211805555555554 0.5832060185185185 0.07517361111111107 0.2191087962962964
0 0.5258391203703704 0.6448784722222223 0.04178240740740726 0.07546296296296298
11 0.5525752314814815 0.5967071759259259 0.0606481481481481 0.16377314814814808
10 0.5795717592592593 0.5415046296296296 0.08142361111111107 0.2615393518518518
7 0.6283564814814815 0.6348842592592592 0.036226851851851906 0.0517824074074074
2 0.6527199074074075 0.5665625000000001 0.0659143518518519 0.17964120370370368
3 0.3151041666666667 0.3556018518518519 0.01938657407407405 0.018159722222222285
14 0.5387152777777778 0.1287962962962963 0.04965277777777786 0.11953703703703704
15 0.5748263888888889 0.12224537037037035 0.05115740740740726 0.11805555555555554