5 0.4463831018518518 0.6001446759259259 0.06585648148148149 0.2193287037037038
6 0.47902199074074076 0.6060474537037037 0.06192129629629637 0.19733796296296297
10 0.3519675925925926 0.5935185185185186 0.06840277777777777 0.24594907407407404
2 0.29811921296296295 0.6322048611111111 0.061400462962962976 0.183275462962963
14 0.319675925925926 0.261400462962963 0.04149305555555553 0.10920138888888893
4 0.5698206018518518 0.6258391203703704 0.050868055555555534 0.15167824074074082
12 0.755005787037037 0.484056712962963 0.15231481481481488 0.44722222222222213
1 0.5395543981481481 0.598119212962963 0.060590277777777854 0.20353009259259255
15 0.2938368055555555 0.26200810185185186 0.03981481481481488 0.10601851851851851
16 0.5966145833333333 0.536082175925926 0.08234953703703703 0.3276041666666666
0 0.42410300925925926 0.6736400462962963 0.04039351851851851 0.07951388888888893
9 0.6827546296296296 0.5337962962962963 0.10902777777777786 0.37384259259259256
11 0.39334490740740746 0.6380787037037037 0.0528356481481481 0.16267361111111106
13 0.5121238425925926 0.662818287037037 0.04079861111111107 0.09045138888888893
7 0.3333622685185185 0.69453125 0.03495370370370372 0.05902777777777786
8 0.631886574074074 0.5765046296296296 0.06840277777777785 0.24594907407407404
3 0.548755787037037 0.3919270833333333 0.01938657407407405 0.017881944444444464