12 0.2078125 0.519357638888889 0.12244212962962964 0.569849537037037
9 0.2905729166666666 0.46710069444444446 0.076724537037037 0.4354166666666666
8 0.35693865740740743 0.30925925925925923 0.040868055555555574 0.12332175925925926
16 0.3950462962962963 0.4249710648148148 0.04905092592592597 0.3594328703703704
4 0.43014467592592587 0.3221643518518518 0.038275462962963046 0.15914351851851852
1 0.4679918981481482 0.4027488425925926 0.04543981481481474 0.3265046296296298
13 0.5041030092592592 0.2842881944444445 0.034224537037037095 0.09652777777777785
6 0.5406655092592592 0.34618055555555555 0.04237268518518533 0.22488425925925934
5 0.5775347222222222 0.33466435185185184 0.040532407407407336 0.20607638888888893
0 0.6136168981481481 0.2708622685185185 0.03403935185185194 0.08402777777777777
11 0.6496875 0.3132523148148148 0.04163194444444436 0.17488425925925935
10 0.6879861111111112 0.3633680555555555 0.04633101851851862 0.28125
7 0.7224305555555556 0.25199652777777776 0.03369212962962962 0.06059027777777777
2 0.7605555555555557 0.3138310185185185 0.041863425925926026 0.19050925925925935
3 0.44021990740740746 0.6434895833333334 0.034791666666666644 0.029398148148148097
14 0.7283217592592592 0.8030381944444445 0.0841435185185185 0.19832175925925916
15 0.787662037037037 0.8031828703703704 0.039444444444444574 0.13263888888888892