12 0.7341145833333333 0.606741898148148 0.22104166666666672 0.4866898148148149
9 0.6727604166666666 0.5402488425925925 0.1635416666666666 0.39571759259259276
8 0.6442708333333333 0.42719907407407404 0.084375 0.19016203703703702
16 0.5962500000000001 0.46614583333333337 0.11437500000000007 0.28946759259259275
4 0.5890104166666668 0.3750289351851852 0.06104166666666657 0.12071759259259256
1 0.5478125 0.39386574074074077 0.07864583333333322 0.17436342592592596
13 0.5284895833333334 0.34302662037037035 0.05614583333333343 0.09403935185185182
6 0.4849479166666667 0.3735243055555556 0.07520833333333332 0.1695601851851852
5 0.44651041666666663 0.3861979166666667 0.09229166666666658 0.2153935185185185
0 0.43005208333333333 0.3276331018518518 0.06052083333333336 0.11290509259259256
11 0.3903645833333333 0.34730902777777783 0.07520833333333332 0.1695601851851852
10 0.34598958333333335 0.3785590277777778 0.10229166666666671 0.24849537037037042
7 0.3403125 0.2757523148148148 0.04281249999999996 0.05769675925925925
2 0.28989583333333335 0.3271412037037037 0.08531250000000004 0.18084490740740744
3 0.5009375 0.674074074074074 0.03458333333333332 0.027777777777777856
14 0.21781250000000002 0.7740162037037036 0.06760416666666665 0.12563657407407405
15 0.18307291666666664 0.7664641203703704 0.0640625 0.11927083333333321