12 0.5546875 0.2421875 0.4296875 0.0734375
9 0.51171875 0.31328125 0.35625 0.0453125
8 0.3625 0.3703125 0.06875 0.0265625
16 0.48046875 0.40078125 0.3046875 0.028125
4 0.37734375 0.43125 0.0984375 0.025
1 0.42734375 0.4625 0.1984375 0.028125
13 0.365625 0.49375 0.075 0.0265625
6 0.42578125 0.52421875 0.196875 0.028125
5 0.425 0.55546875 0.1984375 0.0296875
0 0.37265625 0.5859375 0.09375 0.025
11 0.3984375 0.6171875 0.146875 0.0265625
10 0.43671875 0.65 0.2265625 0.028125
7 0.34765625 0.68046875 0.0484375 0.0265625
2 0.40546875 0.71328125 0.1625 0.028125
3 0.66953125 0.43359375 0.015625 0.0203125
14 0.83125 0.66484375 0.1046875 0.0265625
15 0.83125 0.69921875 0.1046875 0.025