12 0.7959201388888889 0.5857581018518518 0.17891203703703695 0.4508912037037037
9 0.7324884259259259 0.5270312500000001 0.12806712962962957 0.36892361111111105
8 0.6937210648148149 0.4046354166666667 0.0639120370370371 0.15400462962962963
16 0.6483101851851851 0.4797106481481482 0.10153935185185184 0.31699074074074074
4 0.6321585648148148 0.38263888888888886 0.05715277777777779 0.13672453703703705
1 0.5962500000000001 0.40943865740740737 0.074861111111111 0.20726851851851863
13 0.5739236111111111 0.34116898148148145 0.04629629629629619 0.08658564814814813
6 0.5325289351851852 0.3936574074074074 0.07325231481481467 0.20568287037037028
5 0.5010937500000001 0.3869444444444444 0.07646990740740733 0.20885416666666662
0 0.4817303240740741 0.3132523148148148 0.042893518518518546 0.0771643518518518
11 0.4428587962962963 0.34547453703703707 0.06234953703703709 0.15398148148148144
10 0.40401041666666665 0.3784780092592593 0.08346064814814813 0.23394675925925928
7 0.3878125 0.27984375 0.037511574074074086 0.05365740740740739
2 0.3447627314814815 0.3291840277777777 0.06589120370370374 0.1680902777777778
14 0.32185763888888885 0.7684953703703703 0.05480324074074074 0.11013888888888879
15 0.2841724537037037 0.7616898148148149 0.056504629629629655 0.11484953703703696
3 0.5817361111111111 0.6575520833333334 0.02711805555555564 0.019143518518518476