12 0.8386574074074075 0.5700810185185186 0.12517361111111108 0.47274305555555574
9 0.7599537037037037 0.5194444444444445 0.08819444444444446 0.40115740740740746
8 0.713744212962963 0.351880787037037 0.03703703703703702 0.0731481481481481
16 0.6682870370370371 0.48084490740740743 0.06105324074074083 0.3424189814814815
4 0.64296875 0.38289930555555557 0.04444444444444447 0.14675925925925926
1 0.606568287037037 0.41519097222222223 0.04554398148148149 0.21857638888888892
13 0.577025462962963 0.34681712962962963 0.03611111111111107 0.09027777777777776
6 0.5387731481481481 0.40798611111111105 0.0487268518518519 0.22025462962962977
5 0.5044270833333334 0.405931712962963 0.05034722222222214 0.221875
0 0.47508680555555555 0.33208912037037036 0.03732638888888893 0.08096064814814818
11 0.43842592592592594 0.371412037037037 0.04670138888888893 0.16556712962962958
10 0.40098379629629627 0.4107060185185185 0.05289351851851851 0.24849537037037042
7 0.37416087962962963 0.31114004629629627 0.03478009259259256 0.054340277777777855
2 0.3344328703703704 0.3699074074074074 0.05034722222222223 0.17974537037037033
3 0.6146990740740741 0.6814814814814815 0.02418981481481488 0.021180555555555536
14 0.35248842592592594 0.8329282407407408 0.03859953703703702 0.11533564814814809
15 0.3165798611111111 0.8308159722222221 0.04178240740740744 0.11701388888888893