12 0.13417245370370373 0.44361689814814814 0.1304398148148148 0.49020833333333336
9 0.21646412037037038 0.49700810185185185 0.08483796296296298 0.3958333333333332
8 0.2923900462962963 0.6732696759259259 0.034490740740740655 0.047013888888889
16 0.3160590277777778 0.5544155092592593 0.055787037037037024 0.28516203703703696
4 0.3560185185185185 0.6227662037037037 0.04137731481481488 0.14873842592592598
1 0.3867766203703704 0.5900520833333334 0.05017361111111107 0.21781249999999996
13 0.42670717592592594 0.6576215277777777 0.03425925925925917 0.08287037037037023
13 0.4267361111111111 0.6584027777777777 0.039004629629629764 0.08467592592592581
6 0.4546875 0.592013888888889 0.05017361111111107 0.21781250000000013
5 0.4882233796296296 0.592193287037037 0.050115740740740836 0.21624999999999997
0 0.5267650462962963 0.6643692129629629 0.03396990740740744 0.07505787037037023
11 0.56015625 0.6606423611111112 0.03570601851851851 0.079826388888889
10 0.557778121875 0.38412969218750004 0.5811228374999999 0.7000917125 0.6109967546874999 0.7021144500000001 0.59191019375 0.3841779125 0.557778121875 0.38412969218750004
7 0.6116109875 0.6477110374999999 0.6165618828125 0.7016366484375001 0.643757878125 0.701676509375 0.6393506265625 0.6519964078125 0.6116109875 0.6477110374999999
2 0.6338491937499999 0.5317312609375 0.6478798 0.7024789609375001 0.6825718421875 0.70319715625 0.6696340125 0.532120834375 0.6338491937499999 0.5317312609375
3 0.3168004953125 0.31042870625 0.32000948125 0.3335812796875 0.3489208765625 0.3346042171875 0.34623039843750003 0.312111453125 0.3168004953125 0.31042870625
14 0.5740162037037038 0.150625 0.046643518518518515 0.12249999999999997
15 0.6129050925925925 0.14796296296296296 0.04351851851851851 0.12233796296296293