12 0.204697515625 0.4505451171875 0.193291471875 0.693050109375 0.2069326609375 0.6984820734375 0.210251828125 0.6669317718750001 0.22324081406250001 0.663861396875 0.23194021875 0.47841633906250003 0.2214854859375 0.4804628109375 0.2235589890625 0.44837100156250004 0.204697515625 0.4505451171875
9 0.2318093828125 0.49226473437499996 0.223605446875 0.695415371875 0.24047505781249998 0.6941021578125001 0.250922071875 0.4892334734375 0.2318093828125 0.49226473437499996
8 0.2485417 0.62994759375 0.2458444375 0.6800425953125 0.2561639671875 0.6782333234375 0.2579655515625 0.6340712953125001 0.2485417 0.62994759375
16 0.2600580546875 0.615524253125 0.25698535 0.677923521875 0.27576035781249997 0.676647884375 0.2778072203125 0.60325533125 0.2804037578125 0.572054021875 0.2606426109375 0.5712071703125 0.2600580546875 0.615524253125
4 0.2800026265625 0.603808034375 0.2765268265625 0.6765373109375 0.2864152078125 0.6753545796875 0.2892324375 0.6004524140624999 0.2800026265625 0.603808034375
1 0.2905266359375 0.605397903125 0.28761455625 0.6761858859375 0.2971341796875 0.674533184375 0.301184896875 0.5830573859375 0.2907059828125 0.5842969921875001 0.2905266359375 0.605397903125
13 0.30029730625 0.627134934375 0.298342703125 0.6745263453125 0.3060987515625 0.6744460078125 0.30840259375 0.6279810703125001 0.30029730625 0.627134934375
6 0.3117681609375 0.5734780875000001 0.3073888296875 0.675430275 0.3178238578125 0.67457814375 0.3216322828125 0.5751793125 0.3117681609375 0.5734780875000001
5 0.3274024875 0.6709029921874999 0.3315818234375 0.5752673015624999 0.3221444625 0.5789804984375 0.3175296171875 0.6728284999999999 0.3274024875 0.6709029921874999
0 0.32688720312499997 0.6746686609375 0.3304245640625 0.6728652609375 0.338050390625 0.67211426875 0.33944583125 0.613938978125 0.33052223281250004 0.616890015625 0.32688720312499997 0.6746686609375
11 0.3396959453125 0.6721169796875001 0.348014878125 0.670892290625 0.3483772140625 0.6264480046875 0.338905696875 0.6293471515625 0.3396959453125 0.6721169796875001
10 0.3524928515625 0.5456784546875 0.3489564671875 0.6696273453125 0.3686741578125 0.6692472375 0.3702119296875 0.6312781953125 0.3639401265625 0.5432405453125 0.3611211109375 0.53987125625 0.3524928515625 0.5456784546875
7 0.3784359046875 0.6662870359374999 0.3795553109375 0.6391732390625 0.3705784015625 0.6408600234375 0.36935215781249997 0.668347025 0.3784359046875 0.6662870359374999
2 0.3815776265625 0.5786293140625001 0.38065038906250004 0.6311818 0.3790218984375 0.6672696625000001 0.3902697359375 0.6665456171875 0.3932738640625 0.5792308140625 0.3815776265625 0.5786293140625001
3 0.28590769374999997 0.5032793046874999 0.294393859375 0.49969241249999996 0.2947867484375 0.484843265625 0.2827938671875 0.4915244375 0.28590769374999997 0.5032793046874999
14 0.3541291640625 0.36951657656250003 0.35230052343749996 0.43478931093749995 0.362296484375 0.435136315625 0.36532041249999997 0.371428746875 0.3541291640625 0.36951657656250003
15 0.36522649218750003 0.37350492968750004 0.3630140421875 0.43425315937500003 0.374478090625 0.43142820156250006 0.37531741093750004 0.3724632625 0.36522649218750003 0.37350492968750004