12 0.41222222222222227 0.24930555555555553 0.5356944444444445 0.21180555555555552
9 0.4912152777777778 0.3139236111111111 0.4078125 0.1496180555555556
8 0.6553472222222222 0.34229166666666666 0.1058680555555556 0.055451388888888876
16 0.6145138888888889 0.3877083333333333 0.20010416666666658 0.07940972222222217
4 0.6623784722222222 0.41241319444444446 0.11996527777777785 0.05732638888888886
1 0.6341319444444444 0.4536458333333334 0.18902777777777774 0.07291666666666678
13 0.6898090277777778 0.4781770833333333 0.09010416666666679 0.04885416666666664
6 0.6473958333333333 0.5244097222222222 0.1921875 0.07454861111111111
5 0.6473958333333334 0.5595486111111111 0.2047569444444445 0.07795138888888893
0 0.7156944444444445 0.5783333333333334 0.08069444444444436 0.047083333333333324
11 0.7188020833333333 0.6141840277777778 0.09010416666666679 0.04885416666666664
10 0.6669791666666667 0.6621874999999999 0.206388888888889 0.081111111111111
7 0.7477951388888889 0.6799131944444444 0.060277777777777784 0.04194444444444443
2 0.6928124999999999 0.7295486111111111 0.18125 0.07430555555555554
3 0.3443576388888889 0.4921006944444445 0.025590277777777802 0.02711805555555564
14 0.22309027777777776 0.7837152777777778 0.12784722222222228 0.06062499999999993
15 0.23163194444444443 0.8210069444444444 0.12631944444444443 0.062152777777777855