9 0.3420081018518519 0.5191203703703703 0.06715277777777776 0.34496527777777786
14 0.6450520833333334 0.2087326388888889 0.034050925925926026 0.10166666666666666
1 0.48725694444444445 0.5755844907407408 0.04090277777777782 0.21729166666666658
12 0.2683217592592593 0.47958333333333336 0.1027546296296297 0.42025462962962956
4 0.46314814814814814 0.6185648148148148 0.03424768518518526 0.13126157407407407
15 0.6777256944444444 0.20444444444444443 0.03221064814814802 0.09688657407407408
0 0.6101736111111111 0.6388599537037037 0.030729166666666606 0.07188657407407409
2 0.7271585648148149 0.5888078703703703 0.04050925925925917 0.1581018518518519
10 0.6669328703703703 0.53828125 0.04745370370370381 0.2752893518518519
16 0.426875 0.588570601851852 0.041724537037037025 0.20488425925925924
11 0.6421585648148149 0.6361805555555555 0.02935185185185176 0.0749189814814816
13 0.5251099537037037 0.64546875 0.031099537037037096 0.07813657407407408
8 0.40447337962962965 0.6471296296296296 0.03165509259259256 0.08751157407407409
6 0.550630787037037 0.5733969907407408 0.04081018518518516 0.21572916666666658
7 0.7015393518518518 0.6459895833333333 0.0296180555555555 0.053136574074074086
5 0.5738657407407407 0.528900462962963 0.04672453703703709 0.2892592592592592
3 0.4457175925925926 0.37734375 0.024270833333333287 0.015451388888888928