12 0.5258660953125001 0.2337214625 0.6535173390625 0.359219725 0.66246168125 0.3456304265625 0.6844881921875 0.3670555625 0.6973684062500001 0.348427871875 0.5188450625 0.1803867171875 0.507430140625 0.19683030625 0.5303766671875 0.21900641250000003 0.5258660953125001 0.2337214625
9 0.49590992500000003 0.215803421875 0.48767809531250006 0.23140961249999997 0.6357538468749999 0.372285690625 0.64566054375 0.35581096875 0.49590992500000003 0.215803421875
8 0.48105995625000003 0.2406963609375 0.47556751249999996 0.250343946875 0.5141880828125001 0.28850819375 0.5208213374999999 0.2774163015625 0.48105995625000003 0.2406963609375
16 0.47458504687499997 0.2535262203125 0.468676584375 0.264077815625 0.579742575 0.367773284375 0.5854063218750001 0.3579011359375 0.47458504687499997 0.2535262203125
4 0.46713271250000005 0.2672572109375 0.462485259375 0.2758942609375 0.5041539890625 0.3155536765625 0.509911303125 0.304962734375 0.46713271250000005 0.2672572109375
1 0.46093346874999996 0.27931837187499997 0.4558520046875 0.28817806562500003 0.55449 0.3836299484375 0.5615198390625 0.37197376875 0.46093346874999996 0.27931837187499997
13 0.453821578125 0.290831559375 0.44846948593749997 0.301927290625 0.48048199374999995 0.3326819078125 0.48629185 0.321278121875 0.453821578125 0.290831559375
6 0.447026378125 0.30386486874999996 0.44175417968749997 0.3153099203125 0.51840224375 0.3860694359375 0.524412190625 0.37411191875 0.447026378125 0.30386486874999996
5 0.440682465625 0.31715537031249996 0.43576798281249995 0.3265035375 0.5055157640625 0.3943734796875 0.5133258171875 0.38347448125 0.440682465625 0.31715537031249996
0 0.4335748921875 0.3297337953125 0.4286560921875 0.340978275 0.45537480781250006 0.367514171875 0.4621844015625 0.3561487734375 0.4335748921875 0.3297337953125
11 0.45993445 0.3727712578125 0.42784492968750004 0.3434551890625 0.42135130624999995 0.3529914515625 0.451613371875 0.3824284390625 0.45993445 0.3727712578125
10 0.516075278125 0.44288971093749996 0.420658903125 0.356476021875 0.4140119734375 0.36679633749999996 0.509023846875 0.45564183593749996 0.516075278125 0.44288971093749996
7 0.43376346874999994 0.3877766921875 0.41310436250000004 0.3685141515625 0.40746004999999996 0.379153078125 0.4269805046875 0.3984060234375 0.43376346874999994 0.3877766921875
2 0.47671911875 0.445316721875 0.4075766515625 0.3820263359375 0.39996525 0.394246803125 0.46956620156250006 0.4562694625 0.47671911875 0.445316721875
3 0.6085759281249999 0.3977505671875 0.6030734078125 0.40708529843749997 0.6084931578125 0.4135304578125 0.6149068875 0.4063463515625 0.6085759281249999 0.3977505671875
14 0.654169478125 0.578833046875 0.6098909203125 0.5375393078124999 0.602272321875 0.5483932015625 0.647919853125 0.58963031875 0.654169478125 0.578833046875
15 0.6475175109375 0.5931859046875 0.6044524578125 0.5530476125 0.5960716390624999 0.566566515625 0.639095665625 0.605177009375 0.6475175109375 0.5931859046875