12 0.42173032407407407 0.19956597222222222 0.5015856481481482 0.19947916666666665
9 0.47894097222222226 0.27369791666666665 0.41486111111111124 0.15104166666666669
8 0.6533043981481482 0.3075520833333333 0.07578703703703696 0.04803240740740744
16 0.5480439814814815 0.3600115740740741 0.2967245370370371 0.09832175925925926
4 0.6235532407407407 0.3831597222222222 0.1528356481481481 0.060243055555555536
1 0.619386574074074 0.4182291666666667 0.17199074074074083 0.06875
13 0.6641030092592592 0.44649884259259254 0.09133101851851855 0.04704861111111107
6 0.628443287037037 0.48509837962962965 0.17199074074074083 0.06875
5 0.6077083333333333 0.5226851851851851 0.2223958333333334 0.0784143518518519
0 0.6823958333333333 0.5465856481481481 0.08516203703703695 0.04837962962962976
11 0.6860821759259259 0.5811631944444444 0.08516203703703695 0.048379629629629585
10 0.5691030092592593 0.6331886574074075 0.3312615740740741 0.10271990740740726
7 0.7100636574074074 0.6470196759259259 0.06131944444444439 0.039699074074074046
2 0.652986111111111 0.6910879629629629 0.1879398148148148 0.07557870370370381
3 0.3238831018518519 0.4260706018518519 0.0331134259259259 0.037094907407407264
14 0.18586226851851853 0.7027488425925925 0.12775462962962963 0.05775462962962976
15 0.19094907407407408 0.7405092592592594 0.1261921296296296 0.05769675925925917