12 0.5359375 0.21796875 0.4140625 0.0734375
9 0.4984375 0.28828125 0.346875 0.046875
8 0.36171875 0.34140625 0.0796875 0.028125
16 0.4671875 0.37109375 0.290625 0.0265625
4 0.36875 0.40078125 0.0953125 0.0265625
1 0.415625 0.43125 0.1921875 0.0265625
13 0.35625 0.4609375 0.0703125 0.0265625
6 0.415625 0.48984375 0.1921875 0.0265625
5 0.41484375 0.51953125 0.190625 0.028125
0 0.36484375 0.55 0.0875 0.0265625
11 0.353125 0.57890625 0.0671875 0.025
10 0.4078125 0.6109375 0.1734375 0.028125
7 0.3390625 0.640625 0.04375 0.0234375
2 0.39609375 0.671875 0.1546875 0.0296875
3 0.64921875 0.40390625 0.0125 0.0171875
14 0.80703125 0.6234375 0.1046875 0.0265625
15 0.80625 0.65859375 0.1046875 0.03125