12 0.17958333333333334 0.5192129629629629 0.11934027777777781 0.40376157407407404
9 0.2604861111111111 0.4731770833333333 0.07784722222222218 0.41782407407407407
8 0.3213715277777778 0.31128472222222225 0.035069444444444466 0.08709490740740744
16 0.3572916666666667 0.39759837962962963 0.046250000000000034 0.2684606481481482
4 0.3892361111111111 0.34163773148148147 0.039687500000000056 0.15590277777777767
1 0.4252777777777778 0.37786458333333334 0.04267361111111114 0.22309027777777776
13 0.45904513888888887 0.3100983796296296 0.03541666666666661 0.09490740740740744
6 0.49539930555555556 0.35335648148148147 0.045486111111111074 0.18107638888888894
5 0.5293923611111111 0.308275462962963 0.03534722222222229 0.09334490740740745
0 0.5634548611111111 0.2999710648148148 0.034652777777777644 0.07771990740740745
11 0.5980381944444444 0.33859953703703705 0.041180555555555644 0.1543981481481481
10 0.6356944444444445 0.42876157407407406 0.055625000000000036 0.33900462962962974
7 0.6661284722222222 0.28599537037037037 0.03517361111111121 0.054340277777777765
2 0.7050173611111111 0.3510706018518518 0.04562500000000007 0.18420138888888893
3 0.40067708333333335 0.651880787037037 0.031006944444444427 0.030787037037037022
14 0.6601215277777778 0.8199074074074074 0.0389930555555555 0.14027777777777786
15 0.6985069444444445 0.8208333333333332 0.03788194444444457 0.11527777777777785