12 0.5265625 0.25078125 0.44375 0.0765625
9 0.48671875 0.32734375 0.3671875 0.0484375
8 0.46015625 0.38359375 0.3125 0.0296875
16 0.4609375 0.4140625 0.3125 0.028125
4 0.35390625 0.44453125 0.0953125 0.0265625
1 0.38984375 0.47578125 0.1703125 0.025
13 0.34375 0.50703125 0.078125 0.0265625
6 0.390625 0.53828125 0.16875 0.0265625
5 0.34765625 0.56953125 0.084375 0.0265625
0 0.3375 0.6 0.0640625 0.028125
11 0.3765625 0.6296875 0.140625 0.028125
10 0.41640625 0.66015625 0.221875 0.0265625
7 0.328125 0.69140625 0.046875 0.0265625
2 0.3828125 0.721875 0.15625 0.028125
3 0.64140625 0.45 0.015625 0.021875
14 0.79296875 0.6796875 0.1078125 0.028125
15 0.79296875 0.7125 0.1046875 0.0265625