12 0.8096354166666668 0.5308506944444444 0.13634259259259238 0.5197916666666668
9 0.7180555555555556 0.5662847222222223 0.09241898148148149 0.4298263888888888
8 0.6465277777777778 0.7215972222222222 0.04149305555555553 0.10864583333333329
16 0.6129050925925925 0.6568402777777778 0.05543981481481488 0.23229166666666679
4 0.5734953703703705 0.7098263888888889 0.038657407407407265 0.11638888888888896
1 0.5383680555555556 0.6676736111111111 0.04936342592592595 0.19468749999999985
13 0.49800347222222224 0.7159548611111111 0.03616898148148149 0.09135416666666671
6 0.46469907407407407 0.6597916666666667 0.04947916666666678 0.19781250000000003
5 0.426099537037037 0.6503472222222222 0.05 0.21187500000000004
0 0.38940972222222225 0.7135416666666666 0.038831018518518515 0.07892361111111121
11 0.3516782407407407 0.7064583333333333 0.0421875 0.08524305555555553
10 0.31872106481481477 0.63859375 0.05017361111111107 0.21656250000000005
7 0.2778356481481482 0.7149652777777777 0.03344907407407405 0.06006944444444447
2 0.2455729166666667 0.6447743055555556 0.04774305555555554 0.1930902777777778
3 0.5797164351851851 0.3719618055555555 0.027372685185185118 0.022465277777777716
14 0.32025462962962964 0.17416666666666666 0.043634259259259255 0.12430555555555553
15 0.27795138888888893 0.17010416666666667 0.04646990740740744 0.11656249999999999