12 0.54453125 0.16640625 0.4578125 0.078125
9 0.49765625 0.2453125 0.375 0.05
8 0.3875 0.3046875 0.1625 0.028125
16 0.4625 0.3359375 0.3109375 0.0296875
4 0.36171875 0.3703125 0.1078125 0.0265625
1 0.4046875 0.40390625 0.1921875 0.0265625
13 0.3484375 0.4359375 0.08125 0.028125
6 0.40546875 0.46953125 0.1921875 0.028125
5 0.41328125 0.5015625 0.2125 0.0296875
0 0.34296875 0.53515625 0.06875 0.0265625
11 0.34765625 0.5671875 0.0828125 0.0265625
10 0.41796875 0.6 0.2234375 0.028125
7 0.3328125 0.6328125 0.0546875 0.028125
2 0.39140625 0.665625 0.1703125 0.03125
3 0.665625 0.371875 0.015625 0.015625
14 0.83203125 0.6109375 0.109375 0.028125
15 0.834375 0.64765625 0.1078125 0.0328125