12 0.21598379629629633 0.5097453703703704 0.09768518518518512 0.4792476851851852
9 0.29658564814814814 0.5559027777777777 0.06047453703703702 0.39224537037037044
8 0.3538541666666667 0.699849537037037 0.03128472222222225 0.10869212962962962
16 0.3900752314814815 0.6290162037037037 0.0350462962962963 0.257175925925926
4 0.42287037037037034 0.6839178240740742 0.02880787037037038 0.15234953703703696
1 0.45615740740740734 0.6528587962962963 0.032905092592592666 0.21806712962962962
13 0.49119212962962966 0.7148611111111112 0.02951388888888893 0.09458333333333328
6 0.5256886574074073 0.6549189814814815 0.032905092592592666 0.21806712962962962
3 0.4334722222222222 0.3903530092592592 0.02054398148148149 0.016226851851851798
5 0.5600636574074074 0.6559375000000001 0.031296296296296336 0.21489583333333329
0 0.591869212962963 0.7248784722222222 0.029259259259259273 0.07739583333333329
11 0.6274884259259259 0.6946701388888888 0.030185185185185048 0.13989583333333327
10 0.6608275462962963 0.6073379629629629 0.032800925925925914 0.3164583333333333
7 0.69328125 0.7380439814814814 0.030520833333333285 0.05712962962962962
2 0.7285821759259259 0.6765625 0.032326388888888856 0.17900462962962962
14 0.67890625 0.23114583333333333 0.03762731481481474 0.11512731481481478
15 0.7187268518518518 0.23388888888888887 0.037696759259259235 0.11981481481481478