12 0.8458449074074075 0.5818923611111112 0.15575231481481494 0.4970486111111111
9 0.7707581018518518 0.5216493055555556 0.10119212962962969 0.39899305555555564
8 0.7204918981481481 0.3971354166666667 0.052430555555555536 0.16517361111111112
16 0.6783333333333333 0.45086805555555554 0.07140046296296294 0.2858680555555555
4 0.6527835648148148 0.3604861111111111 0.04387731481481474 0.11500000000000003
1 0.6156539351851851 0.38465277777777784 0.05254629629629619 0.17298611111111112
13 0.585306712962963 0.33946180555555555 0.04194444444444443 0.08996527777777778
6 0.5467534722222223 0.37296874999999996 0.05250000000000003 0.1698611111111111
5 0.5103587962962963 0.39402777777777775 0.059537037037036986 0.22312500000000002
0 0.48501736111111116 0.31770833333333337 0.0418287037037036 0.08215277777777778
11 0.4498495370370371 0.3161458333333333 0.0387731481481481 0.08677083333333328
10 0.4071527777777778 0.3862673611111111 0.06443287037037031 0.23729166666666668
7 0.3831192129629629 0.29279513888888886 0.03525462962962962 0.060138888888888874
2 0.34330439814814817 0.34657986111111116 0.05417824074074078 0.17770833333333336
3 0.6184085648148148 0.6760243055555556 0.02849537037037031 0.025624999999999964
14 0.34704282407407405 0.8097916666666667 0.050289351851851814 0.12607638888888886
15 0.3087037037037037 0.8050347222222222 0.047094907407407405 0.12131944444444472