12 0.757969325 0.6353451359375 0.6076845046875 0.72142725 0.6190006703125001 0.7339478749999999 0.59329305 0.7488681796875001 0.6086698984375001 0.76662545 0.811554690625 0.64407156875 0.7979905609375 0.6283532515625 0.771349646875 0.643938484375 0.757969325 0.6353451359375
9 0.7819804453125 0.6118005875 0.7685405828125 0.5993788125 0.5987993546875 0.7005974890625 0.6127222625 0.71487788125 0.7819804453125 0.6118005875
8 0.7609173671875 0.590337234375 0.7526968625 0.5822710078125 0.707038178125 0.6082583921875 0.7164199859375 0.6178377984375001 0.7609173671875 0.590337234375
16 0.7498047640625 0.5804058875 0.74079249375 0.5716784625 0.61539915625 0.6481699562500001 0.6238015453125 0.6564656296875 0.7498047640625 0.5804058875
4 0.738025440625 0.5692755765624999 0.7306072718750001 0.5623129765625 0.6828255609375 0.59079121875 0.6919091468749999 0.59938504375 0.738025440625 0.5692755765624999
1 0.727603090625 0.5598315484375 0.7200621140625 0.5523880218749999 0.605420809375 0.61934631875 0.6152670328125 0.629469790625 0.727603090625 0.5598315484375
13 0.7179142984375 0.5496708124999999 0.708249790625 0.54131940625 0.6712619703125 0.563115309375 0.6811274796875 0.5719951921875001 0.7179142984375 0.5496708124999999
6 0.70667285625 0.5393732046874999 0.6966500046874999 0.5309971734375 0.6108972921875 0.5840174578124999 0.6212596968749999 0.5932498328125 0.70667285625 0.5393732046874999
5 0.6950821265625 0.5294339875 0.687028021875 0.5220090453124999 0.6055980625 0.5692470953125001 0.6145353703125 0.5798995703125 0.6950821265625 0.5294339875
0 0.6843526828125001 0.5189685703125 0.6744486484375 0.5109897296875 0.642731090625 0.52892995625 0.6523414546875 0.53875783125 0.6843526828125001 0.5189685703125
11 0.6366071953125 0.5317802781250001 0.6722077078125 0.5094934421875 0.66431385 0.500498984375 0.6289932140625 0.520997553125 0.6366071953125 0.5317802781250001
10 0.5559452953124999 0.5653123156250001 0.6610635406250001 0.498824503125 0.6524377953125 0.4894556625 0.5450340921875 0.55485040625 0.5559452953124999 0.5653123156250001
7 0.6276596453125001 0.502322325 0.650958765625 0.48808691406250004 0.6418037421875 0.4795875921875 0.6187619093750001 0.4927333921875 0.6276596453125001 0.502322325
2 0.5621456 0.5268514546875 0.6389739484375 0.478866471875 0.6287035859375 0.46802147187500004 0.55301275625 0.5168138375 0.5621456 0.5268514546875
3 0.5798622531250001 0.66714121875 0.571949296875 0.6591560249999999 0.5644785265625 0.6624870781250001 0.5700939921875 0.6707229781249999 0.5798622531250001 0.66714121875
14 0.3931919234375 0.658385003125 0.4431370390625 0.627876765625 0.43420206875 0.6174210437500001 0.3840141453125 0.649259053125 0.3931919234375 0.658385003125
15 0.38063136875 0.6478422609375001 0.4291845046875 0.6181632515625 0.41781435 0.606203665625 0.3707613328125 0.6362862375 0.38063136875 0.6478422609375001