12 0.53203125 0.23671875 0.453125 0.0890625
9 0.48828125 0.31328125 0.3734375 0.0484375
8 0.39140625 0.37265625 0.178125 0.03125
16 0.39609375 0.40625 0.1875 0.03125
4 0.37109375 0.43828125 0.134375 0.028125
1 0.40546875 0.4703125 0.20625 0.0296875
13 0.34140625 0.5046875 0.0796875 0.028125
6 0.40390625 0.53671875 0.2078125 0.028125
5 0.403125 0.56875 0.2078125 0.028125
0 0.334375 0.60078125 0.0703125 0.028125
11 0.33828125 0.634375 0.0765625 0.028125
10 0.39140625 0.66640625 0.1828125 0.03125
7 0.325 0.7 0.053125 0.028125
2 0.38203125 0.7328125 0.165625 0.028125
3 0.653125 0.44296875 0.0171875 0.01875
14 0.81328125 0.6828125 0.1109375 0.03125
15 0.8140625 0.72109375 0.1125 0.0328125