12 0.13901041666666666 0.5674652777777778 0.23322916666666665 0.48694444444444435
9 0.22671875000000002 0.5889351851851852 0.16760416666666664 0.38967592592592587
8 0.33703125 0.7259317129629629 0.04656249999999993 0.06812499999999985
16 0.34880208333333335 0.6554282407407408 0.09250000000000007 0.19690972222222208
4 0.3938020833333334 0.6833506944444444 0.06385416666666668 0.11739583333333332
3 0.29432291666666666 0.3794328703703703 0.02843750000000007 0.029699074074074083
1 0.40703125 0.622957175925926 0.09885416666666665 0.22218750000000007
13 0.4606770833333334 0.674681712962963 0.05614583333333343 0.095150462962963
6 0.47151041666666665 0.6018807870370371 0.10052083333333321 0.22384259259259257
5 0.5037499999999999 0.5913425925925926 0.10062500000000014 0.22540509259259273
0 0.55296875 0.6354861111111111 0.06187499999999986 0.11105324074074083
11 0.5883333333333333 0.6365277777777778 0.05427083333333336 0.09037037037037035
10 0.6027604166666667 0.5705729166666667 0.09124999999999997 0.20150462962962976
7 0.6561458333333333 0.63015625 0.04614583333333329 0.061875000000000034
2 0.6725520833333334 0.55859375 0.09010416666666661 0.1843171296296296
14 0.47302083333333333 0.1421701388888889 0.06552083333333343 0.11905092592592595
15 0.5082291666666666 0.12910300925925927 0.06572916666666657 0.12217592592592594