12 0.55390625 0.15390625 0.4671875 0.0828125
9 0.50859375 0.23203125 0.3859375 0.05
8 0.3515625 0.29140625 0.0796875 0.0328125
16 0.4765625 0.3265625 0.334375 0.0296875
4 0.365625 0.359375 0.1109375 0.03125
1 0.41796875 0.39453125 0.2203125 0.034375
13 0.35078125 0.428125 0.0859375 0.03125
6 0.4171875 0.4609375 0.215625 0.0296875
5 0.4171875 0.49375 0.2203125 0.03125
0 0.346875 0.528125 0.08125 0.028125
11 0.34765625 0.5609375 0.0828125 0.028125
10 0.41015625 0.59609375 0.2015625 0.0328125
7 0.3328125 0.6296875 0.0515625 0.0265625
2 0.3953125 0.66328125 0.171875 0.0328125
3 0.68046875 0.3625 0.0171875 0.0265625
14 0.85234375 0.609375 0.1140625 0.0296875
15 0.8546875 0.64765625 0.11875 0.03125