12 0.19522569444444443 0.5582581018518519 0.2225 0.5166203703703702
9 0.28704861111111113 0.5888599537037037 0.16371527777777778 0.4215972222222222
8 0.3779861111111111 0.7274768518518518 0.05940972222222225 0.1090856481481481
16 0.39696180555555555 0.6352777777777778 0.10760416666666668 0.28150462962962963
4 0.4469270833333333 0.7091261574074075 0.06309027777777772 0.12174768518518526
1 0.4726909722222222 0.6579976851851852 0.087361111111111 0.21186342592592594
13 0.5174479166666667 0.7080844907407408 0.055798611111111104 0.09798611111111111
6 0.54125 0.6482407407407408 0.08878472222222236 0.20881944444444436
5 0.578888888888889 0.6470601851851852 0.08027777777777771 0.19278935185185198
0 0.6237152777777778 0.6955844907407408 0.050416666666666644 0.08211805555555554
11 0.6494097222222223 0.6460185185185185 0.07618055555555543 0.17075231481481482
10 0.6753472222222222 0.5909837962962963 0.10562500000000004 0.27204861111111106
7 0.7283159722222222 0.6853472222222223 0.04354166666666668 0.06773148148148138
2 0.7516493055555555 0.618431712962963 0.08163194444444458 0.18818287037037038
14 0.6085243055555555 0.17406828703703703 0.06656249999999986 0.1297222222222222
15 0.6464756944444444 0.1658564814814815 0.06621527777777772 0.12190972222222225
3 0.3860590277777778 0.3872685185185185 0.04065972222222225 0.037962962962962976