12 0.77330849375 0.17741810156249999 0.27521306874999996 0.1621685609375 0.2694251328125 0.24784435 0.772497003125 0.2692575171875 0.77330849375 0.17741810156249999
9 0.6817210796875 0.28446544375 0.26811079531250004 0.2675189390625 0.26742761718749997 0.321687640625 0.6804344875 0.3386433921875 0.6817210796875 0.28446544375
8 0.3707296203125 0.34329501093750003 0.2672230109375 0.339725378125 0.2660057765625 0.372596509375 0.3683350296875 0.375271421875 0.3707296203125 0.34329501093750003
16 0.6160786578125 0.3894412875 0.265581534375 0.379099990625 0.2656526265625 0.41109258437499996 0.6237657249999999 0.42066631875000005 0.6160786578125 0.3894412875
4 0.3758031671875 0.4172677703125 0.26455965937500003 0.4148910984375 0.26419726250000003 0.44338341875 0.3748130796875 0.4494961828125 0.3758031671875 0.4172677703125
1 0.4848462890625 0.4516023578125 0.26455965937500003 0.44862689375000003 0.26338750625 0.480145540625 0.48408161562499996 0.490426728125 0.4848462890625 0.4516023578125
13 0.35208268593750003 0.48767552187499996 0.26411576718749996 0.48650568125 0.26536768125 0.5189606640625 0.350213484375 0.5219592468750001 0.35208268593750003 0.48767552187499996
6 0.485068234375 0.5273206312500001 0.263671875 0.5214251890625 0.26204542656249996 0.551230690625 0.485068234375 0.5589733703124999 0.485068234375 0.5273206312500001
5 0.473093553125 0.5646306812499999 0.26322798281250004 0.558712121875 0.26197086718749996 0.587107340625 0.46643690624999995 0.5916896015625001 0.473093553125 0.5646306812499999
0 0.342128059375 0.59665333125 0.26189630625000004 0.5924479171875 0.2609426328125 0.625166459375 0.3353916515625 0.6272102125 0.342128059375 0.59665333125
11 0.42809573125 0.6335772890625 0.26145241406249997 0.6303267046875 0.2619205828125 0.661503184375 0.4277194625 0.6642960062500001 0.42809573125 0.6335772890625
10 0.514715040625 0.6689799921875 0.26145241406249997 0.6658380687500001 0.259638371875 0.696556784375 0.5134163093749999 0.7038971875 0.514715040625 0.6689799921875
7 0.31045360781250003 0.7032475328125 0.25949272031250004 0.7019412875000001 0.2600944015625 0.7326183890625 0.309264115625 0.734463315625 0.31045360781250003 0.7032475328125
2 0.44091798750000005 0.737522009375 0.2586049359375 0.7374526515625 0.256990625 0.7711005937500001 0.43727321874999997 0.77284379375 0.44091798750000005 0.737522009375
3 0.66321633125 0.43448014687500003 0.6449751421875 0.4326467796875 0.6440127984374999 0.45798561718749997 0.6596634609375001 0.4628614953125 0.66321633125 0.43448014687500003
14 0.8905532140625001 0.6981728296874999 0.7643821015625 0.6942471593749999 0.7658680999999999 0.729707659375 0.88693965625 0.7336610734375 0.8905532140625001 0.6981728296874999
15 0.8882019734375 0.7392097234375 0.7670454546875 0.7356770828125 0.766462846875 0.7709942437499999 0.8866726265624999 0.7715560453125 0.8882019734375 0.7392097234375