5 0.421875 0.5421875 0.215625 0.03125
6 0.41328125 0.51015625 0.1921875 0.03125
10 0.4359375 0.63515625 0.2421875 0.0296875
2 0.40234375 0.6921875 0.178125 0.0328125
14 0.76953125 0.6390625 0.10625 0.025
4 0.3859375 0.42109375 0.1484375 0.028125
12 0.5109375 0.225 0.4359375 0.0828125
1 0.415625 0.44921875 0.2 0.0296875
15 0.77109375 0.66484375 0.103125 0.0234375
16 0.47265625 0.38671875 0.3234375 0.03125
0 0.35078125 0.5703125 0.075 0.028125
9 0.46796875 0.30078125 0.3671875 0.0515625
11 0.38828125 0.59765625 0.159375 0.028125
13 0.35390625 0.48203125 0.0859375 0.0265625
7 0.3375 0.6625 0.0546875 0.0265625
8 0.4296875 0.35546875 0.2421875 0.0296875
3 0.6203125 0.421875 0.015625 0.0171875