12 0.53046875 0.1954976851851852 0.4714236111111111 0.179375
9 0.5601736111111111 0.28301504629629626 0.3897222222222222 0.13170138888888888
8 0.7149131944444445 0.3676099537037037 0.06288194444444457 0.04555555555555557
16 0.5785069444444444 0.3786921296296296 0.3256944444444443 0.09547453703703698
4 0.6643576388888889 0.42699652777777775 0.14461805555555554 0.05890046296296294
1 0.6240277777777777 0.4524421296296296 0.2156944444444445 0.07817129629629634
13 0.6823263888888889 0.49686921296296294 0.09107638888888889 0.047951388888888856
6 0.6151909722222222 0.5176331018518519 0.215625 0.07660879629629633
5 0.6103993055555555 0.550630787037037 0.2139930555555555 0.075
0 0.6733854166666667 0.5949189814814815 0.08489583333333321 0.0493287037037037
11 0.6284027777777779 0.6212847222222222 0.16052083333333336 0.06561342592592592
10 0.5716319444444444 0.6464351851851852 0.2660416666666666 0.08746527777777775
7 0.6708333333333334 0.6959085648148149 0.05947916666666657 0.03921296296296291
2 0.6084548611111111 0.7180960648148148 0.17635416666666667 0.07076388888888889
3 0.3759895833333333 0.38078124999999996 0.024548611111111108 0.025694444444444464
14 0.17581597222222223 0.5940162037037038 0.11635416666666668 0.05494212962962948
15 0.16800347222222223 0.6294502314814815 0.11309027777777776 0.051724537037036986