12 0.7201332703125 0.140141846875 0.230663115625 0.20796418593750002 0.24426762812499997 0.29341141249999997 0.7399788593750001 0.23083914062500002 0.7201332703125 0.140141846875
9 0.6548167796875 0.2609364609375 0.247406215625 0.3130310515625 0.258911940625 0.366560134375 0.6657357687500001 0.3145750421875 0.6548167796875 0.2609364609375
8 0.364569865625 0.3706824046875 0.2627655859375 0.3843810765625 0.26896434999999996 0.41699759375 0.3694187078125 0.40261250000000004 0.364569865625 0.3706824046875
16 0.61435201875 0.3753723484375 0.270011784375 0.42348121250000004 0.2772702875 0.45501709218749997 0.6288697359375 0.404884396875 0.61435201875 0.3753723484375
4 0.38614323906250003 0.44278249843750006 0.2770573375 0.45894460156249994 0.28310628437499996 0.4871009953125 0.39241922812499996 0.4747274484375 0.38614323906250003 0.44278249843750006
1 0.5002633328125 0.45849994687500006 0.2846381859375 0.49221126875000004 0.2905770203125 0.5234866109375 0.5082414749999999 0.49691163281249995 0.5002633328125 0.45849994687500006
13 0.378818190625 0.5161571421875 0.2927168625 0.529637159375 0.3012315171875 0.5614325625000001 0.384698190625 0.55027506875 0.378818190625 0.5161571421875
6 0.517494734375 0.5331283640625 0.300130553125 0.5641449203125 0.305241121875 0.5938065124999999 0.52460749375 0.564340940625 0.517494734375 0.5331283640625
5 0.5141938203125 0.5719116093750001 0.3080762328125 0.6009871859375 0.3132302890625 0.629196665625 0.5137787125 0.5997016046875 0.5141938203125 0.5719116093750001
0 0.39359308125000003 0.625275496875 0.31435762500000003 0.6344753796875 0.3207792859375 0.6668975859375 0.393886175 0.656528078125 0.39359308125000003 0.625275496875
11 0.4857779265625 0.647384984375 0.322436303125 0.6719012703125 0.32989888125 0.702566328125 0.49231363593750005 0.677739121875 0.4857779265625 0.647384984375
10 0.578256796875 0.667885971875 0.3304161421875 0.7069188125 0.33554886562499997 0.7375121265625 0.5848358140625 0.7025336578125 0.578256796875 0.667885971875
7 0.386638059375 0.7356565515625 0.33661670312499997 0.7428459843749999 0.34409734687500004 0.7729963984375 0.3924919171875 0.766636125 0.386638059375 0.7356565515625
2 0.5216475890625001 0.7477512281250001 0.3437302390625 0.7780112140625 0.3497160953125 0.8114597953124999 0.5260282484375 0.7831881484375 0.5216475890625001 0.7477512281250001
3 0.670469921875 0.411943390625 0.6522581203125 0.41317000156250006 0.6570130109375001 0.438316565625 0.67338065625 0.4405211015625 0.670469921875 0.411943390625
14 0.9515610953125 0.63415093125 0.8275607015625001 0.6512688328125 0.8369791546875 0.6859890203125001 0.9560096171874999 0.669746803125 0.9515610953125 0.63415093125
15 0.9584882390624999 0.675008303125 0.8394694234375001 0.6916795765625 0.8468371125 0.726602534375 0.9642645125 0.70715923125 0.9584882390624999 0.675008303125