12 0.44406249999999997 0.26938657407407407 0.47086805555555566 0.1933101851851852
9 0.5042013888888889 0.3354456018518518 0.3869097222222223 0.1368402777777778
8 0.6464236111111111 0.36378472222222225 0.11986111111111111 0.05703703703703704
16 0.5498611111111111 0.4187905092592592 0.3315625000000001 0.10391203703703696
4 0.6455555555555555 0.4303298611111111 0.14489583333333336 0.06008101851851855
1 0.6385416666666666 0.46673032407407417 0.17315972222222237 0.06799768518518512
13 0.6875347222222222 0.4888599537037037 0.08687499999999986 0.04728009259259256
6 0.6493402777777778 0.5302372685185185 0.17156249999999992 0.06634259259259263
5 0.6944270833333334 0.5525983796296297 0.09781250000000004 0.04792824074074069
0 0.7099826388888889 0.58375 0.07746527777777779 0.0451620370370371
11 0.7153819444444445 0.6155034722222222 0.07746527777777779 0.0451620370370371
10 0.6063888888888889 0.6743750000000001 0.3127777777777778 0.10123842592592602
7 0.7409722222222221 0.675787037037037 0.057048611111111217 0.039270833333333324
2 0.6880381944444445 0.7227314814814815 0.17475694444444442 0.06965277777777779
3 0.3599652777777778 0.49810185185185185 0.028784722222222215 0.03135416666666675
14 0.2478125 0.7668113425925925 0.11663194444444444 0.052164351851851976
15 0.25484375 0.8015972222222223 0.10881944444444444 0.051701388888889