12 0.53125 0.2078125 0.4453125 0.0765625
9 0.48671875 0.2828125 0.365625 0.046875
8 0.3375 0.340625 0.0765625 0.03125
16 0.46015625 0.3734375 0.31875 0.0296875
4 0.3515625 0.40546875 0.103125 0.0296875
1 0.40234375 0.43671875 0.203125 0.0265625
13 0.340625 0.4703125 0.08125 0.0265625
6 0.40078125 0.5015625 0.203125 0.028125
5 0.34375 0.53359375 0.0921875 0.0265625
0 0.34609375 0.56484375 0.0984375 0.028125
11 0.371875 0.59609375 0.15 0.028125
10 0.390625 0.63046875 0.1859375 0.0296875
7 0.32109375 0.66171875 0.046875 0.0265625
2 0.378125 0.69453125 0.165625 0.03125
3 0.65 0.40703125 0.015625 0.0203125
14 0.81484375 0.6421875 0.1078125 0.028125
15 0.81640625 0.6796875 0.1109375 0.03125