12 0.46624999999999994 0.20694444444444446 0.49750000000000016 0.20763888888888893
9 0.4401562500000001 0.29529513888888886 0.38874999999999993 0.14437499999999998
8 0.3040625 0.3835416666666667 0.07156250000000001 0.04371527777777775
16 0.4180208333333333 0.39621527777777776 0.2842708333333334 0.0983680555555555
4 0.3594791666666667 0.4425 0.14614583333333328 0.06253472222222226
1 0.38093750000000004 0.47184027777777776 0.16843749999999993 0.06927083333333321
13 0.35244791666666664 0.5125520833333332 0.08885416666666668 0.04565972222222214
6 0.39932291666666664 0.5369965277777778 0.17010416666666667 0.07086805555555564
5 0.4346875 0.5643055555555556 0.22062500000000007 0.07979166666666657
0 0.37453125 0.6097743055555556 0.08104166666666668 0.045486111111111074
11 0.42458333333333337 0.6350694444444445 0.15874999999999986 0.06437500000000007
10 0.47145833333333337 0.659513888888889 0.23666666666666672 0.08638888888888889
7 0.39057291666666666 0.7099826388888889 0.05395833333333337 0.03708333333333336
2 0.45828125000000003 0.7309895833333334 0.17312499999999992 0.06937500000000014
3 0.6359375 0.3885763888888889 0.016874999999999928 0.01909722222222223
14 0.8634895833333334 0.5956770833333334 0.11750000000000008 0.05409722222222228
15 0.874375 0.6302430555555556 0.11760416666666665 0.055659722222222284