5 0.47822916666666665 0.3681770833333333 0.040625 0.16538194444444443
6 0.5047395833333332 0.37796874999999996 0.041562499999999857 0.17944444444444443
14 0.42307291666666663 0.7044270833333334 0.029583333333333427 0.09322916666666678
11 0.42072916666666665 0.3284201388888889 0.029895833333333323 0.07454861111111111
12 0.7740625 0.4568923611111111 0.10583333333333336 0.39572916666666663
2 0.3422395833333333 0.3734375 0.043333333333333356 0.15927083333333325
7 0.36416666666666664 0.31447916666666664 0.02802083333333334 0.04642361111111111
13 0.5302083333333334 0.3251215277777778 0.030208333333333216 0.0792361111111111
15 0.3972916666666667 0.7055729166666667 0.027812500000000018 0.09003472222222228
1 0.5619791666666666 0.3550520833333334 0.03895833333333343 0.14038194444444443
0 0.45057291666666666 0.32944444444444443 0.031770833333333214 0.0793055555555556
9 0.69984375 0.41317708333333336 0.06791666666666671 0.31770833333333337
10 0.40140624999999996 0.4029340277777777 0.04583333333333339 0.22013888888888894
4 0.5862499999999999 0.33125 0.0328125 0.0949305555555556
16 0.6227083333333333 0.44324652777777784 0.0591666666666665 0.32666666666666655
8 0.6480208333333334 0.38805555555555554 0.04916666666666671 0.22340277777777776
3 0.6057291666666667 0.564670138888889 0.028125 0.024618055555555428