12 0.818431712962963 0.5676041666666667 0.2090162037037036 0.47407407407407404
9 0.7586342592592592 0.5064178240740741 0.15651620370370373 0.3867361111111112
8 0.7428587962962963 0.3544965277777778 0.0561805555555555 0.10627314814814817
16 0.6799016203703704 0.4525925925925926 0.11872685185185183 0.32210648148148147
4 0.6792361111111112 0.34344907407407405 0.058113425925925985 0.11886574074074074
1 0.6368576388888888 0.37871527777777775 0.08230324074074069 0.198287037037037
13 0.6199594907407407 0.3173263888888889 0.052592592592592524 0.09046296296296301
6 0.5733043981481482 0.3653240740740741 0.08230324074074069 0.198287037037037
5 0.539826388888889 0.3634085648148148 0.087361111111111 0.21106481481481473
0 0.5244212962962964 0.3042708333333334 0.0546180555555555 0.1061805555555555
11 0.49689814814814814 0.285625 0.046111111111111214 0.08228009259259253
10 0.46004050925925927 0.2924884259259259 0.05622685185185183 0.10783564814814817
7 0.4368865740740741 0.25798611111111114 0.04063657407407391 0.05543981481481479
2 0.3893344907407407 0.3099363425925926 0.07843749999999998 0.17310185185185184
3 0.5869618055555555 0.6413715277777777 0.0256018518518518 0.021793981481481595
14 0.3082870370370371 0.7553703703703704 0.06119212962962965 0.11748842592592582
15 0.27026041666666667 0.7490451388888889 0.06105324074074074 0.1128009259259258