12 0.521875 0.15703125 0.4859375 0.090625
9 0.47265625 0.23828125 0.39375 0.0484375
8 0.35625 0.3015625 0.1609375 0.03125
16 0.415625 0.3375 0.2828125 0.0328125
4 0.32890625 0.371875 0.1109375 0.028125
1 0.35859375 0.40625 0.16875 0.0296875
13 0.31796875 0.44140625 0.0859375 0.0296875
6 0.35703125 0.47578125 0.165625 0.0296875
5 0.3828125 0.509375 0.2203125 0.0296875
0 0.3109375 0.54296875 0.078125 0.03125
11 0.3140625 0.578125 0.0828125 0.028125
10 0.390625 0.6125 0.234375 0.0328125
7 0.30078125 0.64609375 0.05625 0.028125
2 0.36015625 0.68046875 0.1734375 0.03125
3 0.6484375 0.37265625 0.021875 0.025
14 0.8203125 0.6265625 0.121875 0.034375
15 0.82109375 0.66484375 0.1171875 0.03125