12 0.54609375 0.17890625 0.459375 0.078125
9 0.5 0.25703125 0.375 0.0453125
8 0.3640625 0.3125 0.1140625 0.0296875
16 0.46953125 0.3484375 0.3265625 0.0296875
4 0.3578125 0.3796875 0.1078125 0.0265625
1 0.41015625 0.4125 0.2125 0.0296875
13 0.34453125 0.44453125 0.0828125 0.028125
6 0.40859375 0.47734375 0.2078125 0.0296875
5 0.4078125 0.5109375 0.2078125 0.0296875
0 0.33828125 0.54296875 0.071875 0.0265625
11 0.3796875 0.575 0.1546875 0.03125
10 0.42265625 0.61015625 0.240625 0.028125
7 0.325 0.64296875 0.046875 0.0265625
2 0.3859375 0.67734375 0.1703125 0.034375
3 0.66796875 0.384375 0.0171875 0.0234375
14 0.83984375 0.63046875 0.1125 0.028125
15 0.83828125 0.6671875 0.1109375 0.028125