12 0.52578125 0.14453125 0.4578125 0.0796875
9 0.4796875 0.22109375 0.378125 0.0484375
8 0.33671875 0.28046875 0.1 0.028125
16 0.44375 0.31328125 0.31875 0.028125
4 0.3390625 0.34609375 0.1125 0.0265625
1 0.38125 0.37734375 0.19375 0.028125
13 0.32578125 0.41171875 0.0828125 0.0296875
6 0.38125 0.44375 0.19375 0.028125
5 0.38671875 0.47734375 0.20625 0.028125
0 0.3328125 0.509375 0.1 0.0265625
11 0.3203125 0.54140625 0.075 0.025
10 0.334375 0.57578125 0.1015625 0.028125
7 0.30546875 0.60859375 0.046875 0.028125
2 0.365625 0.640625 0.165625 0.03125
3 0.64375 0.35078125 0.015625 0.021875
14 0.809375 0.59140625 0.1109375 0.0296875
15 0.8109375 0.63125 0.1046875 0.03125