12 0.835162037037037 0.4850231481481481 0.16766203703703725 0.49444444444444446
9 0.7494791666666667 0.5238541666666666 0.12015046296296301 0.4060763888888889
8 0.6667418981481481 0.6438136574074074 0.05425925925925927 0.1558796296296297
16 0.6510706018518518 0.5328645833333333 0.0948611111111111 0.3657175925925927
4 0.5964988425925926 0.6568344907407407 0.04613425925925938 0.11328703703703695
1 0.5756770833333333 0.5891377314814814 0.06894675925925924 0.2409837962962964
13 0.5285358796296296 0.6611400462962963 0.04282407407407405 0.08812499999999997
6 0.5076215277777778 0.580943287037037 0.07363425925925923 0.24122685185185197
5 0.4695138888888889 0.6063657407407408 0.062280092592592595 0.18440972222222224
0 0.4284664351851852 0.6569502314814815 0.04116898148148138 0.07554398148148138
11 0.40077546296296296 0.6114930555555556 0.05428240740740744 0.1590046296296297
10 0.3722858796296296 0.5637326388888889 0.07212962962962965 0.2489583333333334
7 0.32453125 0.658431712962963 0.03631944444444439 0.05342592592592581
2 0.29903356481481486 0.5925405092592593 0.06224537037037035 0.17972222222222226
3 0.6441724537037038 0.3401793981481481 0.020428240740740834 0.01667824074074069
14 0.4230266203703704 0.13359375 0.04774305555555554 0.11961805555555553
15 0.386255787037037 0.1284664351851852 0.04931712962962962 0.12126157407407408