12 0.5632523148148147 0.1716666666666667 0.4940393518518517 0.1561111111111111
9 0.5114293981481481 0.2465798611111111 0.4112268518518519 0.11031250000000004
8 0.35923032407407407 0.28583333333333333 0.11880787037037041 0.048958333333333305
16 0.4695891203703703 0.33831597222222226 0.34467592592592594 0.08239583333333336
4 0.3689236111111111 0.35802083333333334 0.15173611111111115 0.05354166666666664
3 0.6811342592592593 0.4062152777777778 0.021238425925925952 0.025902777777777785
1 0.39609375 0.3966666666666666 0.20972222222222214 0.06079861111111109
13 0.331568287037037 0.4234375 0.08744212962962958 0.04444444444444447
6 0.38935185185185184 0.46734375000000006 0.20821759259259265 0.062291666666666676
5 0.3976851851851852 0.5028124999999999 0.230150462962963 0.06482638888888878
0 0.3197337962962963 0.5250868055555555 0.08107638888888893 0.04104166666666664
11 0.31866319444444446 0.5593576388888889 0.08258101851851851 0.039548611111111145
10 0.4416087962962963 0.6147395833333333 0.33373842592592595 0.08190972222222222
7 0.2993923611111111 0.6286979166666666 0.055902777777777767 0.035243055555555534
2 0.35951967592592593 0.6727083333333332 0.18315972222222215 0.05961805555555557
14 0.84140625 0.6902256944444444 0.11869212962962976 0.04583333333333321
15 0.8421296296296296 0.7308159722222223 0.1174768518518519 0.05513888888888889