5 0.4453125 0.5375 0.175 0.028125
6 0.4546875 0.50703125 0.1921875 0.028125
2 0.440625 0.6703125 0.1609375 0.03125
11 0.39609375 0.5890625 0.071875 0.0234375
8 0.4125 0.37109375 0.1046875 0.028125
10 0.4953125 0.61484375 0.2765625 0.03125
0 0.3953125 0.5609375 0.0703125 0.025
7 0.3828125 0.6421875 0.046875 0.0234375
4 0.42890625 0.42734375 0.1265625 0.025
15 0.77734375 0.6546875 0.08125 0.021875
1 0.4625 0.45390625 0.1875 0.0296875
16 0.50859375 0.39609375 0.3046875 0.0296875
14 0.7734375 0.62890625 0.0828125 0.021875
12 0.5640625 0.2515625 0.434375 0.0828125
13 0.4015625 0.48203125 0.0796875 0.0234375
9 0.50234375 0.3171875 0.3125 0.04375
3 0.63671875 0.4328125 0.0140625 0.0203125