5 0.5255787037037037 0.3710069444444445 0.0493287037037037 0.1666666666666666
6 0.5019212962962963 0.3863715277777778 0.05109953703703703 0.18076388888888886
14 0.6442939814814814 0.6870138888888888 0.03420138888888893 0.09447916666666671
11 0.5755266203703704 0.3206944444444445 0.033923611111111106 0.07572916666666671
12 0.2516203703703704 0.5176736111111111 0.1261921296296296 0.3995486111111111
2 0.6602430555555555 0.34848958333333335 0.05082175925925938 0.16201388888888885
7 0.6282175925925926 0.29609375 0.02884259259259263 0.04906249999999997
13 0.46668981481481475 0.3395138888888889 0.03399305555555543 0.08041666666666672
15 0.6701215277777778 0.6833159722222222 0.0325925925925926 0.09131944444444429
1 0.4411689814814815 0.3752256944444444 0.04583333333333339 0.1415972222222223
0 0.5457581018518518 0.32682291666666663 0.03557870370370377 0.08201388888888887
9 0.3165162037037037 0.45999999999999996 0.08284722222222225 0.3204861111111111
10 0.608101851851852 0.38869791666666664 0.057951388888889 0.22152777777777785
4 0.41255208333333326 0.3563368055555556 0.03737268518518526 0.09767361111111113
16 0.3975347222222222 0.47381944444444446 0.0751504629629629 0.328125
8 0.3623263888888889 0.4253993055555556 0.061122685185185155 0.22472222222222235
3 0.4380208333333334 0.5877256944444444 0.030081018518518476 0.027222222222222214