12 0.52578125 0.2875 0.459375 0.0875
9 0.48046875 0.36640625 0.38125 0.0484375
8 0.34765625 0.4265625 0.115625 0.0296875
16 0.45234375 0.45859375 0.3296875 0.028125
4 0.36171875 0.4921875 0.140625 0.028125
1 0.375 0.52578125 0.16875 0.0296875
13 0.33203125 0.55859375 0.0828125 0.028125
6 0.37734375 0.590625 0.16875 0.028125
5 0.3375 0.6234375 0.09375 0.0265625
0 0.32890625 0.65703125 0.0734375 0.028125
11 0.3296875 0.68984375 0.0734375 0.028125
10 0.446875 0.721875 0.3109375 0.0296875
7 0.31640625 0.7546875 0.0515625 0.028125
2 0.37734375 0.78828125 0.1703125 0.0296875
3 0.65234375 0.4921875 0.0234375 0.0265625
14 0.8140625 0.7296875 0.1125 0.0265625
15 0.8140625 0.76484375 0.1046875 0.028125