12 0.1358564814814815 0.5930208333333333 0.16701388888888888 0.47895833333333326
9 0.20778935185185182 0.5430208333333333 0.11943287037037038 0.39937500000000004
8 0.2512962962962963 0.395625 0.04864583333333332 0.11552083333333343
16 0.29824074074074075 0.5020833333333334 0.08954861111111115 0.3381250000000001
4 0.31912615740740746 0.40484375000000006 0.0543981481481481 0.15177083333333333
1 0.3565509259259259 0.43630208333333337 0.06737268518518516 0.22124999999999986
13 0.3828298611111111 0.3683854166666667 0.04160879629629619 0.0885416666666667
6 0.4233275462962963 0.42822916666666666 0.06723379629629633 0.21656250000000005
5 0.457037037037037 0.4265625 0.06888888888888882 0.2197916666666666
0 0.48193865740740743 0.3522916666666666 0.03967592592592588 0.07593750000000003
11 0.5199131944444444 0.3916145833333333 0.05789351851851841 0.16447916666666665
10 0.5600694444444445 0.43656249999999996 0.07482638888888893 0.2622916666666667
7 0.5804513888888889 0.32989583333333333 0.03429398148148159 0.05218749999999996
2 0.6217534722222222 0.3890104166666667 0.06148148148148138 0.18031250000000004
3 0.3596643518518518 0.7010937500000001 0.01925925925925931 0.01843749999999993
14 0.6291435185185185 0.8529166666666667 0.047222222222222145 0.1201041666666665
15 0.6652893518518519 0.84828125 0.04873842592592599 0.11864583333333342