12 0.3986400462962963 0.15428819444444444 0.47858796296296297 0.14958333333333335
9 0.44988425925925923 0.22496527777777775 0.39265046296296297 0.10552083333333329
8 0.6116898148148148 0.2611805555555556 0.084375 0.04402777777777782
16 0.49030671296296297 0.31383680555555554 0.33854166666666663 0.07777777777777777
4 0.6036747685185185 0.33005208333333336 0.11574074074074084 0.047847222222222284
1 0.5544849537037038 0.3725173611111111 0.22569444444444448 0.06590277777777782
13 0.6238715277777778 0.3959548611111111 0.090625 0.044166666666666646
6 0.5606481481481481 0.4379513888888889 0.21927083333333322 0.06107638888888882
5 0.5633391203703704 0.47067708333333336 0.22401620370370381 0.06274305555555557
0 0.6366030092592593 0.4948090277777778 0.08576388888888893 0.03937500000000007
11 0.6385127314814815 0.5275520833333334 0.08732638888888893 0.039409722222222145
10 0.5791377314814815 0.5710243055555555 0.20682870370370382 0.062361111111111
7 0.6594907407407407 0.5934375 0.05590277777777786 0.03402777777777786
2 0.599392361111111 0.6353645833333333 0.17696759259259273 0.05701388888888879
3 0.2896412037037037 0.37840277777777775 0.021354166666666608 0.028576388888888894
14 0.13914930555555555 0.6479340277777779 0.11880787037037037 0.046354166666666786
15 0.1400752314814815 0.6861631944444444 0.12355324074074074 0.04802083333333336