12 0.8738368055555557 0.4610879629629629 0.148298611111111 0.4909375000000001
9 0.7980729166666667 0.5130555555555556 0.10250000000000022 0.40906249999999994
8 0.7556597222222222 0.6654513888888889 0.045763888888888896 0.11622685185185197
16 0.7054861111111111 0.5554050925925926 0.07614583333333336 0.3430902777777778
4 0.6841840277777778 0.6558043981481482 0.05034722222222214 0.14908564814814812
3 0.6406770833333333 0.34442708333333333 0.025833333333333285 0.0191203703703704
1 0.6455034722222223 0.6286863425925926 0.056111111111111 0.20850694444444445
13 0.6179513888888889 0.6938599537037037 0.04444444444444447 0.0865393518518518
6 0.5755729166666667 0.6362384259259259 0.05760416666666668 0.20696759259259245
5 0.5400694444444445 0.6279050925925926 0.061701388888888965 0.22888888888888897
0 0.515451388888889 0.706394675925926 0.039409722222222145 0.07865740740740748
11 0.48114583333333333 0.7074479166666666 0.03791666666666664 0.08019675925925931
10 0.4280729166666667 0.5848668981481482 0.07565972222222221 0.3321527777777778
7 0.41173611111111114 0.7267187500000001 0.03517361111111104 0.053611111111111144
2 0.36850694444444443 0.6675231481481482 0.05642361111111107 0.18040509259259263
14 0.3595833333333333 0.18567708333333335 0.04270833333333339 0.11774305555555556
15 0.3189236111111111 0.1842939814814815 0.053576388888888896 0.11634259259259258