12 0.5448611111111111 0.15766203703703702 0.47076388888888887 0.19278935185185184
9 0.5753125000000001 0.24476851851851852 0.3827430555555555 0.1446412037037037
8 0.67125 0.3277777777777778 0.167048611111111 0.06961805555555553
16 0.5913368055555555 0.3414699074074074 0.3140277777777779 0.10927083333333334
4 0.6837500000000001 0.39795138888888887 0.11322916666666671 0.05320601851851858
1 0.6347222222222222 0.42056712962962967 0.1953819444444445 0.07472222222222218
13 0.6835763888888888 0.4644039351851852 0.0880208333333334 0.04814814814814809
6 0.6211284722222222 0.4840914351851852 0.197013888888889 0.07630787037037053
5 0.6068229166666667 0.5140104166666667 0.21760416666666665 0.08285879629629633
0 0.6691666666666667 0.562337962962963 0.07531250000000007 0.04327546296296312
11 0.6580208333333333 0.5929918981481481 0.08951388888888889 0.04660879629629626
10 0.5828993055555556 0.6089583333333334 0.22704861111111113 0.08456018518518515
7 0.6602256944444445 0.6601909722222222 0.06118055555555557 0.04150462962962962
2 0.5961458333333333 0.6783391203703705 0.1766319444444445 0.07444444444444435
3 0.38524305555555555 0.33045138888888886 0.019583333333333286 0.01902777777777782
14 0.17421875 0.5251099537037037 0.11486111111111112 0.05479166666666675
15 0.16484375 0.5604282407407407 0.11506944444444445 0.05947916666666657