12 0.8532118055555555 0.5393576388888889 0.20124999999999993 0.48236111111111113
9 0.7635763888888889 0.5671180555555556 0.1478472222222223 0.3984027777777778
8 0.6679340277777778 0.6894965277777778 0.05725694444444436 0.11684027777777786
16 0.6626909722222223 0.574045138888889 0.11368055555555542 0.33673611111111124
4 0.6025694444444445 0.6792361111111112 0.05559027777777779 0.11211805555555561
1 0.5851909722222223 0.6179340277777777 0.08305555555555558 0.22361111111111107
13 0.5322916666666666 0.6792361111111112 0.05038194444444457 0.08857638888888886
6 0.5183159722222223 0.6053645833333333 0.08461805555555557 0.22364583333333332
5 0.48647569444444444 0.597482638888889 0.08468750000000007 0.2267708333333335
0 0.4377083333333333 0.6485416666666667 0.05395833333333329 0.10895833333333335
11 0.4009027777777778 0.6532638888888889 0.04559027777777782 0.08378472222222229
10 0.39666666666666667 0.5276388888888889 0.11493055555555554 0.32270833333333326
7 0.3313888888888889 0.6540277777777778 0.04031249999999993 0.05711805555555553
2 0.31414930555555554 0.5864756944444445 0.07267361111111104 0.17809027777777775
3 0.6821875000000001 0.3643402777777778 0.038263888888888785 0.035208333333333376
14 0.48159722222222223 0.14937499999999998 0.05888888888888886 0.12000000000000002
15 0.4458854166666667 0.14001736111111113 0.05878472222222229 0.11531250000000001