12 0.45337962962962963 0.23479166666666665 0.48703703703703705 0.18686342592592595
9 0.5130266203703704 0.3067534722222222 0.39564814814814825 0.13395833333333335
8 0.6642708333333334 0.34023726851851854 0.1116782407407408 0.05164351851851849
16 0.6017071759259259 0.38773726851851853 0.2589930555555554 0.08350694444444447
4 0.661417824074074 0.41127314814814814 0.15393518518518512 0.056956018518518545
1 0.6362037037037037 0.4491724537037037 0.21979166666666677 0.07355324074074084
13 0.7037384259259258 0.47360532407407413 0.09754629629629612 0.04674768518518526
6 0.6504918981481481 0.5173379629629629 0.21979166666666677 0.07355324074074084
3 0.37483217592592594 0.4687326388888889 0.01909722222222223 0.02371527777777782
5 0.6580208333333333 0.5510358796296296 0.21664351851851862 0.0719444444444445
0 0.7309664351851852 0.5716435185185185 0.08187500000000014 0.04339120370370377
11 0.7073495370370371 0.6119097222222223 0.14299768518518513 0.05679398148148138
10 0.6275983796296296 0.6591550925925926 0.3169212962962963 0.09217592592592591
7 0.7621006944444444 0.6697395833333333 0.06153935185185198 0.04152777777777779
2 0.7080960648148148 0.7150231481481482 0.18217592592592596 0.0651851851851852
14 0.2616493055555556 0.7373090277777778 0.11960648148148145 0.05957175925925924
15 0.2716030092592593 0.7765104166666668 0.12429398148148145 0.05964120370370374