12 0.9147482638888889 0.5120370370370371 0.17050347222222229 0.5015625
9 0.8386516203703703 0.5497395833333334 0.1380092592592593 0.40590277777777783
8 0.7546469907407408 0.7109664351851852 0.045671296296296404 0.06875
16 0.7355960648148148 0.5699942129629629 0.11149305555555564 0.34565972222222213
4 0.6864988425925926 0.6798321759259259 0.052870370370370345 0.11736111111111107
1 0.6599421296296296 0.6205439814814815 0.08049768518518512 0.22910879629629619
13 0.6170486111111111 0.6839699074074075 0.04844907407407408 0.09224537037037024
6 0.5913657407407408 0.6113425925925926 0.08197916666666671 0.22760416666666677
5 0.5567071759259259 0.6071469907407407 0.08189814814814814 0.2260416666666666
0 0.5146354166666667 0.6713252314814815 0.046481481481481526 0.084375
11 0.48486111111111113 0.625462962962963 0.06656249999999986 0.1708912037037038
10 0.4570659722222222 0.572482638888889 0.09181712962962969 0.2669560185185187
7 0.4106481481481482 0.673611111111111 0.038854166666666676 0.05758101851851851
2 0.3820428240740741 0.605005787037037 0.07510416666666657 0.18524305555555554
3 0.7229745370370371 0.3567708333333333 0.02761574074074069 0.02129629629629637
14 0.49308449074074073 0.15002893518518517 0.05771990740740733 0.12065972222222224
15 0.4528761574074075 0.14447337962962964 0.0610069444444445 0.12390046296296298