12 0.2090162037037037 0.4340625 0.1850578703703704 0.5193749999999999
9 0.28799189814814813 0.4846006944444444 0.13125 0.42659722222222224
8 0.3481597222222222 0.6143055555555555 0.05740740740740744 0.1272222222222222
16 0.39525462962962965 0.48375 0.10439814814814818 0.3942361111111111
4 0.42265625 0.6156944444444445 0.05493055555555557 0.1380208333333332
1 0.4611458333333333 0.5646354166666667 0.07685185185185191 0.24496527777777785
13 0.4949537037037038 0.6328472222222222 0.051886574074073974 0.11295138888888889
6 0.5337152777777778 0.5731597222222222 0.07473379629629626 0.23552083333333335
5 0.5701099537037038 0.5660590277777778 0.07740740740740737 0.25434027777777785
0 0.6030439814814814 0.6327430555555555 0.05253472222222229 0.1238888888888889
11 0.6412210648148149 0.6028472222222222 0.06589120370370374 0.1914930555555557
10 0.6761168981481481 0.636545138888889 0.0575925925925926 0.13034722222222223
7 0.7094502314814815 0.6703125 0.044513888888888783 0.06743055555555558
2 0.7514699074074074 0.5995138888888889 0.07353009259259266 0.21520833333333336
3 0.4429282407407408 0.31008680555555557 0.03319444444444457 0.03420138888888893
14 0.7061921296296296 0.15269097222222222 0.05262731481481495 0.1254513888888889
15 0.7375347222222223 0.15286458333333333 0.047847222222222284 0.12368055555555553