12 0.2193460648148148 0.5087326388888889 0.12091435185185188 0.5065972222222221
9 0.3057581018518518 0.46989583333333335 0.07962962962962958 0.41633101851851856
8 0.37731481481481477 0.3236111111111111 0.038263888888888965 0.10423611111111111
16 0.40844907407407405 0.4143576388888889 0.05049768518518523 0.2795601851851853
4 0.4484780092592592 0.3350925925925926 0.03991898148148145 0.11678240740740745
1 0.4808622685185185 0.38369791666666664 0.04528935185185183 0.20910879629629625
13 0.5179571759259259 0.33012152777777776 0.03662037037037038 0.09325231481481477
6 0.5504050925925925 0.38732060185185185 0.04837962962962976 0.20451388888888883
5 0.5870949074074074 0.3845023148148148 0.042025462962962834 0.19026620370370367
0 0.6249826388888889 0.33251157407407406 0.034942129629629545 0.07758101851851854
11 0.6573553240740742 0.3795543981481481 0.041851851851851765 0.16682870370370378
10 0.6905439814814816 0.43130787037037044 0.050416666666666644 0.2686226851851853
7 0.7304340277777778 0.3332928240740741 0.03171296296296298 0.06342592592592596
2 0.7621527777777778 0.3975 0.04354166666666668 0.18406250000000002
14 0.6811631944444445 0.8520312499999999 0.04153935185185187 0.12464120370370395
15 0.7202546296296296 0.8570949074074073 0.043043981481481454 0.11687499999999992
3 0.43214699074074076 0.6610995370370369 0.03460648148148149 0.03226851851851862