12 0.5171875 0.23046875 0.45 0.0828125
9 0.4734375 0.30859375 0.3703125 0.0515625
8 0.34140625 0.36640625 0.109375 0.0265625
16 0.4359375 0.3984375 0.3015625 0.0265625
4 0.33671875 0.43046875 0.1 0.028125
1 0.37890625 0.4640625 0.1828125 0.028125
13 0.3234375 0.4953125 0.0765625 0.0265625
6 0.378125 0.52734375 0.1859375 0.028125
5 0.3890625 0.56015625 0.20625 0.028125
0 0.31953125 0.59140625 0.06875 0.025
11 0.35859375 0.6234375 0.146875 0.028125
10 0.39765625 0.6578125 0.225 0.028125
7 0.30703125 0.68828125 0.0453125 0.025
2 0.365625 0.721875 0.1609375 0.028125
3 0.63359375 0.4359375 0.0140625 0.01875
14 0.796875 0.67734375 0.1109375 0.03125
15 0.796875 0.7125 0.109375 0.03125