12 0.52578125 0.17578125 0.4578125 0.084375
9 0.48203125 0.25234375 0.3859375 0.046875
8 0.325 0.31328125 0.06875 0.028125
16 0.45078125 0.3453125 0.3203125 0.0296875
4 0.34296875 0.37890625 0.1046875 0.0265625
1 0.3953125 0.41171875 0.209375 0.028125
13 0.33046875 0.44375 0.0796875 0.028125
6 0.3953125 0.47734375 0.209375 0.028125
5 0.39375 0.51015625 0.2109375 0.028125
0 0.3390625 0.54375 0.103125 0.028125
11 0.32734375 0.57734375 0.078125 0.0265625
10 0.4109375 0.6109375 0.246875 0.028125
7 0.31171875 0.64453125 0.0484375 0.0296875
2 0.37265625 0.678125 0.1734375 0.028125
3 0.65234375 0.38125 0.0140625 0.021875
14 0.82421875 0.62265625 0.1109375 0.028125
15 0.825 0.66015625 0.1109375 0.028125