12 0.5328125 0.16015625 0.4390625 0.0765625
9 0.4890625 0.23359375 0.35625 0.0453125
8 0.4171875 0.29140625 0.225 0.028125
16 0.43203125 0.32265625 0.2578125 0.028125
4 0.375 0.35625 0.14375 0.0265625
1 0.4 0.3859375 0.19375 0.028125
13 0.3453125 0.41796875 0.084375 0.0265625
6 0.396875 0.44921875 0.1875 0.0265625
5 0.40390625 0.4796875 0.2046875 0.028125
0 0.35 0.51171875 0.0953125 0.028125
11 0.3390625 0.54375 0.078125 0.0265625
10 0.4078125 0.57578125 0.21875 0.03125
7 0.325 0.60703125 0.0515625 0.025
2 0.384375 0.63984375 0.1703125 0.028125
3 0.6515625 0.3578125 0.0171875 0.0234375
14 0.81171875 0.5921875 0.109375 0.028125
15 0.81328125 0.62890625 0.1046875 0.03125