12 0.17875000000000002 0.4992361111111111 0.13604166666666667 0.44923611111111106
9 0.2563020833333333 0.46262152777777776 0.0916666666666667 0.3686805555555555
8 0.3307291666666667 0.3555208333333334 0.04916666666666671 0.15243055555555554
16 0.3499479166666667 0.44279513888888894 0.06968750000000004 0.31982638888888887
4 0.39578125000000003 0.3538368055555555 0.04343749999999993 0.1367013888888889
1 0.42067708333333337 0.3911631944444444 0.05437499999999993 0.2071527777777778
13 0.46291666666666664 0.3326388888888889 0.03989583333333328 0.08357638888888888
6 0.48526041666666664 0.39651041666666664 0.05281249999999993 0.20711805555555554
5 0.5171875 0.3987847222222222 0.05604166666666668 0.20875000000000005
0 0.5582291666666667 0.3347569444444444 0.03614583333333332 0.07413194444444446
11 0.58515625 0.3768229166666667 0.04770833333333328 0.15395833333333328
10 0.6111458333333333 0.4212152777777778 0.06083333333333343 0.23381944444444436
7 0.6570833333333332 0.33069444444444446 0.0330208333333335 0.05065972222222222
2 0.6819270833333333 0.39227430555555554 0.04864583333333332 0.16802083333333329
14 0.5663541666666667 0.8231597222222222 0.04468749999999986 0.10864583333333329
15 0.604375 0.8279166666666666 0.04645833333333336 0.11180555555555535
3 0.35671875000000003 0.6346354166666666 0.02604166666666661 0.016180555555555642