12 0.230625 0.49027777777777776 0.12803240740740743 0.42731481481481487
9 0.30396412037037035 0.45509259259259255 0.09318287037037036 0.3561342592592592
8 0.3672858796296296 0.31964699074074077 0.038391203703703705 0.08547453703703703
16 0.38844907407407414 0.4261284722222222 0.06490740740740737 0.2963541666666666
4 0.4254918981481481 0.3286458333333333 0.03880787037037052 0.09953703703703702
1 0.4527314814814815 0.3759548611111111 0.05261574074074069 0.19722222222222224
13 0.48702546296296295 0.31782407407407404 0.03655092592592588 0.07598379629629637
6 0.5107291666666667 0.3779224537037037 0.05261574074074069 0.19722222222222213
5 0.5404861111111112 0.3780671296296296 0.05413194444444436 0.19577546296296297
0 0.5750578703703704 0.32931134259259254 0.038576388888888855 0.09172453703703702
11 0.6044907407407407 0.31851851851851853 0.03328703703703706 0.07106481481481479
10 0.6327430555555555 0.3735821759259259 0.05206018518518505 0.17847222222222223
7 0.6675405092592592 0.3060185185185185 0.029467592592592594 0.047395833333333304
2 0.6943229166666667 0.3643229166666667 0.049942129629629586 0.1596064814814815
3 0.40797453703703707 0.6094618055555555 0.019166666666666644 0.015451388888888928
14 0.6148611111111111 0.77421875 0.04064814814814817 0.10902777777777786
15 0.6501099537037037 0.7747395833333334 0.0453819444444445 0.1109375