12 0.53203125 0.10078125 0.471875 0.084375
9 0.4875 0.1796875 0.3890625 0.05
8 0.33828125 0.240625 0.09375 0.0296875
16 0.45703125 0.275 0.334375 0.03125
4 0.34296875 0.30859375 0.109375 0.0265625
1 0.3953125 0.3421875 0.2140625 0.0328125
13 0.33359375 0.37734375 0.0921875 0.0296875
6 0.3953125 0.4109375 0.2140625 0.0296875
5 0.3953125 0.4453125 0.215625 0.0296875
0 0.3265625 0.47734375 0.0765625 0.0265625
11 0.36796875 0.51171875 0.1578125 0.028125
10 0.40859375 0.5453125 0.2421875 0.03125
7 0.31171875 0.578125 0.05 0.0265625
2 0.371875 0.6125 0.1734375 0.034375
3 0.659375 0.31328125 0.01875 0.021875
14 0.828125 0.5625 0.1140625 0.028125
15 0.83125 0.6 0.1125 0.03125