12 0.7459432421875001 0.168494021875 0.32936789843750003 0.1574337125 0.334819446875 0.25399410312500004 0.721154646875 0.26888760624999997 0.7459432421875001 0.168494021875
9 0.6965186375 0.276725075 0.28409090937500003 0.26633522656249997 0.2801756421875 0.3156026203125 0.6957452953125001 0.32415216562500004 0.6965186375 0.276725075
8 0.45859375 0.36171875 0.303125 0.034375
16 0.3090829109375 0.41084485156249995 0.4678902265625 0.41403745937499997 0.4740979125 0.41601914687499997 0.4810964140625 0.41990035625 0.4876474234375 0.4133742890625 0.6182010359375 0.41423699843749995 0.6186485296875001 0.384368896875 0.3121243984375 0.380608975 0.30764506406250003 0.3840735015625 0.3090829109375 0.41084485156249995
4 0.4761549140625 0.41744916875 0.3072415859375 0.4151642625 0.3076744078125 0.445425571875 0.4761343734375 0.45092656093750005 0.4761549140625 0.41744916875
1 0.41910464999999997 0.45177361875 0.306490384375 0.44921875 0.30587269687499996 0.48368013750000005 0.4162905765625 0.4842396265625 0.41910464999999997 0.45177361875
13 0.35625 0.503125 0.103125 0.03125
6 0.3796875 0.5375 0.1515625 0.03125
5 0.38671875 0.57421875 0.165625 0.034375
0 0.34765625 0.61015625 0.0859375 0.03125
11 0.35078125 0.64375 0.09375 0.03125
10 0.48828125 0.68125 0.36875 0.0359375
7 0.334375 0.71875 0.0625 0.03125
2 0.40859375 0.75546875 0.2140625 0.034375
3 0.67109375 0.4359375 0.0234375 0.0359375
14 0.8453125 0.6875 0.1390625 0.0296875
15 0.8453125 0.7171875 0.1140625 0.0265625