12 0.1266261574074074 0.5014699074074074 0.14243055555555556 0.48471064814814807
9 0.21052662037037034 0.5369618055555556 0.09935185185185187 0.40129629629629626
8 0.276875 0.5867824074074074 0.07092592592592588 0.28530092592592593
16 0.3088310185185185 0.5573900462962963 0.06932870370370363 0.3368171296296296
4 0.35575231481481484 0.6637731481481481 0.047222222222222235 0.11783564814814813
1 0.3830613425925926 0.6094386574074073 0.05335648148148149 0.21944444444444428
13 0.4238368055555556 0.6666724537037038 0.04037037037037052 0.09743055555555565
6 0.4484780092592593 0.6014351851851851 0.054918981481481485 0.21946759259259263
5 0.482048611111111 0.6001562500000001 0.056388888888889 0.2163657407407406
0 0.5245949074074074 0.6643981481481481 0.039861111111111215 0.08024305555555564
11 0.5513541666666667 0.6178877314814815 0.04700231481481474 0.16312499999999996
10 0.5813310185185185 0.5744560185185186 0.06190972222222228 0.24456018518518513
7 0.6253993055555556 0.6636863425925925 0.036087962962962905 0.05832175925925931
2 0.65171875 0.6023321759259259 0.05523148148148138 0.1773032407407408
3 0.32004629629629633 0.3555729166666667 0.02891203703703704 0.026979166666666644
14 0.5408912037037037 0.1592476851851852 0.0459837962962963 0.12875
15 0.5775636574074074 0.1571412037037037 0.044328703703703634 0.12560185185185188