12 0.7764930555555555 0.4231770833333333 0.1922569444444445 0.5013194444444444
9 0.6933680555555556 0.39880208333333333 0.1430555555555557 0.41180555555555554
8 0.6227604166666667 0.35593749999999996 0.08263888888888893 0.24538194444444442
16 0.589045138888889 0.3777083333333333 0.09027777777777786 0.2769097222222222
4 0.5477951388888889 0.32340277777777776 0.06121527777777782 0.14930555555555552
1 0.5159027777777778 0.35678819444444443 0.07124999999999986 0.19965277777777785
13 0.4735243055555555 0.3103298611111111 0.049409722222222285 0.09420138888888889
6 0.4465972222222222 0.37234375 0.07124999999999986 0.19965277777777776
5 0.4124479166666667 0.38633680555555555 0.078263888888889 0.21711805555555558
0 0.37 0.3414409722222222 0.05003472222222225 0.1082638888888889
11 0.33881944444444445 0.37635416666666666 0.06489583333333329 0.16194444444444436
10 0.31048611111111113 0.4173784722222223 0.07888888888888887 0.2311805555555555
7 0.26260416666666664 0.3368576388888889 0.03993055555555554 0.05635416666666675
2 0.23543402777777778 0.40434027777777776 0.07184027777777775 0.17784722222222218
3 0.5799305555555556 0.6003298611111111 0.035833333333333425 0.03434027777777775
14 0.34630208333333334 0.8220138888888888 0.05684027777777771 0.12104166666666671
15 0.30831597222222223 0.8346180555555556 0.06003472222222221 0.12274305555555536