12 0.08465277777777777 0.5194502314814815 0.15056712962962965 0.4957638888888889
9 0.1701909722222222 0.5605787037037037 0.10256944444444445 0.4044675925925926
8 0.24579861111111115 0.7258333333333333 0.03944444444444439 0.06618055555555565
16 0.2718171296296296 0.5863136574074075 0.08045138888888888 0.3432291666666668
4 0.3161863425925926 0.697957175925926 0.042442129629629656 0.11464120370370381
1 0.3452662037037037 0.6397685185185186 0.059837962962962975 0.22734953703703695
13 0.38475115740740745 0.7052256944444444 0.04174768518518519 0.09120370370370381
6 0.4142245370370371 0.6337557870370369 0.06135416666666664 0.2258101851851851
5 0.44791087962962967 0.6311284722222222 0.06282407407407398 0.22270833333333329
0 0.4873726851851852 0.6973668981481481 0.038391203703703705 0.08334490740740748
11 0.5191608796296296 0.6532870370370369 0.05182870370370374 0.1678819444444443
10 0.5495949074074075 0.6021527777777778 0.06719907407407408 0.2649421296296296
7 0.591116898148148 0.704375 0.03443287037037024 0.055173611111111145
2 0.6227951388888888 0.6376273148148147 0.058541666666666714 0.18359953703703696
3 0.29454282407407406 0.373275462962963 0.0256018518518518 0.0206828703703704
14 0.5332349537037037 0.17828703703703702 0.047268518518518474 0.11939814814814813
15 0.5739988425925926 0.17420138888888886 0.05043981481481481 0.12100694444444446