12 0.560636574074074 0.15857638888888886 0.5091319444444444 0.18940972222222224
9 0.5896527777777778 0.2498611111111111 0.41811342592592593 0.13427083333333334
8 0.6867013888888889 0.33406250000000004 0.19737268518518522 0.07156249999999993
16 0.6723726851851852 0.36968750000000006 0.21143518518518506 0.071875
4 0.7095601851851852 0.41270833333333334 0.12068287037037032 0.05267361111111111
1 0.7202199074074074 0.4504513888888889 0.08783564814814823 0.04725694444444439
13 0.7082465277777779 0.4845659722222222 0.10033564814814824 0.047534722222222214
6 0.7064178240740742 0.52046875 0.09252314814814824 0.047361111111111145
5 0.6265798611111111 0.5390104166666667 0.23803240740740747 0.07715277777777771
0 0.673900462962963 0.5853819444444445 0.13008101851851847 0.05600694444444443
11 0.6455555555555555 0.6144444444444443 0.1770138888888889 0.06486111111111122
10 0.5914409722222222 0.6413715277777777 0.2677777777777777 0.08562499999999992
7 0.6832407407407407 0.6957638888888888 0.06903935185185191 0.04059027777777775
2 0.6197743055555556 0.7193576388888889 0.18486111111111114 0.06972222222222228
3 0.38653935185185184 0.3492708333333333 0.026805555555555572 0.0334027777777778
14 0.16457175925925926 0.5678124999999999 0.13008101851851847 0.05600694444444443
15 0.15804976851851854 0.6043923611111112 0.12697916666666664 0.05906249999999993