12 0.7953240740740741 0.6218171296296297 0.20429398148148153 0.5238657407407408
9 0.7252083333333333 0.5587152777777777 0.146875 0.4288425925925926
8 0.6862210648148148 0.4221122685185185 0.061562500000000145 0.12956018518518508
16 0.6192824074074075 0.5422685185185185 0.11934027777777771 0.3946527777777778
4 0.6123263888888889 0.40732638888888884 0.060277777777777784 0.13885416666666667
1 0.5664293981481482 0.45111111111111113 0.08530092592592595 0.24623842592592596
13 0.5442939814814814 0.379542824074074 0.05645833333333332 0.11525462962962969
6 0.4957986111111111 0.43179976851851853 0.08346064814814813 0.23678240740740736
5 0.45901041666666664 0.43223958333333334 0.0871412037037036 0.25569444444444456
0 0.436875 0.3606712962962963 0.05673611111111114 0.1246296296296296
11 0.3947048611111111 0.38430555555555557 0.07278935185185187 0.19254629629629633
10 0.3661284722222222 0.3452662037037037 0.06165509259259263 0.13268518518518518
7 0.3375520833333333 0.30622685185185183 0.04574074074074073 0.06945601851851854
2 0.2855844907407407 0.37004050925925924 0.08129629629629634 0.21638888888888888
3 0.5448206018518519 0.7050694444444444 0.03383101851851862 0.036076388888889
14 0.25906250000000003 0.8162268518518518 0.056782407407407476 0.1261921296296297
15 0.22792824074074075 0.8107002314814814 0.05204861111111114 0.12438657407407412