12 0.78515625 0.4510416666666666 0.1171875 0.4661458333333332
9 0.703125 0.49296875 0.0859375 0.39131944444444444
8 0.63125 0.6242881944444445 0.0375 0.11885416666666657
16 0.60625 0.5441493055555556 0.053125 0.2773611111111112
4 0.56484375 0.6280208333333334 0.0390625 0.10798611111111107
1 0.534375 0.5996875 0.0453125 0.1613888888888889
13 0.49765625 0.6372569444444445 0.034375 0.08277777777777776
6 0.46875 0.5963541666666666 0.04375 0.16131944444444457
5 0.4390625 0.568767361111111 0.0484375 0.21465277777777772
0 0.39921875 0.6385069444444444 0.034375 0.07340277777777775
11 0.371875 0.5944097222222222 0.0421875 0.15968750000000007
10 0.3390625 0.5747743055555555 0.0484375 0.19746527777777773
7 0.3015625 0.6436284722222222 0.03125 0.05763888888888893
2 0.271875 0.5847916666666666 0.0453125 0.1723263888888889
3 0.5890625 0.31991319444444444 0.0234375 0.022916666666666696
14 0.36484375 0.14550347222222224 0.0375 0.11572916666666666
15 0.328125 0.14166666666666666 0.0375 0.11260416666666666