12 0.7432349537037037 0.5483043981481481 0.11445601851851847 0.4540277777777778
9 0.664056712962963 0.5097974537037037 0.07892361111111104 0.3741203703703704
8 0.6065798611111111 0.4841435185185185 0.05621527777777775 0.3167361111111111
16 0.5760763888888889 0.48490740740740745 0.054652777777777925 0.3166550925925925
4 0.5401157407407406 0.379056712962963 0.03424768518518526 0.09857638888888882
1 0.5106539351851852 0.41505787037037034 0.04004629629629619 0.1738194444444444
13 0.47692708333333333 0.36952546296296296 0.03243055555555543 0.08130787037037042
6 0.44807291666666665 0.4172858796296296 0.04002314814814802 0.1722569444444444
5 0.41508101851851853 0.3749189814814815 0.034085648148148094 0.08763888888888882
0 0.3839583333333333 0.3647048611111111 0.033784722222222195 0.06732638888888882
11 0.3560011574074074 0.40469328703703705 0.03960648148148156 0.14413194444444438
10 0.3280324074074074 0.445462962962963 0.045497685185185155 0.22562499999999996
7 0.29180555555555554 0.35758101851851853 0.03040509259259263 0.049976851851851835
2 0.26440972222222225 0.41245370370370366 0.04140046296296296 0.159837962962963
3 0.5499305555555555 0.6665046296296296 0.023692129629629476 0.018402777777777858
14 0.32948495370370373 0.8223900462962963 0.037557870370370415 0.11123842592592581
15 0.2966377314814815 0.8230324074074075 0.035949074074074085 0.10803240740740741