12 0.44546875 0.1918576388888889 0.4516319444444445 0.17032407407407407
9 0.5008159722222223 0.25350694444444444 0.36937499999999995 0.12019675925925925
8 0.62203125 0.2870023148148148 0.15427083333333336 0.0606365740740741
16 0.5448958333333334 0.3361631944444444 0.31888888888888883 0.09535879629629633
4 0.641388888888889 0.3484375 0.13694444444444437 0.05336805555555557
1 0.6132638888888888 0.385306712962963 0.2075347222222222 0.07003472222222218
13 0.6801909722222221 0.4048090277777778 0.08527777777777779 0.04562500000000007
6 0.625625 0.4487210648148148 0.20749999999999993 0.06847222222222235
5 0.6310069444444444 0.47969328703703706 0.20913194444444444 0.07168981481481485
0 0.7041319444444445 0.4964814814814815 0.07583333333333328 0.04194444444444443
11 0.6706076388888889 0.5367997685185186 0.1542361111111111 0.05907407407407419
10 0.6355034722222221 0.5764293981481481 0.23427083333333343 0.07942129629629627
7 0.733576388888889 0.5893923611111112 0.052326388888888783 0.0374305555555555
2 0.6813715277777778 0.6339467592592593 0.16833333333333336 0.06146990740740747
14 0.24104166666666668 0.6733391203703704 0.11038194444444445 0.05179398148148149
15 0.24657986111111113 0.7113425925925926 0.11357638888888885 0.05510416666666664
3 0.3642361111111111 0.40866898148148145 0.017743055555555554 0.026018518518518618