12 0.22890625 0.41616319444444444 0.2276041666666667 0.5355208333333333
9 0.29156250000000006 0.4943402777777777 0.16135416666666663 0.407673611111111
8 0.31578125 0.6576215277777778 0.058541666666666714 0.10583333333333336
16 0.3622395833333333 0.6160243055555557 0.08510416666666672 0.20003472222222207
4 0.385625 0.6630902777777777 0.06104166666666666 0.11993055555555543
1 0.428125 0.6340625 0.078125 0.18895833333333342
13 0.45093750000000005 0.6897222222222222 0.05124999999999993 0.09006944444444435
6 0.49828124999999995 0.6465451388888889 0.0798958333333335 0.1921180555555555
5 0.5334375 0.6457638888888889 0.08229166666666679 0.20465277777777774
0 0.5499479166666668 0.714045138888889 0.05062500000000014 0.08069444444444436
11 0.5856770833333333 0.7163715277777778 0.05124999999999993 0.09006944444444435
10 0.6352083333333333 0.6637847222222222 0.08708333333333336 0.2063194444444445
7 0.6501041666666667 0.7445833333333333 0.04458333333333329 0.060277777777777784
2 0.70140625 0.6888368055555556 0.07916666666666679 0.1811805555555555
3 0.4731770833333334 0.34442708333333333 0.02666666666666657 0.025555555555555554
14 0.7686979166666666 0.21772569444444442 0.06468749999999997 0.12781250000000002
15 0.8055729166666665 0.22626736111111115 0.06614583333333357 0.12628472222222217