12 0.5109375 0.20078125 0.4859375 0.0875
9 0.46875 0.27890625 0.403125 0.05625
8 0.41015625 0.3421875 0.240625 0.03125
16 0.425 0.378125 0.271875 0.03125
4 0.36171875 0.41171875 0.14375 0.0296875
1 0.38828125 0.446875 0.1953125 0.0296875
13 0.3328125 0.48203125 0.0875 0.03125
6 0.38828125 0.51640625 0.1953125 0.0296875
5 0.39453125 0.55234375 0.2109375 0.0328125
0 0.340625 0.5875 0.103125 0.028125
11 0.36875 0.62265625 0.15625 0.03125
10 0.403125 0.65625 0.2265625 0.0296875
7 0.31328125 0.6921875 0.05 0.0296875
2 0.37421875 0.72734375 0.171875 0.034375
3 0.64453125 0.415625 0.028125 0.0296875
14 0.8140625 0.6734375 0.115625 0.03125
15 0.81796875 0.7125 0.115625 0.034375