12 0.7712094907407407 0.4317418981481482 0.1802083333333334 0.5262731481481483
9 0.6761863425925926 0.40639467592592593 0.1299768518518519 0.433912037037037
8 0.591116898148148 0.2597511574074074 0.04936342592592595 0.11105324074074074
16 0.5628472222222222 0.3278935185185185 0.07424768518518512 0.23524305555555552
4 0.5193865740740741 0.27957175925925926 0.04809027777777786 0.11880787037037041
1 0.48729745370370364 0.3244502314814815 0.0666087962962962 0.19751157407407405
13 0.44288194444444445 0.2808449074074074 0.044039351851851906 0.09369212962962958
6 0.4141782407407407 0.3396412037037037 0.06516203703703702 0.20057870370370362
5 0.37699652777777776 0.35350115740740745 0.0671875 0.21313657407407405
0 0.33472222222222225 0.29421296296296295 0.04513888888888893 0.08125
11 0.2976273148148148 0.30572916666666666 0.048553240740740654 0.08917824074074074
10 0.2700520833333333 0.37618634259259254 0.06892361111111107 0.21788194444444448
7 0.22199074074074074 0.30462962962962964 0.03819444444444446 0.062268518518518515
2 0.1966724537037037 0.37734375 0.06498842592592591 0.19589120370370364
3 0.5546296296296296 0.6129629629629629 0.028993055555555713 0.024479166666666784
14 0.31235532407407407 0.8349247685185185 0.054629629629629584 0.1268518518518519
15 0.2706886574074074 0.8434895833333333 0.055902777777777767 0.11909722222222215