12 0.6394097222222223 0.5357060185185185 0.1176967592592593 0.40658564814814824
9 0.6080439814814815 0.5769328703703704 0.09061342592592592 0.3350578703703704
8 0.5940046296296296 0.6517824074074074 0.04543981481481474 0.1550694444444444
16 0.5641608796296296 0.5871238425925925 0.06943287037037038 0.2872106481481481
4 0.5658159722222222 0.6791493055555555 0.03355324074074062 0.10614583333333343
1 0.5489641203703703 0.669704861111111 0.03953703703703706 0.131388888888889
13 0.5371412037037038 0.6971412037037037 0.030694444444444358 0.08106481481481467
6 0.5164351851851852 0.6734722222222222 0.03961805555555564 0.132951388888889
5 0.5012962962962962 0.682037037037037 0.037245370370370526 0.11724537037037042
0 0.49001157407407414 0.7048263888888889 0.02880787037037038 0.07473379629629626
11 0.47360532407407413 0.7039756944444445 0.030532407407407546 0.07793981481481467
10 0.4444212962962963 0.6370138888888889 0.05657407407407415 0.21953703703703695
7 0.44423032407407403 0.7234895833333332 0.022905092592592526 0.05105324074074069
2 0.41627314814814814 0.665162037037037 0.04789351851851862 0.17233796296296297
3 0.5158391203703704 0.4365798611111112 0.015034722222222286 0.019479166666666714
14 0.37670717592592595 0.30781828703703706 0.031747685185185226 0.10137731481481485
15 0.36186342592592596 0.30704861111111115 0.029942129629629655 0.09660879629629626