12 0.5057696759259259 0.1816550925925926 0.4719328703703704 0.15
9 0.5482696759259259 0.26741898148148147 0.383773148148148 0.10931712962962958
8 0.6540914351851852 0.34305555555555556 0.16693287037037036 0.05451388888888893
16 0.5772627314814816 0.36203703703703705 0.3164814814814815 0.07876157407407405
4 0.6761342592592593 0.41247106481481477 0.11325231481481488 0.04317129629629637
1 0.6309259259259259 0.43885995370370373 0.196712962962963 0.05717592592592595
13 0.6855381944444444 0.47907986111111106 0.08659722222222221 0.040625
6 0.6261747685185185 0.5033854166666667 0.1968055555555555 0.05873842592592595
5 0.6163078703703704 0.5342013888888889 0.21730324074074084 0.06261574074074083
0 0.6843865740740741 0.5780381944444445 0.07391203703703705 0.03703703703703702
11 0.677644675925926 0.6089699074074074 0.08806712962962955 0.039120370370370236
10 0.605642361111111 0.63046875 0.22824074074074083 0.06302083333333339
7 0.6886574074074074 0.676417824074074 0.05984953703703688 0.03651620370370381
2 0.6276388888888889 0.6991030092592593 0.1764930555555555 0.05798611111111107
3 0.37244212962962964 0.3653645833333333 0.01820601851851853 0.017824074074074048
14 0.19078125 0.5753472222222222 0.11490740740740742 0.044791666666666605
15 0.18587962962962962 0.6110243055555555 0.11362268518518519 0.04942129629629619