12 0.52109375 0.11328125 0.459375 0.0796875
9 0.478125 0.19140625 0.3796875 0.04375
8 0.31953125 0.25078125 0.0703125 0.028125
16 0.4453125 0.28515625 0.321875 0.0296875
4 0.334375 0.3171875 0.103125 0.028125
1 0.38671875 0.34921875 0.209375 0.0296875
13 0.321875 0.38203125 0.0796875 0.0265625
6 0.38671875 0.415625 0.2109375 0.028125
5 0.38515625 0.44765625 0.2078125 0.0296875
0 0.33046875 0.48125 0.096875 0.0296875
11 0.35703125 0.5140625 0.15 0.028125
10 0.3984375 0.54765625 0.2359375 0.0296875
7 0.303125 0.58046875 0.046875 0.0265625
2 0.36484375 0.6140625 0.165625 0.028125
3 0.64296875 0.3203125 0.0125 0.0171875
14 0.81171875 0.56328125 0.109375 0.0234375
15 0.8125 0.60078125 0.109375 0.0265625