12 0.09682291666666666 0.4996932870370371 0.15989583333333332 0.48320601851851847
9 0.18453124999999998 0.4658275462962963 0.11239583333333333 0.4013310185185185
8 0.26828124999999997 0.3384664351851852 0.04812499999999993 0.11460648148148148
16 0.2841666666666667 0.4529629629629629 0.08343749999999997 0.34065972222222224
4 0.33458333333333334 0.34347222222222223 0.046250000000000034 0.10983796296296297
1 0.35723958333333333 0.403443287037037 0.06322916666666671 0.2243865740740741
13 0.4046354166666667 0.3392650462962963 0.044791666666666785 0.08796296296296298
6 0.4256770833333333 0.41169560185185183 0.06479166666666672 0.22446759259259252
5 0.45895833333333336 0.418125 0.06343750000000004 0.22751157407407413
0 0.5026041666666666 0.3631597222222222 0.04604166666666672 0.10671296296296298
11 0.5391145833333333 0.35642939814814817 0.038125000000000145 0.08138888888888891
10 0.5551041666666666 0.4811226851851852 0.08552083333333335 0.3251967592592592
7 0.6084375 0.35140046296296296 0.036354166666666646 0.05482638888888891
2 0.6322916666666666 0.4169212962962964 0.058541666666666714 0.17743055555555554
3 0.2850520833333333 0.6631076388888889 0.03489583333333339 0.032951388888889
14 0.5060416666666667 0.8642824074074074 0.04833333333333343 0.11773148148148138
15 0.5432291666666667 0.870914351851852 0.049687499999999926 0.11468750000000014