12 0.21039930555555558 0.603125 0.20909722222222218 0.4859375
9 0.2739236111111111 0.53828125 0.1535763888888889 0.396875
8 0.29899305555555555 0.39921875 0.06774305555555556 0.153125
16 0.36111111111111105 0.49609375 0.12527777777777782 0.3578125
4 0.3583333333333333 0.36328125 0.05493055555555557 0.1109375
1 0.4068923611111111 0.41875 0.09017361111111111 0.2359375
13 0.42039930555555555 0.3359375 0.04920138888888896 0.0875
6 0.4733854166666667 0.403125 0.09336805555555543 0.2375
5 0.4975347222222222 0.36640625 0.07673611111111107 0.1796875
0 0.5143229166666667 0.3046875 0.047083333333333324 0.075
11 0.55953125 0.3375 0.06788194444444429 0.15625
10 0.6055902777777777 0.371875 0.09364583333333343 0.24375
7 0.6095659722222223 0.26796875 0.03979166666666671 0.0515625
2 0.6611111111111111 0.3203125 0.07659722222222207 0.1765625
3 0.4493923611111111 0.671875 0.021006944444444287 0.015625
14 0.7412152777777777 0.78671875 0.058333333333333216 0.1171875
15 0.7775868055555556 0.77890625 0.05840277777777771 0.11875