5 0.3875 0.5453125 0.1640625 0.0265625
6 0.39921875 0.5203125 0.178125 0.0265625
14 0.71875 0.62890625 0.0921875 0.021875
11 0.34453125 0.6 0.0734375 0.0234375
12 0.49375 0.25859375 0.390625 0.0734375
2 0.384375 0.68125 0.1578125 0.0296875
7 0.32734375 0.6546875 0.0453125 0.0234375
13 0.34765625 0.490625 0.078125 0.0234375
15 0.71875 0.6546875 0.0890625 0.0203125
1 0.3796875 0.4609375 0.1390625 0.0265625
0 0.346875 0.5703125 0.078125 0.025
9 0.44609375 0.32890625 0.315625 0.040625
10 0.4171875 0.625 0.21875 0.028125
4 0.35703125 0.43515625 0.09375 0.025
16 0.47109375 0.4078125 0.325 0.03125
8 0.41796875 0.378125 0.221875 0.03125
3 0.590625 0.43515625 0.0234375 0.0265625