12 0.5452083333333333 0.1540798611111111 0.49952546296296296 0.19467592592592595
9 0.5672743055555556 0.2441550925925926 0.407037037037037 0.1335648148148148
8 0.6994502314814814 0.3390914351851852 0.1093055555555555 0.05549768518518512
16 0.5991666666666667 0.3533854166666667 0.2957175925925927 0.09670138888888884
4 0.6766261574074074 0.40714699074074073 0.1218055555555555 0.05596064814814809
3 0.35826967592592596 0.3358506944444445 0.034756944444444396 0.03402777777777786
1 0.6212847222222223 0.429369212962963 0.2151041666666668 0.078125
13 0.6685995370370371 0.4765335648148149 0.10921296296296283 0.05393518518518512
6 0.6024131944444444 0.49678819444444444 0.21988425925925928 0.07986111111111108
5 0.5894849537037037 0.529976851851852 0.23725694444444442 0.08362268518518512
0 0.6460358796296296 0.579832175925926 0.10112268518518519 0.048958333333333215
11 0.5984606481481481 0.603125 0.18357638888888878 0.07228009259259256
10 0.5406365740740741 0.6276041666666666 0.28634259259259254 0.09635416666666678
7 0.636568287037037 0.6867476851851853 0.07437499999999986 0.04484953703703702
2 0.5688194444444445 0.7069444444444445 0.19138888888888878 0.07256944444444446
14 0.12449074074074074 0.541724537037037 0.1299884259259259 0.0625
15 0.11206597222222223 0.5796296296296296 0.12814814814814818 0.05775462962962976