12 0.5856481481481481 0.4907349537037037 0.0911342592592593 0.40364583333333337
9 0.5460648148148148 0.45435185185185184 0.0688194444444445 0.33434027777777775
8 0.5153356481481481 0.3830208333333333 0.03606481481481474 0.15395833333333328
16 0.4993518518518519 0.449837962962963 0.05068287037037038 0.28543981481481495
4 0.48209490740740735 0.3601273148148148 0.027222222222222214 0.10377314814814813
1 0.46664351851851854 0.37140625 0.031643518518518474 0.1288657407407408
13 0.44997106481481486 0.3458738425925926 0.02444444444444436 0.08028935185185179
6 0.43375 0.3719965277777778 0.031724537037036885 0.1304282407407408
5 0.4168865740740741 0.36523726851851845 0.029432870370370345 0.11631944444444446
0 0.40075231481481477 0.34441550925925923 0.024120370370370382 0.07403935185185188
11 0.3841840277777778 0.3470543981481481 0.02428240740740737 0.0771643518518518
10 0.3688194444444445 0.41701967592592587 0.04251157407407406 0.21811342592592595
7 0.3513194444444444 0.3319965277777778 0.019780092592592523 0.05050925925925931
2 0.335619212962963 0.39334490740740746 0.03695601851851853 0.17114583333333327
3 0.48277777777777775 0.6034895833333334 0.015034722222222286 0.019166666666666644
14 0.37047453703703703 0.7472627314814815 0.02385416666666664 0.09899305555555564
15 0.35625 0.7499710648148149 0.023611111111111072 0.09430555555555564