12 0.18421875 0.47479745370370374 0.14302083333333332 0.438599537037037
9 0.25854166666666667 0.5055555555555555 0.10708333333333338 0.3671296296296296
8 0.3197395833333333 0.6396701388888889 0.04510416666666668 0.09207175925925917
16 0.34760416666666666 0.525636574074074 0.08312499999999998 0.3116898148148149
4 0.3828125 0.6053819444444445 0.04812499999999993 0.13738425925925918
1 0.41260416666666666 0.567650462962963 0.0651041666666666 0.20503472222222213
13 0.44703125000000005 0.6240451388888889 0.04010416666666679 0.08721064814814809
6 0.47479166666666667 0.5583333333333333 0.062291666666666676 0.20960648148148148
5 0.506875 0.5563657407407407 0.06052083333333336 0.20642361111111107
0 0.5402083333333334 0.6174768518518519 0.04093750000000007 0.0763310185185185
11 0.5725520833333333 0.6116030092592593 0.039687499999999966 0.0809606481481481
10 0.600625 0.49444444444444446 0.07958333333333342 0.305324074074074
7 0.6360416666666667 0.617824074074074 0.03135416666666657 0.04947916666666678
2 0.66671875 0.5551215277777778 0.05770833333333343 0.16423611111111108
3 0.37390625 0.32983217592592595 0.021458333333333357 0.01793981481481488
14 0.5998958333333333 0.13130787037037037 0.049687499999999926 0.1140625
15 0.6353645833333333 0.12531828703703704 0.04833333333333343 0.11712962962962963