12 0.557082290625 0.2419843375 0.6729628328125 0.380981509375 0.6830922765625 0.36847800625 0.7031083671875 0.3922338453125 0.7176106375 0.375163859375 0.5548780296875 0.188197440625 0.542031415625 0.20326094218750002 0.5628964734374999 0.22786600468749998 0.557082290625 0.2419843375
9 0.52885278125 0.2208263734375 0.51925194375 0.235413884375 0.6540958859375 0.3919781296875 0.6654429984375 0.3767149265625 0.52885278125 0.2208263734375
8 0.5118259093749999 0.2439020296875 0.5054887453125 0.2528747171875 0.540530603125 0.29512180625 0.5481337859375001 0.28484149531249997 0.5118259093749999 0.2439020296875
16 0.5042243890625 0.2559271609375 0.49739166562500003 0.26575165312500004 0.5987099031249999 0.3812265390625 0.6052378625 0.3720498625 0.5042243890625 0.2559271609375
4 0.49556836718749997 0.26873841875000004 0.49016361249999996 0.2768014390625 0.5281073953125001 0.320875421875 0.534793096875 0.310994915625 0.49556836718749997 0.26873841875000004
1 0.488310453125 0.280030503125 0.48245340312499996 0.288266209375 0.5721327140625 0.39415841875 0.58018159375 0.3833617234375 0.488310453125 0.280030503125
13 0.48019268593750003 0.29067591875 0.473865284375 0.3011034 0.50299039375 0.33524777656250004 0.5098014203125001 0.32456538749999997 0.48019268593750003 0.29067591875
6 0.4722538625 0.3028673859375 0.4659746765625 0.3136509453125 0.5359677125 0.3925446015625 0.5430277640625001 0.3813343328125 0.4722538625 0.3028673859375
5 0.46474146093749996 0.3153649375 0.4590068734375 0.32410474843750003 0.5223862109375 0.3993547890625 0.5311442468750001 0.38939784375 0.46474146093749996 0.3153649375
0 0.45653234062500003 0.3270694125 0.45062317343749997 0.337693196875 0.4748541109375 0.3670528796875 0.4826574984375 0.356520503125 0.45653234062500003 0.3270694125
11 0.47892377656249996 0.37278729843749997 0.4495927828125 0.340063859375 0.4422683703125 0.34881389218750003 0.4697682328125 0.38145300937500004 0.47892377656249996 0.37278729843749997
10 0.5285477249999999 0.44874923750000006 0.44126579218749995 0.3521991984375 0.43371827031250004 0.361711228125 0.520378928125 0.460632609375 0.5285477249999999 0.44874923750000006
7 0.451508225 0.38477050468749996 0.4326599765625 0.36331674375 0.426082521875 0.3732575796875 0.44379745625 0.39457439375000003 0.451508225 0.38477050468749996
2 0.4891282828125 0.44675730468749997 0.42594066249999996 0.37612591875 0.4172618359375 0.3874183 0.48101997343749997 0.45684118749999997 0.4891282828125 0.44675730468749997
3 0.62473815 0.414242709375 0.6184190421875 0.4229033703125 0.6232387546875 0.42991467656250004 0.630272375 0.423493153125 0.62473815 0.414242709375
14 0.6538922734375 0.59929469375 0.613495671875 0.553304578125 0.6049323890625 0.5632381234375 0.6466976671875 0.6093251546875 0.6538922734375 0.59929469375
15 0.6459776328125 0.6128134890625 0.606686015625 0.5681073796875 0.597124203125 0.5806039843749999 0.6365121421875 0.62378725625 0.6459776328125 0.6128134890625