12 0.5328125 0.18671875 0.4875 0.0859375
9 0.4859375 0.26796875 0.3921875 0.0546875
8 0.36484375 0.32890625 0.1546875 0.0328125
16 0.3859375 0.3640625 0.1953125 0.0296875
4 0.3609375 0.39765625 0.14375 0.0296875
1 0.39609375 0.43046875 0.215625 0.0296875
13 0.328125 0.4640625 0.0828125 0.0296875
6 0.3953125 0.4984375 0.2171875 0.028125
5 0.39453125 0.53203125 0.2171875 0.028125
0 0.32265625 0.56484375 0.0734375 0.028125
11 0.3671875 0.5984375 0.1609375 0.028125
10 0.41796875 0.63359375 0.2609375 0.03125
7 0.31328125 0.6671875 0.0546875 0.028125
2 0.37421875 0.70078125 0.1765625 0.03125
3 0.65859375 0.3984375 0.0203125 0.0234375
14 0.83046875 0.6453125 0.1140625 0.03125
15 0.8328125 0.68359375 0.1078125 0.0328125