12 0.55390625 0.121875 0.4484375 0.0796875
9 0.51015625 0.19921875 0.3765625 0.0484375
8 0.3671875 0.25546875 0.096875 0.025
16 0.4796875 0.2890625 0.3296875 0.028125
4 0.38515625 0.32109375 0.1390625 0.028125
1 0.4203125 0.35390625 0.2078125 0.028125
13 0.35703125 0.38671875 0.0828125 0.0265625
6 0.41953125 0.41875 0.209375 0.0296875
5 0.41953125 0.45078125 0.209375 0.0265625
0 0.36328125 0.48359375 0.1015625 0.0296875
11 0.35390625 0.515625 0.084375 0.0265625
10 0.4234375 0.55 0.2265625 0.03125
7 0.33671875 0.58125 0.0546875 0.0265625
2 0.39375 0.61640625 0.1703125 0.03125
3 0.6765625 0.3265625 0.0140625 0.0234375
14 0.84609375 0.5703125 0.1171875 0.0296875
15 0.84453125 0.6078125 0.1171875 0.034375