12 0.49140625 0.1921875 0.4578125 0.084375
9 0.4453125 0.26796875 0.38125 0.0515625
8 0.3171875 0.33125 0.0765625 0.0296875
16 0.44765625 0.36484375 0.3375 0.03125
4 0.35625 0.39609375 0.153125 0.025
1 0.36640625 0.42890625 0.1734375 0.0296875
13 0.3234375 0.4625 0.090625 0.028125
6 0.36484375 0.49453125 0.171875 0.03125
5 0.390625 0.528125 0.2265625 0.03125
0 0.31640625 0.56171875 0.078125 0.0296875
11 0.36171875 0.59375 0.16875 0.03125
10 0.40546875 0.628125 0.2578125 0.03125
7 0.30234375 0.66171875 0.053125 0.028125
2 0.3703125 0.69453125 0.1890625 0.034375
3 0.61171875 0.4015625 0.0203125 0.021875
14 0.77734375 0.634375 0.1125 0.0265625
15 0.7765625 0.66328125 0.109375 0.0234375