12 0.5456539351851852 0.2248148148148148 0.43550925925925926 0.09743055555555555
9 0.5867245370370371 0.2960763888888889 0.3557175925925925 0.06467592592592589
8 0.7182291666666666 0.34551504629629626 0.09826388888888893 0.029178240740740692
16 0.6794097222222222 0.3783912037037037 0.1874189814814816 0.03601851851851858
4 0.7210590277777778 0.4064988425925926 0.10607638888888893 0.029641203703703666
1 0.6774594907407407 0.4380902777777777 0.1953240740740741 0.03804398148148138
13 0.7379050925925925 0.46586805555555555 0.07638888888888892 0.027881944444444428
6 0.6771643518518518 0.4992592592592593 0.20166666666666658 0.03997685185185187
5 0.6788773148148148 0.5281655092592592 0.20001157407407408 0.03832175925925938
0 0.7447916666666666 0.5556192129629629 0.06729166666666657 0.032013888888888786
11 0.744988425925926 0.5853993055555555 0.07023148148148142 0.02907407407407412
10 0.7249189814814814 0.6171643518518518 0.11416666666666657 0.034791666666666644
7 0.7580208333333334 0.6465625 0.054606481481481416 0.028148148148148165
2 0.7081250000000001 0.6777430555555556 0.15322916666666658 0.037106481481481525
3 0.4450925925925926 0.41971643518518514 0.01664351851851862 0.018113425925925953
14 0.30424189814814817 0.6491493055555555 0.10626157407407408 0.032766203703703665
15 0.3077488425925926 0.681869212962963 0.10635416666666667 0.03432870370370367