12 0.8397511574074074 0.4650231481481482 0.16229166666666686 0.41707175925925916
9 0.7671585648148149 0.5177025462962963 0.1218055555555555 0.424039351851852
8 0.7305960648148149 0.6841377314814815 0.04350694444444443 0.09156250000000003
16 0.6825173611111112 0.6001099537037037 0.07585648148148146 0.2730092592592593
4 0.6584085648148148 0.6587847222222222 0.05546296296296305 0.16096064814814817
1 0.618113425925926 0.6259548611111111 0.06737268518518516 0.2272337962962963
13 0.5949594907407407 0.696394675925926 0.04518518518518526 0.09946759259259252
6 0.5522048611111111 0.655613425925926 0.06520833333333335 0.1865162037037038
5 0.5255902777777777 0.7032118055555555 0.0451620370370371 0.09790509259259253
0 0.49296296296296294 0.7137673611111112 0.04180555555555561 0.08209490740740755
11 0.4534143518518519 0.6786400462962963 0.05700231481481488 0.15949074074074082
10 0.4029456018518518 0.5913483796296296 0.09252314814814824 0.34424768518518506
7 0.3933796296296296 0.7359664351851851 0.03991898148148145 0.06012731481481488
2 0.34562499999999996 0.6738136574074074 0.06525462962962969 0.1896412037037038
3 0.6023090277777777 0.3494791666666667 0.03488425925925931 0.03641203703703706
14 0.3222511574074074 0.20252893518518517 0.05366898148148147 0.1452430555555555
15 0.28403935185185186 0.2049479166666667 0.05017361111111107 0.12005787037037034