12 0.7455729166666666 0.42404513888888895 0.09696759259259266 0.4385416666666668
9 0.6695486111111111 0.39460069444444446 0.06512731481481478 0.35746527777777776
8 0.6053414351851851 0.27241319444444445 0.028854166666666715 0.09968749999999993
16 0.5767476851851852 0.3158854166666667 0.03576388888888893 0.18902777777777774
4 0.5444328703703704 0.27902777777777776 0.02891203703703695 0.10750000000000001
1 0.5182175925925925 0.3270833333333333 0.037384259259259166 0.19690972222222225
13 0.4834201388888889 0.27157986111111115 0.02712962962962955 0.0777430555555556
6 0.457332175925926 0.33682291666666664 0.0405555555555555 0.20329861111111108
5 0.4284375000000001 0.33967013888888886 0.038981481481481596 0.20166666666666666
0 0.393599537037037 0.27869791666666666 0.031747685185185226 0.06857638888888892
11 0.3639351851851852 0.28314236111111113 0.02864583333333339 0.07156250000000001
10 0.3352025462962963 0.30786458333333333 0.035219907407407366 0.11559027777777775
7 0.3021701388888889 0.2796354166666667 0.02853009259259256 0.055937500000000015
2 0.2767824074074074 0.33390624999999996 0.037071759259259277 0.15472222222222226
3 0.5636574074074074 0.5532638888888888 0.01887731481481474 0.018020833333333285
14 0.35316550925925927 0.728298611111111 0.032037037037037044 0.10763888888888892
15 0.32035300925925925 0.7297569444444445 0.03359953703703704 0.10770833333333343