12 0.50703125 0.1765625 0.484375 0.090625
9 0.4609375 0.25859375 0.4046875 0.059375
8 0.29375 0.31875 0.06875 0.0328125
16 0.4046875 0.3546875 0.290625 0.0328125
4 0.33359375 0.3890625 0.1484375 0.0265625
1 0.34296875 0.4234375 0.165625 0.03125
13 0.30234375 0.4578125 0.0859375 0.028125
6 0.34296875 0.490625 0.165625 0.03125
5 0.36875 0.525 0.2171875 0.0296875
0 0.2984375 0.56015625 0.078125 0.03125
11 0.29921875 0.59453125 0.078125 0.03125
10 0.421875 0.628125 0.3265625 0.028125
7 0.28515625 0.66328125 0.0546875 0.028125
2 0.34765625 0.6984375 0.18125 0.034375
3 0.63515625 0.38515625 0.025 0.03125
14 0.81015625 0.63828125 0.121875 0.0296875
15 0.81015625 0.67578125 0.1203125 0.03125