12 0.534375 0.1328125 0.5109375 0.0953125
9 0.4921875 0.21875 0.4203125 0.053125
8 0.359375 0.28515625 0.15625 0.034375
16 0.46328125 0.3203125 0.36875 0.034375
4 0.36171875 0.3578125 0.1640625 0.03125
1 0.425 0.3921875 0.2921875 0.0359375
13 0.33125 0.4296875 0.0953125 0.0296875
6 0.38046875 0.46484375 0.1921875 0.0375
5 0.3625 0.5015625 0.159375 0.034375
0 0.3265625 0.53671875 0.0859375 0.03125
11 0.375 0.571875 0.175 0.0328125
10 0.41796875 0.60546875 0.2609375 0.0359375
7 0.315625 0.6421875 0.059375 0.034375
2 0.3796875 0.678125 0.1859375 0.0359375
3 0.67421875 0.35546875 0.03125 0.0328125
14 0.84296875 0.63203125 0.1953125 0.0703125
15 0.84609375 0.6859375 0.128125 0.0328125