12 0.50234375 0.17057291666666669 0.5043749999999999 0.1542824074074074
9 0.4691666666666666 0.2574074074074074 0.41687499999999994 0.10428240740740743
8 0.311875 0.3295138888888889 0.08052083333333329 0.038831018518518515
16 0.42442708333333334 0.3578414351851852 0.300625 0.06724537037037041
4 0.3584375 0.39670138888888884 0.154375 0.047800925925925955
1 0.3763020833333333 0.43087384259259254 0.1796875 0.05341435185185191
13 0.33984375 0.4684895833333334 0.0963541666666667 0.04253472222222214
6 0.38406250000000003 0.5005208333333334 0.17322916666666668 0.05005787037037024
5 0.4158854166666667 0.5336516203703704 0.22833333333333333 0.058333333333333216
0 0.35140625 0.5717881944444445 0.08677083333333328 0.0390625
11 0.3575520833333333 0.6055266203703704 0.08833333333333337 0.039120370370370236
10 0.48661458333333335 0.6360243055555556 0.34 0.07337962962962977
7 0.35369791666666667 0.6763020833333334 0.061562499999999964 0.03501157407407405
2 0.4213020833333333 0.7084201388888889 0.1877083333333333 0.05682870370370381
3 0.6647916666666667 0.38622685185185185 0.02677083333333332 0.02748842592592595
14 0.8766145833333333 0.6294270833333334 0.12479166666666686 0.048263888888888926
15 0.8823958333333334 0.6693865740740741 0.11833333333333336 0.044907407407407264