12 0.534375 0.190625 0.4921875 0.096875
9 0.49140625 0.27734375 0.4234375 0.0578125
8 0.3734375 0.346875 0.1328125 0.034375
16 0.4609375 0.384375 0.3078125 0.034375
4 0.3921875 0.41953125 0.171875 0.0296875
1 0.390625 0.45625 0.165625 0.0328125
13 0.3578125 0.49296875 0.1 0.03125
6 0.390625 0.52734375 0.1640625 0.03125
5 0.4984375 0.56328125 0.38125 0.0328125
0 0.3671875 0.6 0.1203125 0.03125
11 0.35703125 0.6359375 0.1 0.03125
10 0.49375 0.66953125 0.371875 0.03125
7 0.3390625 0.70703125 0.0609375 0.03125
2 0.4109375 0.74453125 0.2046875 0.0359375
3 0.66875 0.42421875 0.0171875 0.0234375
14 0.84296875 0.67421875 0.11875 0.028125
15 0.84375 0.7046875 0.1078125 0.028125