12 0.5651041666666667 0.2370486111111111 0.5204166666666667 0.2153935185185185
9 0.4961458333333333 0.30716435185185187 0.42510416666666656 0.16373842592592594
8 0.3869791666666667 0.34540509259259256 0.22874999999999995 0.09127314814814813
16 0.4406770833333333 0.3983622685185185 0.36031249999999987 0.12612268518518518
4 0.31645833333333334 0.40368055555555554 0.1255208333333333 0.0610069444444445
1 0.36031250000000004 0.4514236111111112 0.23499999999999996 0.09159722222222229
13 0.2845833333333333 0.4702314814814814 0.10020833333333332 0.05502314814814824
6 0.34307291666666667 0.521869212962963 0.23645833333333338 0.09011574074074069
5 0.33218749999999997 0.5557986111111111 0.2333333333333333 0.0899537037037037
0 0.26494791666666667 0.5766145833333333 0.11624999999999996 0.06208333333333336
11 0.24401041666666665 0.6084548611111111 0.09385416666666666 0.053136574074074086
10 0.4294677703125 0.673691303125 0.197724009375 0.615509715625 0.1892185421875 0.649147853125 0.42022546875 0.7070545921875 0.4294677703125 0.673691303125
7 0.21291666666666664 0.6750462962962963 0.07010416666666668 0.047233796296296406
2 0.2628645833333333 0.725457175925926 0.19072916666666667 0.08151620370370374
3 0.6339583333333334 0.48599537037037044 0.031874999999999966 0.034351851851851835
14 0.735625 0.7836805555555555 0.13052083333333347 0.06593750000000007
15 0.7259895833333333 0.8223784722222224 0.12427083333333329 0.06561342592592609