12 0.534375 0.2125 0.4578125 0.0796875
9 0.4921875 0.29375 0.3828125 0.0484375
8 0.32734375 0.35234375 0.0546875 0.034375
16 0.46015625 0.3859375 0.3234375 0.025
4 0.36875 0.41953125 0.1390625 0.028125
1 0.4046875 0.4515625 0.209375 0.0328125
13 0.340625 0.4859375 0.084375 0.0296875
6 0.40390625 0.5171875 0.2109375 0.03125
5 0.403125 0.55078125 0.209375 0.0296875
0 0.334375 0.584375 0.078125 0.0328125
11 0.375 0.6171875 0.1546875 0.03125
10 0.42734375 0.6515625 0.2609375 0.03125
7 0.32265625 0.684375 0.053125 0.028125
2 0.38046875 0.71640625 0.1703125 0.034375
3 0.659375 0.4203125 0.0203125 0.021875
14 0.82578125 0.66328125 0.109375 0.03125
15 0.828125 0.7 0.1078125 0.028125