12 0.5328125 0.09453125 0.46875 0.0859375
9 0.484375 0.17109375 0.3828125 0.0453125
8 0.3203125 0.23203125 0.0609375 0.028125
16 0.38359375 0.265625 0.190625 0.03125
4 0.34296875 0.29921875 0.1109375 0.028125
3 0.6609375 0.303125 0.0234375 0.021875
1 0.3953125 0.33125 0.2171875 0.0296875
13 0.3296875 0.365625 0.0875 0.028125
6 0.3953125 0.39921875 0.21875 0.0296875
5 0.3953125 0.4328125 0.2203125 0.0296875
0 0.3375 0.465625 0.1046875 0.028125
11 0.32578125 0.4984375 0.0828125 0.028125
10 0.38359375 0.53359375 0.196875 0.028125
7 0.31015625 0.56484375 0.053125 0.0296875
2 0.37265625 0.603125 0.1765625 0.0328125
14 0.82890625 0.5484375 0.1125 0.0296875
15 0.83046875 0.5859375 0.115625 0.028125