12 0.5046875 0.19609375 0.4875 0.090625
9 0.46171875 0.27890625 0.4046875 0.05
8 0.29296875 0.3375 0.071875 0.0359375
16 0.4171875 0.37265625 0.3203125 0.03125
4 0.31484375 0.40703125 0.1171875 0.03125
1 0.3578125 0.44140625 0.2015625 0.03125
13 0.3046875 0.47578125 0.0953125 0.0296875
6 0.35703125 0.5078125 0.203125 0.0328125
5 0.3640625 0.5421875 0.215625 0.03125
0 0.2953125 0.575 0.078125 0.028125
11 0.29921875 0.60703125 0.084375 0.0328125
10 0.35625 0.64375 0.1984375 0.0328125
7 0.28671875 0.67578125 0.0578125 0.028125
2 0.346875 0.71015625 0.1796875 0.034375
3 0.63203125 0.41015625 0.028125 0.028125
14 0.796875 0.65546875 0.1140625 0.0296875
15 0.7984375 0.690625 0.1125 0.03125