12 0.50078125 0.140625 0.5 0.0921875
9 0.45546875 0.225 0.4140625 0.0546875
8 0.3453125 0.2890625 0.19375 0.034375
16 0.353125 0.3265625 0.209375 0.03125
4 0.30859375 0.36171875 0.1171875 0.0296875
1 0.29140625 0.396875 0.0828125 0.03125
13 0.296875 0.4328125 0.096875 0.0296875
6 0.2921875 0.46796875 0.0875 0.03125
5 0.3671875 0.50234375 0.2359375 0.03125
0 0.3125 0.53828125 0.1265625 0.03125
11 0.33515625 0.57265625 0.1734375 0.03125
10 0.3828125 0.609375 0.265625 0.034375
7 0.2828125 0.6453125 0.065625 0.028125
2 0.34140625 0.68046875 0.18125 0.034375
3 0.63671875 0.3625 0.021875 0.0296875
14 0.81484375 0.6203125 0.1265625 0.03125
15 0.81484375 0.6578125 0.121875 0.0359375