12 0.2109085648148148 0.5734664351851853 0.17048611111111106 0.45040509259259254
9 0.2733796296296297 0.5178819444444445 0.12037037037037042 0.36284722222222215
8 0.31513310185185184 0.4364293981481482 0.07615740740740744 0.22876157407407405
16 0.3486979166666667 0.4453703703703704 0.08327546296296298 0.2617476851851851
4 0.36996527777777777 0.38347800925925923 0.05763888888888893 0.14704861111111106
1 0.40434027777777776 0.4033564814814815 0.06915509259259256 0.19733796296296297
13 0.4234375 0.34389467592592593 0.04398148148148149 0.08888888888888893
6 0.4651331018518519 0.3885706018518519 0.06712962962962976 0.19103009259259265
5 0.4966145833333334 0.39053819444444443 0.07152777777777786 0.20833333333333331
0 0.516550925925926 0.3318287037037037 0.04791666666666679 0.09994212962962959
11 0.5458622685185185 0.3150752314814815 0.04351851851851851 0.08263888888888893
10 0.592013888888889 0.3776041666666667 0.07725694444444428 0.22256944444444446
7 0.6043402777777778 0.29019097222222223 0.03530092592592595 0.05584490740740744
2 0.6497974537037037 0.3433449074074074 0.0642939814814815 0.17378472222222224
3 0.43006365740740743 0.6554398148148148 0.02650462962962976 0.021238425925925952
14 0.6933449074074074 0.7725983796296296 0.05208333333333322 0.11412037037037041
15 0.7297743055555556 0.767332175925926 0.053298611111111074 0.10949074074074083