12 0.51953125 0.18203125 0.46875 0.0828125
9 0.4765625 0.2625 0.3890625 0.0453125
8 0.35234375 0.3234375 0.140625 0.03125
16 0.4203125 0.3578125 0.278125 0.0296875
4 0.35234375 0.39140625 0.1421875 0.028125
1 0.36171875 0.425 0.1609375 0.03125
13 0.321875 0.459375 0.08125 0.0296875
6 0.36171875 0.4921875 0.1609375 0.028125
5 0.3875 0.52578125 0.2125 0.028125
0 0.31875 0.56015625 0.0734375 0.025
11 0.321875 0.59296875 0.0796875 0.028125
10 0.43828125 0.62578125 0.3140625 0.0328125
7 0.30703125 0.6609375 0.0515625 0.03125
2 0.36953125 0.69375 0.1765625 0.028125
3 0.6453125 0.38984375 0.01875 0.0265625
14 0.8125 0.63359375 0.1171875 0.03125
15 0.8125 0.67109375 0.1109375 0.028125