12 0.1602662037037037 0.5942361111111112 0.2184606481481482 0.5171875
9 0.23041087962962964 0.5333333333333334 0.15928240740740743 0.42243055555555564
8 0.26375000000000004 0.4122395833333333 0.08260416666666667 0.20041666666666663
16 0.30200810185185184 0.41237847222222224 0.084375 0.21454861111111115
4 0.324681712962963 0.3618576388888889 0.0595949074074074 0.12288194444444436
1 0.35399884259259257 0.33817708333333335 0.051296296296296263 0.08972222222222222
13 0.3906712962962963 0.33668402777777773 0.05306712962962958 0.10385416666666672
6 0.423287037037037 0.3248611111111111 0.05292824074074076 0.09447916666666671
5 0.47579861111111105 0.39121527777777776 0.09099537037037031 0.23982638888888888
0 0.4959780092592593 0.33043402777777775 0.06285879629629623 0.13239583333333335
11 0.5352488425925925 0.3462326388888889 0.07449074074074069 0.1797569444444444
10 0.5834606481481481 0.3858506944444444 0.10081018518518511 0.2699305555555555
7 0.592042824074074 0.28005208333333337 0.044791666666666785 0.07225694444444439
2 0.6411979166666667 0.33064236111111106 0.07929398148148152 0.18777777777777782
3 0.4098611111111111 0.6834027777777778 0.034791666666666644 0.02965277777777775
14 0.7044733796296296 0.8073611111111111 0.06285879629629623 0.13239583333333335
15 0.7402719907407407 0.7995833333333333 0.06593750000000007 0.1294097222222222