12 0.46108217592592593 0.13454282407407409 0.46460648148148137 0.20717592592592596
9 0.4442997685185185 0.21983217592592594 0.38508101851851856 0.1549074074074074
8 0.3262789351851852 0.3075810185185185 0.10296296296296292 0.05296296296296301
16 0.44365162037037037 0.31417824074074074 0.33166666666666667 0.12212962962962966
4 0.3641261574074074 0.367193287037037 0.14589120370370373 0.06671296296296295
1 0.40765624999999994 0.39109953703703704 0.21262731481481473 0.08740740740740734
13 0.35813657407407407 0.4372048611111111 0.09027777777777786 0.04946759259259252
6 0.42776620370370366 0.4540856481481482 0.2142824074074074 0.08901620370370367
5 0.4374305555555555 0.48556712962962967 0.21409722222222208 0.08589120370370366
0 0.394849537037037 0.530318287037037 0.10949074074074083 0.057835648148148164
11 0.3960590277777778 0.5638888888888889 0.09184027777777777 0.04951388888888886
10 0.4727199074074074 0.5809780092592594 0.23184027777777771 0.09577546296296298
7 0.40008680555555554 0.6318576388888889 0.06168981481481488 0.04082175925925924
2 0.4652604166666666 0.652505787037037 0.17631944444444442 0.08009259259259274
3 0.6427719907407408 0.3052604166666667 0.021886574074074083 0.027164351851851797
14 0.8806770833333333 0.5033796296296297 0.12383101851851848 0.06293981481481481
15 0.8914467592592594 0.5403530092592593 0.12567129629629648 0.06767361111111114