12 0.24694444444444447 0.5176967592592592 0.17293981481481477 0.4660763888888889
9 0.3329803240740741 0.54296875 0.12668981481481484 0.3794328703703703
8 0.41623263888888895 0.6591493055555555 0.04864583333333332 0.11484953703703696
16 0.42813657407407407 0.5591608796296297 0.08706018518518518 0.30561342592592594
4 0.4800868055555556 0.6487962962962962 0.0483680555555555 0.10547453703703695
1 0.5044791666666667 0.6005844907407407 0.06483796296296304 0.18745370370370368
13 0.5457812499999999 0.6477372685185185 0.041423611111111217 0.08171296296296297
6 0.5666782407407407 0.5871875 0.06493055555555571 0.19057870370370367
5 0.5958564814814815 0.5684606481481481 0.07021990740740733 0.21113425925925924
0 0.6407002314814815 0.6295138888888889 0.03806712962962955 0.0737384259259258
11 0.6644039351851851 0.5844675925925926 0.05756944444444443 0.15275462962962968
10 0.6904282407407407 0.5385185185185184 0.07390046296296297 0.23004629629629642
7 0.7382175925925927 0.6197627314814815 0.03424768518518526 0.050138888888889
2 0.7597800925925926 0.5552662037037037 0.061111111111111074 0.16697916666666668
3 0.4253125 0.35821759259259256 0.02082175925925931 0.01824074074074069
14 0.6286689814814814 0.1442361111111111 0.05337962962962965 0.11665509259259262
15 0.6628819444444445 0.1369849537037037 0.05333333333333332 0.11509259259259261