12 0.22036458333333334 0.5795312499999999 0.21604166666666663 0.4639583333333334
9 0.28682291666666665 0.5159895833333333 0.16229166666666667 0.38104166666666667
8 0.32817708333333334 0.39734375 0.07979166666666666 0.17020833333333324
16 0.3711979166666667 0.4403645833333334 0.11374999999999993 0.2829166666666666
4 0.38666666666666666 0.34833333333333333 0.061979166666666696 0.11302083333333339
1 0.42463541666666665 0.3621354166666667 0.07614583333333336 0.1621875
13 0.45109374999999996 0.3152604166666667 0.05395833333333329 0.08604166666666666
6 0.48890625 0.34307291666666667 0.07458333333333336 0.16208333333333336
5 0.5246354166666667 0.35546875 0.09010416666666679 0.20822916666666663
0 0.5450520833333333 0.28255208333333337 0.05020833333333332 0.07645833333333334
11 0.584375 0.31104166666666666 0.07260416666666672 0.1557291666666666
10 0.6236979166666667 0.33953125 0.10135416666666668 0.2369791666666666
7 0.6419270833333334 0.24109375000000002 0.04250000000000007 0.054166666666666606
2 0.6832291666666667 0.2865625 0.08135416666666657 0.1703125
3 0.4413541666666667 0.6363541666666667 0.0314583333333335 0.028541666666666642
14 0.7056770833333333 0.7198437500000001 0.06572916666666657 0.12260416666666671
15 0.7423437500000001 0.7065104166666666 0.06520833333333335 0.11479166666666671