12 0.48203125 0.1609375 0.46875 0.084375
9 0.44296875 0.2359375 0.3890625 0.0515625
8 0.35 0.29921875 0.159375 0.028125
16 0.4046875 0.33046875 0.2671875 0.0296875
4 0.325 0.3640625 0.109375 0.0296875
1 0.35078125 0.39765625 0.1625 0.028125
13 0.3125 0.43125 0.0875 0.0296875
6 0.34921875 0.4640625 0.159375 0.0296875
5 0.3765625 0.49765625 0.2125 0.0296875
0 0.31953125 0.5328125 0.1 0.028125
11 0.30859375 0.565625 0.078125 0.028125
10 0.38359375 0.5984375 0.228125 0.03125
7 0.2984375 0.6328125 0.05625 0.028125
2 0.3546875 0.66640625 0.171875 0.0328125
3 0.6140625 0.3625 0.025 0.0234375
14 0.78359375 0.60546875 0.115625 0.03125
15 0.78515625 0.6421875 0.1140625 0.028125