12 0.7871122685185185 0.4938078703703703 0.10361111111111114 0.4372685185185185
9 0.7130902777777778 0.45772569444444444 0.07003472222222218 0.36006944444444444
8 0.6460185185185185 0.31368634259259254 0.03168981481481481 0.07083333333333339
16 0.6240509259259259 0.43451967592592594 0.04861111111111107 0.30711805555555555
4 0.5858912037037036 0.33382523148148147 0.03166666666666664 0.10040509259259256
1 0.5580555555555555 0.38686342592592593 0.04153935185185187 0.2007523148148148
13 0.5228645833333333 0.32829861111111114 0.032013888888888786 0.07708333333333331
6 0.4963368055555556 0.39143518518518516 0.041458333333333285 0.1991898148148148
5 0.4650462962962963 0.39296875 0.04310185185185187 0.20086805555555554
0 0.43112268518518515 0.3437210648148148 0.03142361111111107 0.09571759259259256
11 0.40203125 0.37254050925925924 0.03730324074074076 0.14907407407407405
10 0.3719849537037037 0.4131944444444445 0.04456018518518521 0.22899305555555555
7 0.3353761574074074 0.32728587962962963 0.030636574074074118 0.050520833333333307
2 0.30638310185185186 0.3882523148148148 0.03967592592592588 0.1648148148148149
3 0.6041666666666666 0.62578125 0.02112268518518512 0.017129629629629585
14 0.3838888888888889 0.8091435185185185 0.03355324074074071 0.10677083333333322
15 0.3495138888888889 0.8116898148148148 0.03199074074074071 0.10665509259259238