12 0.20019097222222224 0.4913483796296297 0.1621412037037037 0.46469907407407407
9 0.28475694444444444 0.4572974537037037 0.12398148148148147 0.38916666666666655
8 0.36966435185185187 0.33265625 0.048831018518518475 0.1194212962962963
16 0.38671875 0.41596064814814815 0.08002314814814823 0.27606481481481476
4 0.43593171296296296 0.3363599537037037 0.0485069444444445 0.1084837962962963
1 0.4631307870370371 0.367193287037037 0.0610185185185184 0.16177083333333328
13 0.5031655092592593 0.33380208333333333 0.0430787037037037 0.0834143518518518
6 0.528431712962963 0.37715856481481486 0.05945601851851841 0.16174768518518512
5 0.554849537037037 0.4080034722222222 0.06879629629629633 0.21342592592592596
0 0.6005208333333334 0.34251157407407407 0.04123842592592588 0.07401620370370372
11 0.6241319444444444 0.3890162037037037 0.05628472222222225 0.1601388888888889
10 0.65390625 0.41200231481481475 0.06677083333333336 0.19777777777777777
7 0.6987731481481482 0.3473032407407407 0.036087962962962905 0.05832175925925931
2 0.7219444444444445 0.4086516203703704 0.06290509259259273 0.17273148148148146
3 0.38161458333333337 0.6409375 0.025694444444444464 0.02380787037037031
14 0.5858449074074075 0.837824074074074 0.04873842592592599 0.11629629629629648
15 0.621550925925926 0.8451041666666667 0.04864583333333332 0.11317129629629612