5 0.5034953703703703 0.41171296296296295 0.08162037037037032 0.2176967592592593
6 0.47086805555555555 0.40883101851851855 0.07563657407407405 0.19578703703703706
10 0.5973842592592593 0.40867476851851847 0.08631944444444457 0.24428240740740748
2 0.6507118055555556 0.36532986111111115 0.07324074074074076 0.18171296296296297
14 0.6396585648148149 0.7363425925925926 0.05023148148148149 0.10969907407407398
4 0.3785474537037037 0.39858217592592593 0.062106481481481526 0.15195601851851848
12 0.19814814814814816 0.556880787037037 0.1841087962962963 0.4449189814814815
1 0.4099247685185185 0.4225578703703704 0.07600694444444453 0.20203703703703707
15 0.665625 0.7330266203703704 0.046921296296296336 0.106550925925926
16 0.35438078703703707 0.49012731481481486 0.10666666666666665 0.3240856481481481
0 0.5227835648148148 0.33660300925925923 0.04525462962962958 0.0784259259259259
9 0.2686226851851852 0.5009143518518518 0.1360069444444445 0.3711574074074074
11 0.5544791666666666 0.36838541666666663 0.06431712962962965 0.16290509259259256
13 0.43573495370370363 0.3559895833333333 0.045902777777777716 0.08936342592592598
7 0.6135590277777778 0.30703703703703705 0.03936342592592581 0.058078703703703737
8 0.31832175925925926 0.4529108796296296 0.0863194444444444 0.24428240740740748
3 0.4062962962962963 0.628744212962963 0.02142361111111111 0.018900462962962904