12 0.618118015625 0.3485676375 0.6798028453125 0.3466874359375 0.6749284515625 0.321921221875 0.2158472140625 0.33766880781249997 0.220933915625 0.3620812640625 0.28630721718749996 0.360564171875 0.2906683375 0.38151921093749996 0.6192423328125 0.3703916171875 0.618118015625 0.3485676375
9 0.33662825937499996 0.412452471875 0.691205834375 0.40031634687500006 0.6875372796875 0.3741894984375 0.3347661125 0.38505818125 0.33662825937499996 0.412452471875
8 0.6352430555555555 0.4215277777777778 0.08663194444444447 0.026620370370370416
16 0.5274131944444445 0.44328703703703703 0.30749999999999994 0.05353009259259256
4 0.6308391203703703 0.4572627314814815 0.10391203703703696 0.030381944444444465
1 0.6391840277777778 0.4755208333333334 0.09288194444444446 0.026851851851851904
13 0.6444039351851851 0.49366319444444445 0.08506944444444446 0.0265625
6 0.6425925925925926 0.511545138888889 0.08975694444444446 0.02673611111111107
5 0.6306481481481481 0.5298321759259259 0.11788194444444447 0.027777777777777856
0 0.6491030092592592 0.5469039351851852 0.08350694444444447 0.026504629629629583
11 0.6465104166666666 0.5647569444444445 0.09283564814814813 0.025289351851851903
10 0.6190104166666666 0.5848090277777779 0.1492708333333333 0.03362268518518512
7 0.6663020833333333 0.6006076388888889 0.0568518518518518 0.022395833333333216
2 0.6387789351851852 0.6198784722222221 0.11797453703703695 0.030902777777777855
3 0.3370023148148148 0.4697916666666667 0.025555555555555554 0.01967592592592595
14 0.20934027777777775 0.5860243055555555 0.11319444444444446 0.027604166666666784
15 0.20902199074074074 0.6016203703703704 0.10850694444444446 0.027430555555555715