12 0.5203125 0.14296875 0.4828125 0.084375
9 0.47421875 0.22578125 0.4046875 0.05
8 0.32578125 0.2875 0.1140625 0.03125
16 0.4390625 0.3234375 0.340625 0.03125
4 0.340625 0.3578125 0.146875 0.03125
3 0.653125 0.36015625 0.0171875 0.0234375
1 0.3703125 0.39296875 0.20625 0.0296875
13 0.3078125 0.42890625 0.0828125 0.0328125
6 0.36796875 0.4640625 0.2046875 0.03125
5 0.37890625 0.4984375 0.2265625 0.03125
0 0.303125 0.5328125 0.0765625 0.0296875
11 0.3046875 0.5671875 0.078125 0.028125
10 0.4296875 0.60390625 0.3296875 0.0328125
7 0.28984375 0.6390625 0.0515625 0.028125
2 0.35234375 0.67421875 0.178125 0.0328125
14 0.83125 0.6203125 0.115625 0.028125
15 0.83515625 0.66015625 0.1125 0.0390625