12 0.525 0.13046875 0.4703125 0.0875
9 0.4796875 0.21171875 0.39375 0.0515625
8 0.3421875 0.275 0.1109375 0.03125
16 0.453125 0.30859375 0.3359375 0.03125
4 0.33828125 0.34140625 0.10625 0.0296875
1 0.39453125 0.3734375 0.2203125 0.0296875
13 0.32421875 0.41015625 0.0828125 0.03125
6 0.39296875 0.4421875 0.2203125 0.03125
5 0.39453125 0.47578125 0.2234375 0.0296875
0 0.334375 0.5109375 0.103125 0.0296875
11 0.32265625 0.5453125 0.078125 0.0265625
10 0.44375 0.58046875 0.3203125 0.0359375
7 0.3078125 0.61328125 0.0515625 0.028125
2 0.36953125 0.646875 0.1734375 0.03125
3 0.66015625 0.34140625 0.028125 0.03125
14 0.828125 0.590625 0.1140625 0.03125
15 0.8296875 0.628125 0.109375 0.0328125