12 0.53359375 0.19453125 0.4671875 0.08125
9 0.49296875 0.27109375 0.3953125 0.0484375
8 0.37421875 0.33125 0.1609375 0.0296875
16 0.45703125 0.365625 0.33125 0.03125
4 0.3453125 0.39921875 0.1078125 0.028125
1 0.3984375 0.4328125 0.215625 0.0296875
13 0.33046875 0.46484375 0.0796875 0.0265625
6 0.396875 0.49921875 0.215625 0.028125
5 0.3953125 0.5328125 0.2140625 0.0296875
0 0.32578125 0.5671875 0.075 0.028125
11 0.3265625 0.6 0.078125 0.028125
10 0.38828125 0.6359375 0.196875 0.03125
7 0.3125 0.66875 0.0515625 0.0265625
2 0.37421875 0.70390625 0.171875 0.03125
3 0.66171875 0.403125 0.0171875 0.0203125
14 0.83515625 0.65234375 0.1140625 0.03125
15 0.83515625 0.69140625 0.1140625 0.0328125