12 0.58203125 0.121875 0.4796875 0.0875
9 0.52890625 0.19921875 0.390625 0.05
8 0.353125 0.26015625 0.04375 0.03125
16 0.471875 0.29453125 0.28125 0.03125
4 0.403125 0.328125 0.1453125 0.028125
1 0.4359375 0.36171875 0.2140625 0.03125
13 0.36875 0.39609375 0.0796875 0.0265625
13 0.36796875 0.39609375 0.08125 0.03125
6 0.434375 0.4296875 0.2140625 0.03125
5 0.43359375 0.46328125 0.2125 0.03125
0 0.36171875 0.49609375 0.071875 0.028125
11 0.365625 0.5296875 0.0765625 0.028125
10 0.6415771484375 0.5520779078125 0.3260416671875 0.547222221875 0.3240051265625 0.5770128031249999 0.6415100093749999 0.5863172750000001 0.6415771484375 0.5520779078125
7 0.37833251875 0.5824978296875 0.3244791671875 0.5826388890625 0.324424234375 0.609920246875 0.3740376796875 0.6099446609375 0.37833251875 0.5824978296875
2 0.494138590625 0.615188259375 0.32362060625 0.6139838328125 0.3228841140625 0.6487250437500001 0.4937296546875 0.6510552296875 0.494138590625 0.615188259375
3 0.7153096515625 0.31690809531249997 0.6921875 0.31805555625 0.691149903125 0.34696994375 0.713612875 0.3462836375 0.7153096515625 0.31690809531249997
14 0.875 0.5890625 0.11875 0.0359375
15 0.87734375 0.62890625 0.11875 0.0328125