12 0.51484375 0.21640625 0.4734375 0.084375
9 0.4671875 0.2953125 0.3890625 0.0515625
8 0.36640625 0.35546875 0.1859375 0.03125
16 0.41640625 0.38984375 0.2859375 0.03125
4 0.33046875 0.4234375 0.115625 0.028125
1 0.359375 0.4578125 0.1703125 0.0296875
13 0.31640625 0.49140625 0.0875 0.03125
6 0.35625 0.52421875 0.165625 0.028125
5 0.37890625 0.5578125 0.2109375 0.03125
0 0.3265625 0.590625 0.10625 0.0296875
11 0.35625 0.62265625 0.165625 0.028125
10 0.39765625 0.65703125 0.24375 0.03125
7 0.30078125 0.6921875 0.0515625 0.028125
2 0.3625 0.72578125 0.175 0.034375
3 0.63984375 0.421875 0.0203125 0.0296875
14 0.809375 0.665625 0.11875 0.0328125
15 0.8109375 0.7015625 0.1125 0.03125