12 0.16802662037037036 0.49896412037037036 0.15784722222222225 0.4847800925925926
9 0.2531481481481482 0.4556597222222223 0.10414351851851844 0.38249999999999995
8 0.332181712962963 0.303587962962963 0.03777777777777782 0.06613425925925931
16 0.35303240740740743 0.4141377314814815 0.0676273148148148 0.28047453703703695
4 0.39405671296296296 0.34672453703703704 0.0479166666666667 0.14122685185185188
1 0.4252777777777778 0.3628240740740741 0.05217592592592588 0.16314814814814813
13 0.463900462962963 0.32664930555555555 0.03874999999999993 0.08488425925925931
6 0.49144097222222227 0.36849537037037033 0.05381944444444446 0.1647337962962963
5 0.5203703703703704 0.3986342592592592 0.05805555555555557 0.21631944444444445
0 0.5614351851851852 0.33043981481481477 0.038263888888888785 0.0755092592592593
11 0.5895949074074075 0.37542245370370375 0.04856481481481474 0.1537268518518519
10 0.6171354166666666 0.4172685185185185 0.06207175925925927 0.2335532407407408
7 0.6616782407407408 0.3272337962962963 0.03376157407407412 0.04890046296296298
2 0.6873032407407408 0.390943287037037 0.05093750000000004 0.16937499999999997
3 0.3588773148148148 0.6331423611111111 0.017916666666666713 0.014317129629629655
14 0.5798263888888889 0.820150462962963 0.041770833333333354 0.11303240740740747
15 0.6147800925925926 0.8245775462962962 0.043333333333333356 0.11305555555555565