12 0.55078125 0.20390625 0.4359375 0.075
9 0.5078125 0.2765625 0.3640625 0.046875
8 0.35703125 0.33203125 0.06875 0.025
16 0.478125 0.3625 0.3109375 0.0265625
4 0.3890625 0.39453125 0.1328125 0.0265625
1 0.421875 0.425 0.2 0.0265625
13 0.359375 0.45703125 0.0765625 0.025
6 0.42265625 0.48828125 0.2015625 0.0265625
5 0.42109375 0.51875 0.2015625 0.028125
0 0.3546875 0.55 0.06875 0.025
11 0.35625 0.58125 0.0734375 0.028125
10 0.47109375 0.61484375 0.3046875 0.0265625
7 0.340625 0.64609375 0.0453125 0.0265625
2 0.4 0.678125 0.1625 0.028125
3 0.6703125 0.39609375 0.015625 0.0171875
14 0.8375 0.628125 0.10625 0.0265625
15 0.83984375 0.6640625 0.109375 0.0265625