12 0.49453125 0.284375 0.3421875 0.0859375
9 0.45625 0.35859375 0.359375 0.0484375
8 0.38203125 0.41484375 0.1671875 0.0296875
16 0.43203125 0.446875 0.271875 0.0296875
4 0.35390625 0.47890625 0.1140625 0.028125
1 0.34765625 0.50859375 0.1015625 0.0265625
3 0.6171875 0.47890625 0.0203125 0.03125
13 0.34375 0.540625 0.0953125 0.028125
6 0.36328125 0.5703125 0.134375 0.028125
5 0.36796875 0.6015625 0.1421875 0.0296875
0 0.33359375 0.63359375 0.0734375 0.028125
11 0.3375 0.66328125 0.0828125 0.0265625
10 0.41328125 0.69453125 0.2328125 0.028125
7 0.321875 0.72578125 0.0515625 0.028125
2 0.3875 0.75703125 0.18125 0.028125
14 0.76796875 0.69765625 0.11875 0.0234375
15 0.76796875 0.7234375 0.1 0.0234375