12 0.7119424546875 0.41336448125 0.6494230890625 0.7309369234374999 0.6684984140625 0.736693803125 0.65741865 0.794960721875 0.686555540625 0.7998279328125 0.7689152406249999 0.3679164203125 0.7445373515625 0.3612416984375 0.7344033953125 0.416039690625 0.7119424546875 0.41336448125
9 0.650467390625 0.7116473125 0.717767353125 0.3550459171875 0.6924944187500001 0.350507359375 0.62519908125 0.7060200828125 0.650467390625 0.7116473125
8 0.629361603125 0.6146228484375 0.6832689359375 0.3448022 0.6676885765625 0.3433702453125 0.6157220109375 0.6092469406250001 0.629361603125 0.6146228484375
16 0.6183182171875 0.5812191203125 0.6643825484375 0.343203415625 0.6486777046875 0.33960190468749996 0.6035581203125 0.5786572046875 0.6183182171875 0.5812191203125
4 0.6256539351851852 0.40869212962962964 0.04893518518518523 0.1394097222222223
1 0.6090625000000001 0.3963136574074074 0.04555555555555557 0.12219907407407415
13 0.5962037037037037 0.3721875 0.03396990740740744 0.07836805555555557
6 0.5746064814814815 0.39109953703703704 0.04555555555555557 0.12219907407407407
5 0.5580960648148148 0.3841898148148148 0.042314814814814736 0.1143634259259259
0 0.5444560185185185 0.36006944444444444 0.03231481481481495 0.0721064814814815
11 0.52078125 0.3969675925925926 0.05224537037037038 0.1519328703703704
10 0.49706018518518513 0.4307407407407407 0.07366898148148149 0.22708333333333322
7 0.49495949074074075 0.3416840277777778 0.027326388888888786 0.05175925925925924
2 0.4675868055555556 0.39267361111111115 0.053900462962963046 0.1581944444444444
3 0.5740856481481481 0.6723842592592593 0.01592592592592581 0.020428240740740834
14 0.4181828703703704 0.8024594907407409 0.042314814814814916 0.11436342592592581
15 0.40012152777777776 0.7963425925925927 0.04222222222222225 0.10811342592592599