12 0.39735532407407403 0.14352430555555556 0.46819444444444447 0.19413194444444448
9 0.45416087962962964 0.2140625 0.3830555555555556 0.13881944444444444
8 0.6217592592592592 0.24652777777777776 0.07562499999999997 0.04552083333333332
16 0.5044733796296297 0.3007291666666666 0.3217245370370371 0.10954861111111107
4 0.6199710648148148 0.31446180555555553 0.10696759259259263 0.05315972222222225
1 0.5748148148148149 0.3546701388888889 0.21200231481481496 0.08125
13 0.6448495370370371 0.37654513888888885 0.08343749999999997 0.04586805555555555
6 0.5871354166666667 0.42010416666666667 0.21356481481481496 0.0813194444444445
5 0.5952662037037036 0.45173611111111106 0.21043981481481494 0.0811805555555555
0 0.6551099537037037 0.47550347222222217 0.10228009259259263 0.05295138888888893
11 0.635792824074074 0.5129513888888889 0.15400462962962963 0.06618055555555565
10 0.6015856481481482 0.5528645833333334 0.23865740740740743 0.08868055555555543
7 0.7014120370370371 0.5690277777777778 0.05209490740740748 0.03822916666666672
2 0.6476041666666668 0.6127604166666666 0.16811342592592596 0.06993055555555543
3 0.31741319444444444 0.3682465277777778 0.01590277777777782 0.019444444444444466
14 0.1993113425925926 0.6358333333333334 0.1131712962962963 0.05031250000000007
15 0.2057986111111111 0.6728645833333333 0.11321759259259263 0.05343750000000007