12 0.4728298611111111 0.1601388888888889 0.5052314814814813 0.22300925925925927
9 0.45081018518518523 0.25160300925925927 0.4021759259259259 0.16552083333333334
8 0.3512615740740741 0.34452546296296294 0.16179398148148144 0.07653935185185183
16 0.38188078703703704 0.37171875 0.20122685185185185 0.08510416666666672
4 0.3669618055555556 0.4110185185185185 0.15048611111111115 0.0696412037037037
1 0.4098032407407407 0.4327835648148149 0.22181712962962957 0.09099537037037031
13 0.3540798611111111 0.484693287037037 0.09027777777777776 0.05206018518518522
6 0.42858217592592596 0.4983101851851853 0.2217245370370371 0.08943287037037032
5 0.4375578703703704 0.5307060185185185 0.2217245370370371 0.08943287037037032
0 0.37714699074074076 0.5828935185185186 0.08071759259259252 0.04837962962962976
11 0.43005208333333333 0.602494212962963 0.1662962962962963 0.07369212962962965
10 0.48842592592592593 0.6217708333333334 0.2662152777777777 0.10452546296296301
7 0.3972280092592592 0.6836226851851852 0.061689814814814795 0.042581018518518476
2 0.4655729166666667 0.6991724537037036 0.1838541666666668 0.0809606481481481
3 0.6536979166666667 0.32817129629629627 0.02666666666666657 0.029606481481481504
14 0.8882986111111112 0.5165393518518518 0.12208333333333314 0.06328703703703695
15 0.9014120370370371 0.5526099537037037 0.11583333333333315 0.06291666666666665