12 0.18836805555555555 0.5578125 0.1930555555555556 0.48802083333333324
9 0.25166666666666665 0.5098437499999999 0.14243055555555556 0.4005208333333332
8 0.29161458333333334 0.4096875 0.06503472222222229 0.16635416666666672
16 0.3351388888888889 0.4601041666666667 0.09156250000000003 0.27250000000000013
4 0.34854166666666664 0.37609375 0.05499999999999998 0.11583333333333332
1 0.3876909722222222 0.39817708333333335 0.06673611111111111 0.16958333333333336
13 0.41149305555555554 0.3553645833333333 0.049409722222222285 0.09520833333333326
6 0.4518750000000001 0.38765625000000004 0.06659722222222228 0.1664583333333333
5 0.49105902777777777 0.41052083333333333 0.07982638888888882 0.21875
0 0.51171875 0.34958333333333336 0.05145833333333325 0.10625
11 0.541423611111111 0.3344270833333333 0.04586805555555564 0.08562500000000002
10 0.5905381944444444 0.40546875 0.08364583333333328 0.2345833333333333
7 0.6044791666666667 0.31604166666666667 0.041770833333333354 0.06354166666666661
2 0.6504166666666666 0.3681770833333333 0.07340277777777775 0.17937499999999992
3 0.41508680555555555 0.6640625 0.02944444444444443 0.03156250000000007
14 0.6915277777777777 0.8024479166666667 0.05840277777777771 0.12229166666666665
15 0.7272222222222222 0.799375 0.055208333333333394 0.12052083333333333