12 0.8239236111111111 0.4722048611111111 0.15902777777777785 0.48315972222222214
9 0.7448611111111111 0.4405381944444445 0.11340277777777778 0.39684027777777775
8 0.6709375 0.35357638888888887 0.053611111111111144 0.16472222222222221
16 0.6461979166666667 0.4111284722222222 0.07315972222222218 0.2717361111111112
4 0.6033159722222222 0.33493055555555556 0.047812500000000036 0.11451388888888889
1 0.5729513888888889 0.3640798611111111 0.05364583333333321 0.1662847222222222
13 0.5354166666666667 0.3287847222222222 0.044201388888888894 0.09249999999999999
6 0.507170138888889 0.36819444444444444 0.055173611111111145 0.16479166666666673
5 0.4767708333333333 0.39890625 0.0641319444444445 0.21670138888888885
0 0.43494791666666666 0.34543402777777776 0.044479166666666715 0.10499999999999998
11 0.4014930555555556 0.3376909722222222 0.040868055555555574 0.08298611111111107
10 0.3770833333333333 0.41559027777777774 0.06760416666666665 0.23246527777777787
7 0.3335416666666667 0.33388888888888885 0.037256944444444426 0.06097222222222225
2 0.3064236111111111 0.3928993055555555 0.060138888888888874 0.17749999999999994
3 0.6391493055555555 0.6227430555555555 0.027187499999999965 0.02930555555555543
14 0.41748263888888887 0.8146527777777777 0.04951388888888886 0.12083333333333357
15 0.3813888888888889 0.8200868055555557 0.046354166666666606 0.11913194444444457