12 0.3511963515625 0.27440713906249997 0.5357445203125 0.2651730359375 0.5321012875 0.25499629687500003 0.56412599375 0.25396196249999997 0.5590527640625 0.23545577812500001 0.31771598437500004 0.247501465625 0.3144655890625 0.26156051874999997 0.3461485515625 0.2618143859375 0.3511963515625 0.27440713906249997
9 0.5220435718750001 0.2663774015625 0.3200811234375 0.27780894218749996 0.323994940625 0.2944216046875 0.528002528125 0.28505027968749996 0.5220435718750001 0.2663774015625
8 0.388623590625 0.2962450671875 0.338717009375 0.2983949375 0.3421049453125 0.30846036875 0.38601149375 0.30599334375 0.388623590625 0.2962450671875
16 0.45075779687499995 0.3222831671875 0.4485294015625 0.3025932171875 0.4046584375 0.3062828 0.3425383921875 0.30924555625 0.346710615625 0.3277525046875 0.419531684375 0.3227127171875 0.45075779687499995 0.3222831671875
4 0.419326184375 0.3249443984375 0.3469387296875 0.32850239375 0.3496408421875 0.338200375 0.4240727234375 0.3337795609375 0.419326184375 0.3249443984375
1 0.44026101406249996 0.33368525625 0.4193878671875 0.33554021093749997 0.3490056265625 0.339470540625 0.352114821875 0.34875733750000004 0.44311090468750003 0.3439637265625 0.44026101406249996 0.33368525625
13 0.39942957031250004 0.3473295390625 0.35230902343750004 0.3499558578125 0.3535913640625 0.3576442 0.399850828125 0.35545367968749997 0.39942957031250004 0.3473295390625
6 0.45421565781249995 0.3535422703125 0.35281911093749996 0.3590191296875 0.3552794125 0.36929138125 0.45406498281249996 0.363494028125 0.45421565781249995 0.3535422703125
5 0.3603957125 0.3784418796875 0.45552125156249995 0.37337511874999996 0.45038927656250005 0.3643684625 0.3569622265625 0.3688308515625 0.3603957125 0.3784418796875
0 0.41423834375 0.376333759375 0.3565957328125 0.37829337500000004 0.3589259421875 0.38162964375 0.360850615625 0.3891241546875 0.4185377015625 0.384904053125 0.41423834375 0.376333759375
11 0.36110316875000004 0.39075724843750004 0.36360330625000004 0.39889387187500003 0.40756546406250005 0.39497153281249997 0.40323238124999994 0.38585255625000003 0.36110316875000004 0.39075724843750004
10 0.4921789171875 0.4023977 0.49507016249999997 0.399275875 0.48799504687499995 0.3912738078125 0.364998971875 0.399706315625 0.3684327265625 0.4192349375 0.406180384375 0.4171027859375 0.4921789171875 0.4023977
7 0.3728711375 0.428636015625 0.3998301421875 0.42713455468749995 0.396771453125 0.418389559375 0.36942719375 0.41982096562500004 0.3728711375 0.428636015625
2 0.4611742953125 0.43497203593749995 0.4599544 0.42330827812500005 0.4078946359375 0.42745125 0.3719913015625 0.42931214687499997 0.374451134375 0.4404032640625 0.4611742953125 0.43497203593749995
3 0.519553159375 0.3211186171875 0.524412825 0.3291936015625 0.5391430546875 0.328152846875 0.5306826874999999 0.3168963703125 0.519553159375 0.3211186171875
14 0.6622769796875 0.37592558593750003 0.597511228125 0.3803996234375 0.5987188171875 0.3903517328125 0.6621237515625 0.38721453125 0.6622769796875 0.37592558593750003
15 0.66005815 0.3873213625 0.599702571875 0.39097865625 0.60427140625 0.40208190625 0.66265231875 0.39723390468750003 0.66005815 0.3873213625