12 0.13185185185185183 0.4531018518518518 0.12569444444444447 0.5219444444444445
9 0.2150983796296296 0.5043113425925926 0.078125 0.4257638888888888
8 0.2734664351851852 0.6433275462962963 0.043356481481481524 0.15999999999999998
16 0.31484375 0.5438715277777778 0.05586805555555552 0.3730671296296297
4 0.34611111111111115 0.6486574074074074 0.040289351851851854 0.167650462962963
1 0.38406250000000003 0.5896643518518518 0.053738425925925884 0.2964236111111111
13 0.41616898148148146 0.6866782407407407 0.035092592592592634 0.0986574074074074
6 0.45402199074074073 0.6409664351851851 0.04831018518518526 0.19618055555555552
5 0.48980902777777774 0.6631423611111111 0.04337962962962969 0.16312499999999996
0 0.52234375 0.70234375 0.03658564814814813 0.08936342592592598
11 0.5609664351851852 0.6582349537037037 0.043495370370370344 0.17874999999999996
10 0.5964293981481481 0.6186516203703704 0.05194444444444439 0.26509259259259255
7 0.6269097222222222 0.7241782407407408 0.037951388888888896 0.06288194444444457
2 0.6672106481481481 0.664525462962963 0.04670138888888893 0.18984953703703694
3 0.3624826388888889 0.3376678240740741 0.03461805555555557 0.03459490740740741
14 0.6487847222222222 0.1977662037037037 0.08115740740740733 0.20256944444444444
15 0.7026909722222222 0.2005613425925926 0.040023148148148203 0.13171296296296298