12 0.23712384259259256 0.5641840277777778 0.13587962962962957 0.4651388888888889
9 0.31264467592592593 0.5166840277777778 0.0955439814814815 0.38774305555555555
8 0.35011574074074076 0.348125 0.04120370370370372 0.058680555555555534
16 0.40023148148148147 0.47881944444444446 0.06516203703703702 0.3261805555555554
4 0.42254050925925923 0.38564236111111116 0.04583333333333339 0.14152777777777778
1 0.45891203703703703 0.41923611111111114 0.059375 0.21208333333333335
13 0.4845486111111111 0.3526736111111111 0.04068287037037024 0.08677083333333328
6 0.5235243055555555 0.41442708333333333 0.05787037037037024 0.2136111111111111
5 0.5569733796296297 0.4112673611111111 0.05625 0.21201388888888886
0 0.5816550925925925 0.33999999999999997 0.04207175925925917 0.08211805555555554
11 0.6190104166666667 0.37907986111111114 0.05109953703703703 0.15725694444444444
10 0.6598668981481481 0.42838541666666663 0.06284722222222214 0.2636805555555554
7 0.6793402777777777 0.321875 0.03483796296296297 0.05541666666666671
2 0.7188657407407407 0.3773958333333334 0.05486111111111107 0.17451388888888886
3 0.45902777777777787 0.6752777777777779 0.02424768518518512 0.022395833333333216
14 0.721412037037037 0.8255208333333334 0.04473379629629619 0.11184027777777779
15 0.7581018518518519 0.8255555555555556 0.04155092592592595 0.11020833333333328