12 0.8495949074074074 0.485011574074074 0.18483796296296298 0.5248842592592592
9 0.7570891203703705 0.5180844907407407 0.12662037037037024 0.42754629629629637
8 0.6681712962962963 0.6438657407407408 0.062152777777777855 0.1614583333333334
16 0.6518518518518519 0.5368055555555555 0.09965277777777785 0.3734953703703704
4 0.5975405092592593 0.6339988425925925 0.05931712962962958 0.16915509259259273
1 0.5742766203703704 0.5669849537037036 0.08744212962962976 0.2965856481481481
13 0.5210358796296296 0.6563368055555555 0.04583333333333321 0.1
6 0.49487847222222214 0.6042534722222221 0.07129629629629619 0.19768518518518513
5 0.45613425925925927 0.6181712962962963 0.062268518518518515 0.1645833333333334
0 0.415162037037037 0.6501157407407407 0.045486111111111074 0.090625
11 0.38897569444444446 0.5988136574074074 0.06284722222222214 0.18020833333333322
10 0.3633969907407407 0.5521701388888889 0.08165509259259256 0.266724537037037
7 0.309056712962963 0.650144675925926 0.04456018518518512 0.065625
2 0.28501157407407407 0.5831597222222222 0.06793981481481488 0.19131944444444446
3 0.6543113425925926 0.32294560185185184 0.038831018518518515 0.03732638888888893
14 0.41192129629629626 0.1267361111111111 0.1043981481481481 0.206712962962963
15 0.3592013888888889 0.11776620370370369 0.05486111111111107 0.13310185185185186