12 0.51796875 0.13046875 0.48125 0.0859375
9 0.47421875 0.2125 0.3984375 0.04375
8 0.321875 0.27421875 0.1015625 0.0328125
16 0.415625 0.3109375 0.290625 0.03125
4 0.32734375 0.3453125 0.115625 0.0296875
3 0.6546875 0.3484375 0.028125 0.028125
1 0.375 0.3796875 0.209375 0.03125
13 0.31796875 0.41484375 0.1015625 0.03125
6 0.3765625 0.44921875 0.2140625 0.03125
5 0.38125 0.484375 0.23125 0.03125
0 0.3140625 0.51953125 0.0953125 0.028125
11 0.3546875 0.553125 0.1765625 0.0328125
10 0.4046875 0.58984375 0.2796875 0.0328125
7 0.296875 0.625 0.0671875 0.0296875
2 0.3578125 0.66015625 0.184375 0.03125
14 0.83046875 0.60078125 0.121875 0.0359375
15 0.8328125 0.640625 0.121875 0.0296875