12 0.14916087962962962 0.5300868055555555 0.10121527777777777 0.39914351851851854
9 0.23185185185185184 0.4849479166666667 0.05769675925925925 0.4144444444444444
8 0.29907986111111107 0.3235300925925926 0.030960648148148095 0.0861574074074074
16 0.3313773148148148 0.41078125 0.033645833333333285 0.2674074074074074
4 0.3657928240740741 0.3550636574074074 0.03197916666666663 0.1549074074074074
1 0.40040509259259255 0.39152199074074073 0.03297453703703716 0.2220949074074074
13 0.436556712962963 0.32407407407407407 0.031076388888888928 0.0939699074074074
6 0.47106481481481477 0.3675636574074074 0.03703703703703702 0.17994212962962958
5 0.5068692129629631 0.32355324074074077 0.031053240740740763 0.09240740740740741
0 0.5413599537037037 0.3154861111111111 0.030821759259259097 0.07678240740740741
11 0.5743750000000001 0.35429976851851847 0.033518518518518545 0.15335648148148148
10 0.6081886574074075 0.4446643518518519 0.03937500000000007 0.33775462962962965
7 0.6446585648148148 0.30300347222222224 0.032037037037036954 0.05335648148148149
2 0.6804050925925926 0.3683564814814814 0.03708333333333336 0.18306712962962965
3 0.36432291666666666 0.6651967592592593 0.030127314814814808 0.029907407407407403
14 0.6164525462962963 0.8359664351851851 0.031747685185185046 0.1392824074074074
15 0.6547106481481482 0.8372453703703704 0.03293981481481474 0.11429398148148166