12 0.7658043981481482 0.5708275462962963 0.23403935185185176 0.5751851851851854
9 0.6728530092592593 0.5938773148148148 0.16282407407407398 0.4372569444444444
8 0.5665509259259259 0.7244386574074074 0.06464120370370381 0.12680555555555556
16 0.5623958333333333 0.6007696759259259 0.12144675925925927 0.35797453703703697
4 0.5011400462962963 0.6888773148148148 0.07034722222222226 0.16131944444444457
1 0.48661458333333335 0.5985243055555556 0.11109953703703698 0.3248842592592592
13 0.42025462962962956 0.7005555555555556 0.05291666666666668 0.09991898148148141
6 0.402806712962963 0.6296643518518519 0.08630787037037031 0.2257986111111112
5 0.36452546296296295 0.6285300925925925 0.08106481481481484 0.2069097222222222
0 0.31299768518518517 0.6786111111111112 0.04942129629629628 0.08732638888888893
11 0.29030671296296295 0.6263310185185185 0.07549768518518522 0.1770833333333334
10 0.26787037037037037 0.5654571759259259 0.10355324074074072 0.2809490740740742
7 0.2040162037037037 0.6620891203703703 0.045648148148148146 0.06535879629629626
2 0.18505208333333334 0.5895891203703704 0.07908564814814811 0.19280092592592588
3 0.5792418981481482 0.37528935185185186 0.03847222222222228 0.033923611111111106
14 0.34960648148148143 0.12921296296296297 0.12168981481481485 0.20811342592592594
15 0.2931076388888889 0.10955439814814816 0.06491898148148145 0.13618055555555558