12 0.21421874999999999 0.48515625 0.14960648148148153 0.5046875
9 0.2972280092592593 0.44375 0.10568287037037036 0.4109375
8 0.3645023148148148 0.2796875 0.041631944444444444 0.0796875
16 0.3990451388888889 0.43359375 0.07890046296296296 0.3765625
4 0.43634259259259256 0.32421875 0.05037037037037031 0.1578125
1 0.47377314814814814 0.3078125 0.04686342592592592 0.1203125
13 0.5099247685185185 0.296875 0.04079861111111107 0.09375
6 0.5421643518518519 0.34609375 0.05347222222222214 0.1875
5 0.5761516203703703 0.36875 0.05878472222222229 0.2296875
0 0.6153125 0.2953125 0.03990740740740737 0.0765625
11 0.6497337962962962 0.34140625 0.050694444444444285 0.1640625
10 0.6842766203703704 0.38984375 0.06484953703703696 0.25625
7 0.7230844907407408 0.29453125 0.03613425925925924 0.0640625
2 0.7575347222222222 0.35625 0.05643518518518533 0.184375
3 0.4327314814814815 0.63125 0.027939814814814844 0.0265625
14 0.6858680555555555 0.82734375 0.045462962962962906 0.1234375
15 0.7266956018518519 0.83125 0.04743055555555564 0.13125