12 0.776244212962963 0.543443287037037 0.12731481481481488 0.46390046296296283
9 0.6963541666666666 0.5841203703703703 0.08674768518518512 0.38471064814814826
8 0.621712962962963 0.7079108796296296 0.03744212962962976 0.07909722222222229
16 0.6005844907407407 0.5758043981481482 0.06384259259259259 0.3403587962962963
4 0.5600578703703704 0.6653877314814814 0.03876157407407401 0.15400462962962963
1 0.5287210648148148 0.6527199074074075 0.04630787037037045 0.17606481481481495
13 0.4910648148148148 0.6938657407407407 0.036712962962963044 0.09311342592592595
6 0.46314236111111107 0.649994212962963 0.04777777777777779 0.1745486111111111
5 0.4319039351851853 0.6224594907407408 0.05258101851851862 0.22928240740740743
0 0.39166087962962964 0.694050925925926 0.03753472222222225 0.08065972222222229
11 0.3639236111111111 0.6470543981481481 0.04759259259259263 0.1714236111111111
10 0.33379629629629626 0.6007696759259259 0.05599537037037035 0.2605787037037038
7 0.2902314814814815 0.7020023148148148 0.032928240740740744 0.05556712962962962
2 0.2638831018518518 0.631568287037037 0.05192129629629631 0.19182870370370358
3 0.5791493055555555 0.4092534722222222 0.023078703703703594 0.02096064814814813
14 0.36208333333333337 0.22907986111111112 0.03800925925925931 0.11498842592592595
15 0.33317708333333335 0.22822337962962963 0.03304398148148149 0.11016203703703704