12 0.52265625 0.19453125 0.4765625 0.0921875
9 0.47109375 0.2734375 0.378125 0.0515625
8 0.3125 0.33046875 0.0640625 0.028125
16 0.4203125 0.36640625 0.278125 0.0296875
4 0.34921875 0.3984375 0.1390625 0.028125
1 0.36171875 0.43125 0.1609375 0.0296875
13 0.321875 0.46484375 0.0828125 0.0265625
6 0.3609375 0.49765625 0.1625 0.03125
5 0.3875 0.53125 0.2140625 0.028125
0 0.315625 0.5625 0.0734375 0.028125
11 0.35703125 0.596875 0.1515625 0.028125
10 0.39609375 0.6296875 0.23125 0.0296875
7 0.30234375 0.66171875 0.046875 0.0265625
2 0.3625 0.69609375 0.1671875 0.028125
3 0.6359375 0.403125 0.0125 0.015625
14 0.79921875 0.6484375 0.1109375 0.0265625
15 0.8 0.68359375 0.1109375 0.028125