12 0.52734375 0.14453125 0.4625 0.08125
9 0.484375 0.22265625 0.3890625 0.046875
8 0.3421875 0.284375 0.109375 0.028125
16 0.45234375 0.31796875 0.3328125 0.028125
4 0.3578125 0.35078125 0.1453125 0.028125
1 0.3921875 0.384375 0.215625 0.028125
13 0.32734375 0.41875 0.0828125 0.0265625
6 0.390625 0.4515625 0.2109375 0.028125
5 0.39140625 0.4859375 0.2140625 0.0296875
0 0.3203125 0.51953125 0.0703125 0.0265625
11 0.3625 0.55234375 0.1578125 0.028125
10 0.4109375 0.58671875 0.25625 0.028125
7 0.30703125 0.62109375 0.046875 0.0265625
2 0.36953125 0.6546875 0.1734375 0.0296875
3 0.6546875 0.35390625 0.0140625 0.0171875
14 0.8296875 0.603125 0.1140625 0.0265625
15 0.828125 0.63984375 0.1125 0.028125