12 0.1721585648148148 0.3995486111111111 0.22189814814814818 0.4793055555555556
9 0.2364699074074074 0.4597569444444445 0.16055555555555562 0.3921180555555555
8 0.25736689814814817 0.5942708333333334 0.07258101851851854 0.145173611111111
16 0.3107928240740741 0.5353472222222223 0.11170138888888888 0.27868055555555565
4 0.32201967592592595 0.6092187499999999 0.06954861111111103 0.14666666666666667
1 0.3572222222222222 0.60765625 0.07847222222222223 0.16559027777777793
13 0.37788194444444445 0.6540104166666667 0.05353009259259256 0.08701388888888886
6 0.4211400462962963 0.6218402777777777 0.07525462962962948 0.16395833333333343
5 0.46117476851851846 0.6045659722222222 0.09071759259259267 0.21423611111111107
0 0.473917824074074 0.6791840277777779 0.04672453703703709 0.07749999999999986
11 0.5056712962962964 0.6831597222222222 0.051875000000000074 0.08541666666666661
10 0.57203125 0.5771354166666667 0.12633101851851852 0.31489583333333326
7 0.5663657407407408 0.7122395833333334 0.04561342592592581 0.05874999999999986
2 0.6163425925925926 0.6588541666666667 0.08086805555555543 0.1796875
3 0.40844907407407405 0.32251736111111107 0.031168981481481596 0.025659722222222216
14 0.6919039351851852 0.21322916666666666 0.06659722222222228 0.12319444444444443
15 0.7272858796296295 0.22180555555555553 0.06144675925925931 0.11527777777777777