12 0.8665798611111111 0.6162673611111111 0.1828125 0.501724537037037
9 0.7906770833333333 0.5564467592592592 0.13232638888888887 0.4176967592592593
8 0.7447916666666666 0.38308449074074075 0.046076388888888785 0.08999999999999994
16 0.6999652777777777 0.4614641203703703 0.08170138888888889 0.2604166666666668
4 0.6723958333333334 0.4021701388888889 0.06149305555555564 0.15636574074074083
1 0.6319097222222222 0.4379513888888889 0.08100694444444442 0.2447916666666666
13 0.6056770833333334 0.3561400462962963 0.047847222222222284 0.09478009259259253
6 0.5669965277777778 0.39748263888888885 0.06954861111111121 0.19736111111111115
5 0.53078125 0.3891030092592592 0.07104166666666671 0.19589120370370372
0 0.501545138888889 0.3273726851851852 0.04430555555555564 0.08521990740740737
11 0.46336805555555555 0.3625115740740741 0.06368055555555543 0.17052083333333332
10 0.4229166666666667 0.3990740740740741 0.08170138888888889 0.2604166666666667
7 0.398125 0.2970891203703704 0.04190972222222218 0.06637731481481479
2 0.35748263888888887 0.3468865740740741 0.06743055555555558 0.18476851851851847
14 0.3635069444444444 0.8155381944444444 0.05711805555555553 0.1280555555555555
15 0.3265104166666667 0.8071122685185186 0.055208333333333304 0.12015046296296283
3 0.6366145833333333 0.7015972222222222 0.04222222222222225 0.03834490740740755