12 0.6063020833333332 0.2129108796296296 0.4952430555555555 0.20887731481481478
9 0.5401793981481482 0.2791261574074074 0.394849537037037 0.15427083333333336
8 0.4079224537037037 0.3076388888888889 0.15832175925925931 0.07108796296296296
16 0.4193518518518518 0.346875 0.19744212962962954 0.07947916666666668
4 0.3871238425925926 0.37296296296296294 0.14734953703703707 0.06623842592592588
1 0.4126099537037037 0.4131886574074074 0.2162268518518518 0.0844444444444445
13 0.3390509259259259 0.42850694444444437 0.08785879629629631 0.04973379629629626
6 0.39493055555555556 0.4793402777777779 0.2177777777777778 0.08290509259259267
5 0.38609953703703703 0.511244212962963 0.2177777777777778 0.08290509259259267
0 0.30864583333333334 0.5249421296296296 0.07846064814814815 0.046469907407407265
11 0.3434837962962963 0.568431712962963 0.16298611111111114 0.06803240740740737
10 0.383761574074074 0.6159085648148148 0.2616319444444445 0.09761574074074061
7 0.2735532407407407 0.6213078703703704 0.059675925925925896 0.04150462962962962
2 0.3247685185185185 0.6689467592592593 0.17866898148148155 0.07607638888888886
3 0.6748668981481482 0.4498900462962963 0.025208333333333322 0.02849537037037031
14 0.7798148148148148 0.7327256944444445 0.11917824074074072 0.05957175925925924
15 0.772505787037037 0.7701215277777778 0.11292824074074073 0.05947916666666657