12 0.6246701388888889 0.1435474537037037 0.48246527777777787 0.21302083333333335
9 0.5614930555555555 0.2068865740740741 0.39222222222222225 0.15659722222222222
8 0.40081597222222226 0.2243923611111111 0.09958333333333336 0.055208333333333304
16 0.5064756944444444 0.2900752314814815 0.33371527777777776 0.1232060185185185
4 0.38760416666666664 0.2911458333333333 0.11364583333333336 0.05572916666666661
1 0.4295659722222222 0.33804976851851853 0.21750000000000008 0.09236111111111107
13 0.36039930555555555 0.35425347222222225 0.09802083333333336 0.05515046296296298
6 0.41168402777777774 0.40384837962962966 0.21743055555555557 0.08923611111111107
5 0.40234375 0.43712384259259257 0.21743055555555557 0.08923611111111107
0 0.3278125 0.4484375 0.08222222222222228 0.04675925925925917
11 0.3580902777777778 0.49334490740740744 0.16083333333333333 0.07152777777777786
10 0.38840277777777776 0.5366898148148148 0.24416666666666664 0.09803240740740744
7 0.28664930555555557 0.5415219907407407 0.05552083333333328 0.03952546296296298
2 0.3355902777777778 0.5910300925925925 0.17822916666666674 0.0815393518518519
3 0.6920659722222222 0.38295717592592593 0.023993055555555642 0.025868055555555537
14 0.7889062499999999 0.6695891203703704 0.11840277777777786 0.05902777777777786
15 0.7818229166666667 0.706857638888889 0.11847222222222235 0.062152777777777855