12 0.7140335648148148 0.5016550925925926 0.1630208333333334 0.4509606481481482
9 0.6350405092592593 0.4705844907407407 0.11961805555555553 0.3709953703703704
8 0.5778935185185186 0.4506192129629629 0.09045138888888893 0.31456018518518525
16 0.5470775462962962 0.45508101851851845 0.08888888888888893 0.31454861111111115
4 0.5116898148148149 0.35241898148148143 0.044791666666666785 0.09871527777777782
1 0.48223379629629626 0.3912847222222222 0.05804398148148149 0.17221064814814824
13 0.448582175925926 0.3496064814814815 0.04195601851851851 0.08151620370370374
6 0.41909722222222223 0.3994155092592593 0.05949074074074066 0.17065972222222223
5 0.38605324074074077 0.36008680555555556 0.04241898148148149 0.08776620370370365
0 0.3552662037037037 0.3536053240740741 0.0409143518518519 0.06745370370370374
11 0.3271412037037037 0.3956076388888889 0.05596064814814809 0.14408564814814814
10 0.29811921296296295 0.43916666666666665 0.06967592592592595 0.22383101851851847
7 0.26296296296296295 0.3544849537037037 0.036516203703703634 0.05024305555555557
2 0.23518518518518522 0.41290509259259256 0.05856481481481488 0.15815972222222213
3 0.5201967592592592 0.6385763888888889 0.02482638888888893 0.01892361111111107
14 0.2968460648148148 0.815144675925926 0.04884259259259256 0.11123842592592581
15 0.264525462962963 0.8188136574074074 0.04704861111111107 0.10810185185185191