12 0.13707175925925924 0.45610532407407406 0.16846064814814815 0.5137731481481481
9 0.22740162037037037 0.4266203703703704 0.1186805555555556 0.4213541666666668
8 0.3078009259259259 0.328761574074074 0.06385416666666668 0.19913194444444446
16 0.3435416666666667 0.3433738425925926 0.0625 0.21313657407407413
4 0.3855266203703704 0.3058449074074074 0.047094907407407405 0.12199074074074075
1 0.42243055555555553 0.2947048611111111 0.043460648148148096 0.0875
13 0.4574247685185185 0.30694444444444446 0.04366898148148159 0.1015625
6 0.4925810185185185 0.3082465277777778 0.045092592592592594 0.09224537037037042
5 0.515630787037037 0.3880497685185185 0.06758101851851847 0.23987268518518512
0 0.5593287037037037 0.3404224537037037 0.0503587962962964 0.13148148148148148
11 0.5893923611111112 0.36889467592592595 0.05730324074074069 0.17858796296296298
10 0.6190856481481481 0.4223668981481482 0.07427083333333329 0.2697916666666666
7 0.669693287037037 0.33043981481481477 0.03851851851851862 0.07013888888888893
2 0.6953298611111112 0.3939236111111112 0.062106481481481526 0.18657407407407406
3 0.3353993055555556 0.6291666666666667 0.033206018518518475 0.027777777777777856
14 0.5627199074074074 0.8502025462962962 0.05035879629629623 0.13148148148148167
15 0.6001504629629629 0.8562789351851852 0.0549768518518519 0.12696759259259238