12 0.50703125 0.1890625 0.5 0.0890625
9 0.459375 0.27109375 0.4078125 0.05625
8 0.290625 0.33515625 0.078125 0.0328125
16 0.4421875 0.371875 0.375 0.0328125
4 0.33046875 0.4078125 0.15625 0.03125
1 0.3109375 0.44453125 0.11875 0.0328125
13 0.29765625 0.48046875 0.0921875 0.0296875
6 0.34453125 0.51328125 0.1859375 0.03125
5 0.36484375 0.54765625 0.228125 0.03125
0 0.2890625 0.58515625 0.075 0.03125
11 0.3328125 0.6203125 0.1625 0.03125
10 0.37890625 0.65625 0.2546875 0.034375
7 0.28046875 0.69296875 0.0625 0.028125
2 0.33984375 0.728125 0.1828125 0.034375
3 0.63828125 0.409375 0.025 0.025
14 0.81640625 0.665625 0.121875 0.03125
15 0.81796875 0.70625 0.1296875 0.03125