5 0.4809201388888889 0.6140104166666667 0.06263888888888883 0.22104166666666672
6 0.5138368055555556 0.6208854166666666 0.05902777777777786 0.1989583333333332
10 0.38631944444444444 0.6045833333333334 0.06479166666666662 0.24770833333333328
2 0.3348784722222222 0.6417187500000001 0.05871527777777778 0.1848958333333332
14 0.33444444444444443 0.2711458333333333 0.03989583333333328 0.11031250000000004
4 0.6056076388888889 0.6433854166666666 0.04864583333333332 0.15302083333333344
12 0.7819965277777777 0.5069270833333334 0.14576388888888908 0.45124999999999993
1 0.5737673611111112 0.6147395833333333 0.05760416666666668 0.20510416666666664
15 0.3086979166666667 0.27098958333333334 0.038263888888888875 0.10708333333333328
16 0.6270312499999999 0.5543229166666667 0.07753472222222228 0.3296875
0 0.46303819444444444 0.6869270833333333 0.03923611111111107 0.08062500000000003
9 0.7128472222222222 0.5545833333333333 0.10354166666666664 0.3766666666666666
11 0.43024305555555553 0.6504166666666666 0.05045138888888889 0.1640625
13 0.5502256944444445 0.6786979166666667 0.03947916666666664 0.09156250000000003
7 0.37373263888888886 0.70515625 0.03409722222222218 0.05999999999999996
8 0.6646180555555555 0.5958333333333334 0.06479166666666672 0.24770833333333328
3 0.5707465277777778 0.40859375 0.019131944444444392 0.01843749999999993