12 0.4752893518518519 0.2011226851851852 0.5008680555555556 0.15366898148148148
9 0.4457175925925926 0.2883796296296296 0.41145833333333337 0.10145833333333334
8 0.2884837962962963 0.36609953703703707 0.07662037037037042 0.04430555555555564
16 0.41655092592592596 0.38657407407407407 0.3244791666666666 0.0726967592592593
4 0.320630787037037 0.4327256944444445 0.12199074074074075 0.046203703703703705
1 0.3685763888888889 0.4619791666666666 0.2052083333333333 0.05775462962962976
13 0.3216435185185185 0.5022453703703704 0.09994212962962959 0.04135416666666671
6 0.3788194444444445 0.5276620370370371 0.20839120370370362 0.05934027777777775
5 0.3910011574074074 0.5613368055555557 0.21932870370370372 0.05942129629629633
0 0.328443287037037 0.6014872685185185 0.08263888888888893 0.03810185185185198
11 0.33741319444444445 0.6327951388888888 0.0890625 0.04283564814814813
10 0.3994502314814815 0.6629340277777778 0.2036458333333334 0.0577430555555555
7 0.3353298611111111 0.7030729166666666 0.06221064814814818 0.03482638888888889
2 0.40037615740740745 0.7301099537037037 0.1848958333333332 0.05760416666666668
3 0.6349247685185185 0.3991261574074074 0.03240740740740744 0.031481481481481485
14 0.8361689814814814 0.6239930555555555 0.11880787037037024 0.044618055555555536
15 0.8437210648148149 0.6591956018518518 0.11730324074074047 0.04616898148148145