12 0.16058449074074074 0.5798842592592592 0.16928240740740744 0.4986574074074074
9 0.23369212962962962 0.521099537037037 0.11231481481481484 0.40011574074074063
8 0.27836805555555555 0.39739583333333334 0.05746527777777777 0.16572916666666665
16 0.32328703703703704 0.4518634259259259 0.07866898148148146 0.28664351851851855
4 0.3442766203703703 0.36105902777777776 0.04615740740740737 0.1154050925925926
1 0.3823784722222222 0.386412037037037 0.057523148148148094 0.17354166666666665
13 0.4108391203703704 0.34193287037037035 0.04284722222222222 0.09031249999999993
6 0.45122106481481483 0.3759490740740741 0.05593749999999993 0.17037037037037034
5 0.4877893518518519 0.397349537037037 0.0657060185185184 0.22377314814814814
0 0.5102314814814815 0.3214351851851852 0.04436342592592588 0.08410879629629626
11 0.5461863425925926 0.32015625000000003 0.04126157407407405 0.08714120370370368
10 0.5909780092592593 0.39181134259259254 0.07049768518518515 0.23797453703703705
7 0.6112037037037037 0.29864004629629626 0.03637731481481481 0.06043981481481477
2 0.6537789351851852 0.35303819444444445 0.059120370370370344 0.1782754629629629
3 0.39271990740740736 0.6781886574074074 0.028310185185185154 0.025833333333333285
14 0.6690972222222222 0.8168749999999999 0.054050925925925954 0.1265740740740739
15 0.7074189814814815 0.8125405092592592 0.0493287037037037 0.12174768518518526