12 0.8289525462962963 0.4294849537037037 0.16848379629629626 0.46677083333333336
9 0.7618460648148149 0.4844444444444445 0.1177777777777779 0.38984953703703695
8 0.7307928240740742 0.6490219907407407 0.04119212962962955 0.07216435185185191
16 0.6756886574074074 0.5291087962962964 0.08917824074074084 0.3209027777777777
4 0.6633738425925926 0.6407118055555555 0.0453819444444445 0.10812500000000007
1 0.6213831018518519 0.5943171296296297 0.0671875 0.2113888888888889
13 0.6015451388888888 0.6629050925925926 0.0430787037037037 0.08311342592592581
6 0.5568402777777778 0.6039930555555555 0.0671875 0.2113888888888889
5 0.5242129629629629 0.61 0.06723379629629633 0.2129513888888889
0 0.5017534722222222 0.6691956018518519 0.04689814814814817 0.10657407407407415
11 0.4710127314814815 0.6861516203703704 0.04146990740740737 0.0815393518518519
10 0.4226273148148148 0.6084664351851852 0.07298611111111111 0.24892361111111114
7 0.40771412037037036 0.7114583333333334 0.03907407407407408 0.053402777777777646
2 0.363125 0.6564525462962962 0.05987268518518522 0.17540509259259257
3 0.6035648148148148 0.3356481481481482 0.02394675925925931 0.01736111111111107
14 0.33402777777777776 0.20164930555555555 0.048692129629629655 0.11439814814814815
15 0.2966666666666667 0.20605902777777776 0.048692129629629655 0.11439814814814815