12 0.25613280625 0.749020065625 0.22467206874999998 0.3640157625 0.12787132031249998 0.3641365125 0.1567953125 0.7795649171875 0.25613280625 0.749020065625
9 0.3103115765625 0.7204564 0.2839416453125 0.3058877375 0.234838775 0.312637934375 0.2629144078125 0.723962440625 0.3103115765625 0.7204564
8 0.33765625 0.48171875000000003 0.0744791666666667 0.30649305555555556
16 0.39707742968750004 0.6378145828124999 0.3906164671875 0.5074703515625 0.3968620703125 0.5005511984375 0.392680496875 0.4937849640625 0.3904324859375 0.48769909218749996 0.38042993593749996 0.32927000156249997 0.35359510312500003 0.3293769828125 0.3503224140625 0.33405053125 0.367226478125 0.63998309375 0.39707742968750004 0.6378145828124999
4 0.42767761875000004 0.4938069109375 0.4149526203125 0.32587002656249997 0.3846706859375 0.3271819609375 0.3941988234375 0.49575702499999996 0.42767761875000004 0.4938069109375
1 0.45842683281249996 0.4321161703125 0.45313253906249995 0.3218655703125 0.41869528593750005 0.32446881875 0.4260792765625 0.43679810625000004 0.45842683281249996 0.4321161703125
13 0.47479166666666667 0.370787037037037 0.04527777777777775 0.10589120370370368
6 0.5098263888888889 0.39216435185185183 0.050555555555555645 0.15442129629629625
5 0.5471527777777778 0.39718171296296295 0.05593749999999993 0.17018518518518527
0 0.5810590277777777 0.35594328703703704 0.043020833333333286 0.09021990740740744
11 0.6153993055555556 0.3577430555555555 0.043368055555555604 0.09803240740740735
10 0.6586805555555555 0.49279513888888893 0.08364583333333328 0.3723032407407407
7 0.6890972222222222 0.3364583333333333 0.038854166666666676 0.06668981481481477
2 0.7296875 0.40884837962962967 0.06270833333333332 0.21719907407407407
3 0.42074652777777777 0.6891377314814815 0.03868055555555561 0.027673611111111107
14 0.6804166666666667 0.84859375 0.0484375 0.14187499999999992
15 0.7094270833333334 0.8471064814814815 0.04107638888888889 0.11668981481481495