12 0.5552372685185185 0.2508159722222222 0.4628472222222223 0.14611111111111114
9 0.49939236111111107 0.3230729166666667 0.3797453703703704 0.09430555555555556
8 0.3532986111111111 0.3620486111111111 0.10144675925925925 0.041284722222222216
16 0.44230324074074073 0.4078125 0.29126157407407405 0.06579861111111107
4 0.34618055555555555 0.42756944444444445 0.10607638888888893 0.03982638888888897
3 0.6472511574074075 0.4686631944444445 0.014814814814814881 0.02062500000000007
1 0.3932291666666667 0.4661458333333333 0.2111689814814815 0.05309027777777775
13 0.3258391203703704 0.4912326388888889 0.0841435185185185 0.037777777777777646
6 0.3822337962962963 0.5307986111111112 0.2081018518518519 0.05458333333333343
5 0.3771412037037037 0.5627430555555556 0.2096643518518518 0.0546180555555555
0 0.3051215277777778 0.5861631944444444 0.07320601851851852 0.03753472222222225
11 0.30309606481481477 0.6197395833333333 0.07789351851851851 0.037638888888889
10 0.3555555555555555 0.6599999999999999 0.1924768518518519 0.05423611111111111
7 0.2788773148148148 0.6825347222222222 0.05121527777777786 0.033923611111111286
2 0.33362268518518523 0.7244097222222222 0.1721064814814815 0.05222222222222221
14 0.7815393518518519 0.7273263888888889 0.1125 0.044652777777777784
15 0.7763020833333334 0.7631770833333333 0.1109375 0.044618055555555536