12 0.52578125 0.24609375 0.525 0.084375
9 0.46171875 0.32890625 0.403125 0.0515625
8 0.30859375 0.39765625 0.1 0.03125
16 0.3578125 0.43203125 0.196875 0.03125
4 0.31640625 0.46796875 0.115625 0.0296875
1 0.35234375 0.5015625 0.1859375 0.028125
13 0.303125 0.5390625 0.084375 0.028125
6 0.35390625 0.57421875 0.1890625 0.028125
5 0.3609375 0.60859375 0.2015625 0.028125
0 0.2984375 0.64375 0.075 0.0296875
11 0.30234375 0.6796875 0.084375 0.028125
10 0.3625 0.7140625 0.203125 0.03125
7 0.2875 0.75078125 0.0546875 0.0296875
2 0.35078125 0.7859375 0.1765625 0.03125
3 0.640625 0.4671875 0.0203125 0.021875
14 0.81796875 0.7234375 0.1234375 0.03125
15 0.8171875 0.76171875 0.1203125 0.0328125