12 0.6188368055555555 0.45328125 0.048113425925926025 0.4018750000000001
9 0.5792071759259259 0.4167361111111111 0.033032407407407406 0.3324999999999999
8 0.5492361111111111 0.3461458333333333 0.01943287037037038 0.1523263888888889
16 0.5330208333333333 0.41253472222222226 0.01983796296296294 0.2850694444444445
4 0.5160532407407408 0.32260416666666664 0.01559027777777775 0.10374999999999997
1 0.5005902777777778 0.33423611111111107 0.01752314814814824 0.12881944444444446
13 0.4838020833333333 0.3091840277777778 0.01678240740740744 0.07881944444444447
6 0.46776620370370364 0.33491319444444445 0.017546296296296403 0.13038194444444445
5 0.45047453703703705 0.3286458333333333 0.017314814814814738 0.11475694444444447
0 0.4345254629629629 0.30746527777777777 0.016689814814814952 0.07256944444444446
11 0.4181539351851852 0.3105381944444444 0.016736111111111108 0.07569444444444447
10 0.4027662037037037 0.3800173611111111 0.018842592592592668 0.21788194444444448
7 0.3850983796296296 0.2955902777777778 0.014780092592592631 0.04906249999999997
2 0.3695833333333333 0.35647569444444444 0.018148148148148115 0.17100694444444448
3 0.5157581018518519 0.5665277777777777 0.012754629629629654 0.017743055555555644
14 0.4029745370370371 0.7106944444444444 0.013958333333333428 0.09899305555555564
15 0.38894675925925926 0.7136631944444444 0.013888888888888928 0.09430555555555564