12 0.8171527777777777 0.5728587962962963 0.18628472222222214 0.5104050925925925
9 0.743923611111111 0.5108564814814814 0.13569444444444442 0.4128125000000001
8 0.7056076388888889 0.33300347222222226 0.04715277777777782 0.08348379629629629
16 0.6462847222222223 0.47504629629629636 0.10520833333333321 0.37643518518518526
4 0.6280729166666668 0.35840856481481487 0.06135416666666664 0.16023148148148145
1 0.5946875 0.3321412037037037 0.05583333333333336 0.12266203703703704
13 0.5614409722222222 0.3121238425925926 0.04743055555555564 0.0959837962962963
6 0.52171875 0.35214699074074074 0.06670138888888885 0.18998842592592596
5 0.48453125 0.3656539351851852 0.07541666666666665 0.2307291666666666
0 0.45928819444444446 0.284056712962963 0.04552083333333332 0.08033564814814813
11 0.4179340277777778 0.320931712962963 0.06305555555555564 0.1665046296296296
10 0.37505208333333334 0.3593460648148148 0.08381944444444445 0.2574074074074074
7 0.35399305555555555 0.25516203703703705 0.0405555555555555 0.06776620370370363
2 0.30984375000000003 0.3068344907407407 0.06975694444444444 0.18690972222222219
3 0.5801041666666666 0.6599421296296296 0.030347222222222213 0.030127314814814808
14 0.29942708333333334 0.7869907407407408 0.054340277777777765 0.12576388888888895
15 0.2586805555555555 0.7809201388888889 0.056076388888888926 0.13359953703703695