12 0.7926331018518519 0.5512152777777778 0.1396643518518518 0.47037037037037044
9 0.7092881944444445 0.5103703703703704 0.10574074074074069 0.39342592592592585
8 0.6308622685185185 0.3800520833333333 0.04394675925925924 0.12124999999999994
16 0.6094212962962964 0.4607407407407408 0.06657407407407412 0.2787037037037036
4 0.5644791666666666 0.37767939814814816 0.04378472222222225 0.11031250000000004
1 0.5360243055555556 0.4064351851851852 0.05238425925925938 0.163900462962963
13 0.4972453703703703 0.3705729166666667 0.03872685185185176 0.08503472222222222
6 0.47052662037037035 0.4111400462962963 0.050821759259259205 0.16380787037037034
5 0.44207175925925923 0.43989583333333326 0.057835648148148164 0.21574074074074084
0 0.398900462962963 0.3709895833333333 0.03702546296296294 0.07556712962962955
11 0.3738020833333333 0.4155555555555555 0.04921296296296296 0.16059027777777785
10 0.3421064814814815 0.43631365740740746 0.05760416666666668 0.20011574074074084
7 0.30127893518518517 0.3675462962962963 0.03366898148148145 0.05975694444444439
2 0.274837962962963 0.42686342592592597 0.05410879629629628 0.1749305555555555
3 0.6033912037037037 0.6859664351851851 0.023784722222222145 0.02482638888888893
14 0.3890393518518519 0.8645023148148148 0.043900462962962995 0.11812499999999986
15 0.3532060185185185 0.8694039351851852 0.04229166666666675 0.1149074074074072