12 0.7556655092592592 0.5536400462962963 0.1455208333333335 0.443148148148148
9 0.6787962962962963 0.5175983796296296 0.10532407407407404 0.36456018518518524
8 0.6011574074074074 0.3751851851851852 0.038564814814814954 0.07381944444444448
16 0.5884259259259259 0.4957118055555556 0.07951388888888893 0.3085763888888888
4 0.5429861111111112 0.39640624999999996 0.042129629629629586 0.10366898148148156
1 0.519519675925926 0.4499189814814815 0.06233796296296301 0.20307870370370368
13 0.4797280092592592 0.39156250000000004 0.038657407407407265 0.08006944444444439
6 0.45846643518518515 0.45457175925925924 0.06075231481481484 0.20143518518518527
5 0.42715856481481485 0.4568576388888889 0.06390046296296284 0.20315972222222206
0 0.38957175925925924 0.40799768518518514 0.04049768518518517 0.09890046296296298
11 0.36255787037037035 0.4370891203703703 0.05065972222222222 0.15251157407407412
10 0.3353587962962963 0.47868055555555555 0.06587962962962965 0.23136574074074084
7 0.29205439814814815 0.3935590277777778 0.03513888888888896 0.0533449074074074
2 0.2677025462962963 0.45406250000000004 0.0555787037037037 0.16837962962962968
3 0.5824537037037036 0.6877372685185186 0.02215277777777782 0.019884259259259275
14 0.3764236111111111 0.873298611111111 0.04378472222222225 0.11000000000000014
15 0.3419675925925926 0.8769849537037036 0.04222222222222225 0.10991898148148138