12 0.21010995370370372 0.5304224537037037 0.11467592592592588 0.5063310185185184
9 0.2940625 0.4807465277777778 0.07657407407407409 0.42452546296296295
8 0.35400462962962964 0.2978472222222222 0.03488425925925931 0.06925925925925931
16 0.3944155092592593 0.43160879629629634 0.04466435185185187 0.33499999999999996
4 0.4286863425925926 0.3397048611111111 0.03553240740740744 0.15675925925925932
1 0.46371527777777777 0.3563715277777778 0.03736111111111118 0.19271990740740746
13 0.4992361111111111 0.30663194444444447 0.0350462962962963 0.0911342592592593
6 0.5356712962962963 0.34436921296296297 0.03878472222222236 0.17399305555555555
5 0.5715451388888889 0.3524305555555555 0.03890046296296301 0.18961805555555564
0 0.6055381944444445 0.2980266203703704 0.03343750000000014 0.08486111111111114
11 0.6414814814814814 0.29671296296296296 0.031886574074074046 0.08640046296296297
10 0.6788252314814814 0.42270833333333335 0.047824074074074116 0.3397337962962963
7 0.7127141203703704 0.2769097222222222 0.033206018518518475 0.053611111111111144
2 0.7504976851851852 0.3435300925925926 0.04046296296296283 0.18964120370370363
3 0.4365219907407408 0.6528356481481481 0.033032407407407406 0.030173611111111144
14 0.6993634259259259 0.8137673611111111 0.039907407407407544 0.11464120370370381
15 0.737650462962963 0.8124189814814814 0.038391203703703705 0.12086805555555565