12 0.46953125 0.25625 0.43125 0.071875
9 0.4328125 0.3296875 0.353125 0.04375
8 0.3046875 0.38671875 0.096875 0.0234375
16 0.3453125 0.4171875 0.1859375 0.025
4 0.30546875 0.44765625 0.1046875 0.0234375
1 0.35078125 0.4765625 0.19375 0.0265625
13 0.2921875 0.5078125 0.075 0.0234375
6 0.3546875 0.5375 0.2 0.028125
5 0.3546875 0.56640625 0.1984375 0.0265625
0 0.290625 0.59765625 0.065625 0.028125
11 0.2921875 0.62734375 0.06875 0.025
10 0.3140625 0.6578125 0.1125 0.028125
7 0.2828125 0.6890625 0.053125 0.025
2 0.334375 0.7171875 0.1515625 0.028125
3 0.58125 0.44453125 0.015625 0.0171875
14 0.73515625 0.66484375 0.1046875 0.0265625
15 0.73359375 0.69765625 0.1046875 0.028125