12 0.5563657407407407 0.12788773148148147 0.47876157407407405 0.19991898148148152
9 0.5772280092592592 0.21779513888888888 0.40364583333333337 0.15243055555555554
8 0.7182002314814815 0.3096064814814815 0.07673611111111107 0.049097222222222216
16 0.5813657407407408 0.31678240740740743 0.3414351851851851 0.11624999999999996
4 0.6644965277777778 0.3689467592592593 0.1491898148148149 0.06685185185185186
1 0.622193287037037 0.39439236111111114 0.21840277777777786 0.08138888888888891
13 0.6758391203703704 0.4419675925925926 0.09392361111111107 0.04960648148148152
6 0.6048611111111111 0.4620196759259259 0.22164351851851852 0.08460648148148149
5 0.5950520833333334 0.49508680555555556 0.22326388888888893 0.08621527777777782
0 0.6541087962962963 0.5440625 0.08454861111111107 0.0493287037037037
11 0.6040509259259259 0.5681770833333333 0.16817129629629618 0.07365740740740741
10 0.5547453703703704 0.5930497685185185 0.24849537037037023 0.09320601851851862
7 0.639380787037037 0.646730324074074 0.057754629629629586 0.042291666666666575
2 0.5706886574074075 0.6682754629629629 0.18240740740740727 0.07876157407407405
3 0.3747395833333333 0.3119791666666667 0.02436342592592595 0.025694444444444464
14 0.14230324074074074 0.5194270833333333 0.11759259259259255 0.05655092592592599
15 0.1316261574074074 0.554861111111111 0.1208333333333333 0.05976851851851848