12 0.4729340277777778 0.2051099537037037 0.4921643518518518 0.10831018518518523
9 0.5151967592592592 0.2820023148148148 0.4067708333333334 0.07331018518518526
8 0.5743287037037037 0.3433912037037037 0.24334490740740744 0.04085648148148149
16 0.5591782407407407 0.380005787037037 0.2746412037037036 0.04265046296296297
4 0.6230960648148148 0.41173611111111114 0.14633101851851862 0.03545138888888886
1 0.59703125 0.44748842592592586 0.19793981481481496 0.03739583333333343
13 0.6522858796296296 0.4814988425925926 0.09008101851851862 0.03503472222222222
6 0.5973148148148149 0.5170370370370371 0.19793981481481476 0.03739583333333343
5 0.59078125 0.5529340277777778 0.2137037037037036 0.04219907407407408
0 0.6452546296296295 0.5869386574074074 0.10561342592592596 0.03202546296296305
11 0.6168460648148149 0.6226736111111111 0.15887731481481476 0.037106481481481525
10 0.5829918981481481 0.6575868055555556 0.2292361111111111 0.03918981481481474
7 0.6726446759259259 0.6910706018518519 0.05248842592592595 0.03163194444444439
2 0.612181712962963 0.7273495370370371 0.1746412037037036 0.04190972222222218
3 0.3398668981481482 0.42370370370370375 0.030613425925925954 0.031469907407407405
14 0.17190972222222223 0.6857986111111111 0.11825231481481482 0.036805555555555536
15 0.1684085648148148 0.72484375 0.11834490740740744 0.03993055555555571