12 0.4340509259259259 0.2447222222222222 0.48592592592592593 0.18276620370370367
9 0.4913194444444445 0.31889467592592596 0.3955208333333333 0.13283564814814816
8 0.5993981481481482 0.36831597222222223 0.19082175925925923 0.06917824074074072
16 0.5544212962962962 0.4074537037037037 0.2897222222222222 0.08990740740740737
4 0.6436863425925926 0.43164351851851845 0.1200925925925926 0.05146990740740733
1 0.6190914351851852 0.4694907407407408 0.17510416666666656 0.06524305555555543
13 0.6659837962962963 0.49774305555555554 0.0919675925925926 0.05001157407407408
6 0.6312326388888889 0.5350636574074075 0.17032407407407407 0.061875000000000034
5 0.6129571759259258 0.5708912037037037 0.21439814814814823 0.07508101851851859
0 0.6684895833333333 0.5980266203703704 0.11071759259259259 0.050983796296296194
11 0.6432060185185186 0.6327083333333333 0.17032407407407407 0.061875000000000034
10 0.6068460648148148 0.6715104166666667 0.24734953703703705 0.08146990740740741
7 0.7070486111111112 0.6962673611111111 0.055752314814814775 0.0387731481481481
2 0.6503067129629629 0.7363599537037038 0.17993055555555557 0.070173611111111
3 0.3368287037037037 0.4626793981481482 0.025972222222222195 0.03410879629629626
14 0.19922453703703705 0.7231423611111112 0.12340277777777775 0.0578819444444445
15 0.20206597222222222 0.7592824074074074 0.11706018518518517 0.05443287037037035