12 0.8034780092592593 0.4258854166666667 0.16444444444444456 0.4841666666666667
9 0.7208622685185185 0.40484375000000006 0.11857638888888893 0.40614583333333343
8 0.6419618055555556 0.30390625 0.05902777777777786 0.16791666666666671
16 0.6217824074074074 0.3927083333333333 0.0915162037037037 0.33718750000000003
4 0.5702083333333333 0.29229166666666667 0.0476967592592592 0.1140625
1 0.5455613425925926 0.35171875 0.06879629629629633 0.22166666666666668
13 0.5030497685185186 0.2928645833333333 0.04123842592592588 0.08552083333333335
6 0.47986111111111107 0.36625 0.06723379629629633 0.22156250000000002
5 0.44623842592592594 0.3723958333333333 0.06878472222222225 0.22010416666666668
0 0.4013888888888889 0.3129166666666666 0.04120370370370381 0.08083333333333335
11 0.36852430555555554 0.3221354166666667 0.04122685185185189 0.08395833333333336
10 0.34381365740740744 0.39015625000000004 0.0671064814814815 0.20437500000000003
7 0.29901041666666667 0.3244270833333333 0.03478009259259256 0.05697916666666671
2 0.27429398148148143 0.39322916666666663 0.06223379629629626 0.17906249999999996
3 0.6186805555555555 0.600625 0.023587962962962904 0.021875
14 0.4014699074074074 0.8290625 0.050868055555555534 0.12052083333333315
15 0.36313657407407407 0.8386458333333333 0.052442129629629616 0.12218750000000007