12 0.5169791666666667 0.23736111111111108 0.4822916666666666 0.11993055555555561
9 0.46734375000000006 0.31491319444444443 0.3949999999999999 0.07430555555555554
8 0.3207291666666666 0.37277777777777776 0.12270833333333328 0.03861111111111111
16 0.4140625 0.41204861111111113 0.32177083333333345 0.05239583333333329
4 0.3075 0.4425 0.11291666666666664 0.03215277777777779
1 0.4328645833333334 0.4810590277777777 0.3703125 0.055034722222222145
13 0.28729166666666667 0.5115972222222223 0.08791666666666664 0.031597222222222145
6 0.3402604166666666 0.5478645833333333 0.20114583333333336 0.04503472222222218
5 0.35036458333333337 0.5835243055555555 0.2276041666666666 0.044062500000000074
0 0.2694270833333333 0.6157465277777778 0.07406249999999996 0.03440972222222225
11 0.2710416666666667 0.6500347222222222 0.08489583333333331 0.03309027777777764
10 0.33947916666666667 0.6882986111111111 0.23562500000000003 0.047361111111111145
7 0.24604166666666663 0.7207986111111111 0.055312499999999966 0.03399305555555543
3 0.6242708333333333 0.4534027777777778 0.01843749999999993 0.01913194444444457
14 0.7676041666666668 0.7138888888888889 0.12281250000000003 0.040173611111111104
15 0.7627083333333333 0.7522222222222222 0.11645833333333329 0.03847222222222228
2 0.30515625 0.7584895833333334 0.18541666666666662 0.04312500000000004