12 0.09546874999999999 0.616724537037037 0.18656250000000002 0.4570023148148149
9 0.16796875 0.5594560185185184 0.13781249999999998 0.38135416666666677
8 0.20848958333333334 0.4082233796296297 0.04885416666666664 0.10062500000000014
16 0.25463541666666667 0.5121238425925926 0.10635416666666667 0.33093749999999994
4 0.27604166666666663 0.41346643518518517 0.06104166666666666 0.14295138888888878
1 0.3123958333333333 0.4418055555555555 0.07802083333333334 0.2103240740740741
13 0.3380208333333333 0.3735243055555556 0.046354166666666606 0.08653935185185188
6 0.37723958333333335 0.4291377314814815 0.0796875 0.2119097222222223
5 0.4088541666666667 0.4232060185185185 0.0765625 0.21186342592592594
0 0.43562500000000004 0.36115162037037035 0.05385416666666672 0.10538194444444446
11 0.46630208333333334 0.34586805555555555 0.04645833333333336 0.08810185185185189
10 0.5082291666666666 0.40768518518518515 0.08552083333333335 0.2291666666666666
7 0.5298958333333333 0.3168287037037037 0.03979166666666671 0.05834490740740748
2 0.57109375 0.36616898148148147 0.07249999999999997 0.17434027777777777
3 0.31322916666666667 0.6985706018518518 0.026145833333333358 0.01755787037037031
14 0.5744270833333334 0.8195775462962963 0.05802083333333332 0.12105324074074061
15 0.6109375 0.8104513888888889 0.06281250000000008 0.12268518518518512