12 0.51953125 0.13984375 0.465625 0.0828125
9 0.47578125 0.22265625 0.396875 0.053125
8 0.31328125 0.28359375 0.0703125 0.03125
16 0.44609375 0.3171875 0.3390625 0.03125
4 0.35078125 0.3515625 0.14375 0.03125
1 0.3859375 0.384375 0.215625 0.0265625
13 0.3203125 0.4203125 0.0875 0.028125
6 0.38515625 0.453125 0.2171875 0.0296875
5 0.3859375 0.4875 0.21875 0.03125
0 0.31484375 0.52265625 0.078125 0.0296875
11 0.3578125 0.55625 0.1625 0.0328125
10 0.4 0.58984375 0.2453125 0.03125
7 0.303125 0.625 0.0515625 0.0296875
2 0.36484375 0.659375 0.1765625 0.034375
3 0.65 0.353125 0.01875 0.021875
14 0.82421875 0.6 0.1125 0.028125
15 0.82578125 0.6359375 0.1140625 0.03125