12 0.8953125 0.40784722222222225 0.1953125 0.483912037037037
9 0.8078125 0.3862210648148149 0.1421875 0.39327546296296295
8 0.7125 0.25935763888888885 0.0515625 0.09996527777777775
16 0.7078125 0.3829340277777778 0.1109375 0.33453703703703697
4 0.64765625 0.2823726851851852 0.0515625 0.11402777777777776
1 0.628125 0.34154513888888893 0.084375 0.21812500000000004
13 0.57890625 0.29144097222222226 0.0515625 0.09840277777777776
6 0.5609375 0.3599421296296296 0.08125 0.21803240740740737
5 0.528125 0.36950810185185184 0.08125 0.21803240740740737
0 0.4796875 0.312349537037037 0.04375 0.08254629629629626
11 0.45703125 0.3614583333333333 0.065625 0.1613194444444445
10 0.43359375 0.4098090277777778 0.0890625 0.24482638888888886
7 0.37890625 0.32471064814814815 0.0375 0.055798611111111104
2 0.36015625 0.39245370370370375 0.075 0.17878472222222222
3 0.71953125 0.5880555555555556 0.025 0.0241782407407408
14 0.51875 0.8182233796296297 0.0546875 0.11880787037037024
15 0.4828125 0.8310069444444445 0.0578125 0.1189004629629629