12 0.51875 0.178125 0.5046875 0.09375
9 0.47421875 0.26015625 0.41875 0.05625
8 0.35 0.328125 0.121875 0.0359375
16 0.48359375 0.36640625 0.3890625 0.034375
4 0.35390625 0.40234375 0.1328125 0.03125
1 0.4078125 0.4375 0.240625 0.0328125
13 0.34296875 0.475 0.1078125 0.0328125
6 0.40546875 0.51015625 0.23125 0.0328125
5 0.41484375 0.54609375 0.25 0.0328125
0 0.35078125 0.5828125 0.11875 0.03125
11 0.38359375 0.61875 0.1859375 0.0328125
10 0.353125 0.65546875 0.125 0.034375
7 0.321875 0.69140625 0.0625 0.0328125
2 0.39609375 0.728125 0.209375 0.0359375
3 0.66015625 0.403125 0.0296875 0.028125
14 0.8375 0.65546875 0.1203125 0.03125
15 0.83984375 0.68671875 0.11875 0.0265625