12 0.5698958333333334 0.2658333333333333 0.4715277777777779 0.2229976851851852
9 0.50515625 0.33520833333333333 0.38434027777777774 0.16165509259259253
8 0.36159722222222224 0.37024305555555553 0.11999999999999993 0.06328703703703704
16 0.45409722222222226 0.42093749999999996 0.3289583333333333 0.127164351851852
4 0.35777777777777775 0.4367881944444445 0.14510416666666667 0.06945601851851854
1 0.36166666666666664 0.4724479166666667 0.171875 0.08040509259259263
13 0.31118055555555557 0.49728587962962967 0.0885416666666666 0.05206018518518505
6 0.34696180555555556 0.5372974537037037 0.17184027777777774 0.07884259259259263
5 0.2996006944444445 0.5619502314814815 0.09795138888888885 0.054178240740740694
0 0.2825173611111111 0.5933912037037037 0.07913194444444445 0.049942129629629586
11 0.27477430555555554 0.6258391203703704 0.07913194444444445 0.04994212962962976
10 0.37892361111111106 0.6789641203703705 0.3117013888888889 0.12302083333333336
7 0.24454861111111112 0.6869270833333333 0.05711805555555553 0.04239583333333332
2 0.29427083333333337 0.731574074074074 0.1734375 0.08049768518518512
3 0.6382465277777778 0.49038773148148146 0.030381944444444465 0.03300925925925924
14 0.7314583333333333 0.7548206018518518 0.1168055555555556 0.059976851851851795
15 0.7221180555555555 0.7889236111111111 0.1089930555555556 0.059513888888888825