12 0.8398148148148149 0.5408506944444444 0.22731481481481453 0.4995486111111111
9 0.7518229166666667 0.5678472222222222 0.16290509259259256 0.4092013888888889
8 0.670138888888889 0.7222569444444444 0.055787037037037024 0.0792361111111111
16 0.6520543981481481 0.5943229166666667 0.1206018518518519 0.3224652777777777
4 0.6042534722222221 0.6885069444444445 0.06371527777777786 0.12309027777777785
1 0.576388888888889 0.6398263888888889 0.08692129629629619 0.20472222222222225
13 0.534375 0.6853645833333333 0.05584490740740744 0.10107638888888885
6 0.5097800925925926 0.6280034722222222 0.09027777777777786 0.20791666666666658
5 0.47670717592592593 0.6146527777777777 0.09108796296296298 0.21885416666666657
0 0.43506944444444445 0.6758333333333333 0.04988425925925917 0.08378472222222229
11 0.4038483796296296 0.6663541666666666 0.056597222222222146 0.09017361111111111
10 0.3749421296296297 0.6036111111111111 0.08836805555555553 0.2031944444444445
7 0.3333622685185185 0.6655729166666667 0.04369212962962958 0.06336805555555572
2 0.30740740740740746 0.6004166666666666 0.0838541666666666 0.184375
3 0.6445023148148148 0.37616319444444446 0.035243055555555534 0.03354166666666671
14 0.422511574074074 0.16824652777777777 0.06180555555555554 0.11836805555555552
15 0.38828125 0.16039930555555557 0.06336805555555554 0.11840277777777777