12 0.7719618055555555 0.41257523148148145 0.164201388888889 0.5766087962962964
9 0.6918402777777778 0.47135416666666663 0.10965277777777782 0.439560185185185
8 0.6351736111111111 0.6334837962962963 0.04961805555555561 0.12586805555555552
16 0.5900520833333334 0.5218923611111111 0.076701388888889 0.36137731481481483
4 0.5619618055555555 0.6271354166666667 0.050416666666666644 0.16180555555555554
1 0.5184201388888889 0.5497974537037037 0.07128472222222229 0.3283217592592592
13 0.4892013888888888 0.6707060185185185 0.04121527777777771 0.09890046296296298
6 0.4491319444444445 0.6126967592592593 0.05965277777777782 0.22627314814814808
5 0.41291666666666665 0.6270601851851852 0.05454861111111118 0.20728009259259253
0 0.38100694444444444 0.6934837962962963 0.03937500000000007 0.08631944444444457
11 0.34208333333333335 0.6541435185185185 0.053888888888888875 0.17759259259259252
10 0.3001909722222222 0.6079340277777778 0.06715277777777776 0.28284722222222225
7 0.27269097222222227 0.721730324074074 0.038854166666666676 0.06288194444444457
2 0.23107638888888887 0.6630208333333333 0.055798611111111104 0.1932986111111111
3 0.5307986111111112 0.3088078703703704 0.03659722222222221 0.0315509259259259
14 0.2325520833333333 0.17522569444444444 0.09972222222222218 0.20337962962962966
15 0.1731423611111111 0.17986689814814816 0.04982638888888893 0.13524305555555555