12 0.737195209375 0.5913408796875 0.738442765625 0.647202678125 0.7635756921875 0.6446783375 0.751289353125 0.20396677031250002 0.7217470968749999 0.203909109375 0.7233740265625 0.2633580265625 0.7036225593750001 0.2658611609375 0.7145938609375 0.5902319953124999 0.737195209375 0.5913408796875
9 0.67572640625 0.28644372812499996 0.6853496734375 0.649116996875 0.711024840625 0.6488538453125 0.7015709796875 0.2851036390625 0.67572640625 0.28644372812499996
8 0.6509058624999999 0.3805212578125 0.6597203703125001 0.652026903125 0.6753304109375 0.6532149703125001 0.665230196875 0.37748637500000004 0.6509058624999999 0.3805212578125
16 0.634009128125 0.40872685468750003 0.64035030625 0.6525751171875 0.656429940625 0.6516393593750001 0.6489899625 0.408660875 0.634009128125 0.40872685468750003
4 0.6285937500000001 0.580769675925926 0.022835648148148202 0.1398726851851851
1 0.6102488425925927 0.5895543981481481 0.0235069444444445 0.1227662037037037
13 0.5941550925925926 0.6115393518518518 0.019594907407407547 0.07737268518518511
6 0.5757523148148149 0.5889930555555556 0.0235069444444445 0.1227662037037037
5 0.5579456018518518 0.5930497685185185 0.02153935185185176 0.11487268518518512
0 0.5410706018518519 0.6150752314814815 0.019270833333333393 0.07112268518518512
11 0.5232986111111112 0.5744791666666667 0.023483796296296332 0.15237268518518512
10 0.5049074074074074 0.5370486111111111 0.0305787037037037 0.22909722222222229
7 0.4890914351851851 0.6248206018518518 0.018217592592592525 0.05081018518518512
2 0.46980902777777783 0.5702025462962963 0.02537037037037031 0.1587037037037037
3 0.6200868055555555 0.31095486111111115 0.013472222222222285 0.01939814814814813
14 0.48674189814814817 0.15649884259259259 0.02153935185185176 0.11487268518518516
15 0.468113425925926 0.1598148148148148 0.02269675925925938 0.1071412037037037