12 0.7811314484375 0.7372344640625 0.8122100328125 0.2389737609375 0.72657073125 0.2387223734375 0.6891600484375 0.7423489671875 0.7811314484375 0.7372344640625
9 0.6768060109375 0.6527032890625 0.7069040515625 0.238679425 0.652663990625 0.24149185156250003 0.6225758328125 0.6549138890624999 0.6768060109375 0.6527032890625
8 0.6277420953124999 0.3460180203125 0.6346017671874999 0.242451215625 0.6017127999999999 0.24335653124999998 0.5957867375 0.345690196875 0.6277420953124999 0.3460180203125
16 0.5737324828125 0.5939408375 0.5952116078125 0.2433525328125 0.5631618125 0.24548738593750002 0.5422099390625 0.6036296328125 0.5737324828125 0.5939408375
4 0.553481325 0.355855290625 0.5593914515625 0.2446412609375 0.53086169375 0.2461175296875 0.5212289718750001 0.3569459203125 0.553481325 0.355855290625
1 0.5156282046875 0.4669341921875 0.5255977171875 0.24681759374999998 0.494062125 0.24768066718749998 0.47676141562499996 0.4686753765625 0.5156282046875 0.4669341921875
13 0.4837052203125 0.33671586875 0.48766795625 0.24881803281249998 0.4551175140625 0.2521615953125 0.44942191718749996 0.33706141875 0.4837052203125 0.33671586875
6 0.43977284687499996 0.47204043906250004 0.4527025578125 0.250627565625 0.4228974703125 0.2509265734375 0.4080657453125 0.47408239218750003 0.43977284687499996 0.47204043906250004
5 0.402778634375 0.46249234687499996 0.4153656703125 0.252589821875 0.38696156875 0.253166578125 0.37588443437499997 0.4575922390625 0.402778634375 0.46249234687499996
0 0.3748560703125 0.33380787500000003 0.381614184375 0.2534366671875 0.34886970625 0.2545952671875 0.34446043125000003 0.32905379375 0.3748560703125 0.33380787500000003
11 0.33514123906250004 0.4220162875 0.343684425 0.2554371046875 0.312439546875 0.25791573125 0.30438170000000003 0.42362233437499996 0.33514123906250004 0.4220162875
10 0.2969296015625 0.5107771265625 0.3081120703125 0.2577279796875 0.27739815156250003 0.2578986171875 0.26199364062499997 0.511733075 0.2969296015625 0.5107771265625
7 0.26908371875000003 0.309061978125 0.272009021875 0.2581005640625 0.24126014375 0.2606802703125 0.23785206250000002 0.3098882046875 0.26908371875000003 0.309061978125
2 0.23061119218749998 0.44152305781249995 0.2364648328125 0.259505115625 0.20281031875000002 0.260064121875 0.1953443796875 0.440162925 0.23061119218749998 0.44152305781249995
3 0.5271207546875 0.6439065578125 0.5295360015624999 0.625577071875 0.5041841765624999 0.62625094375 0.49880338281250003 0.6421904375 0.5271207546875 0.6439065578125
14 0.255762575 0.887880971875 0.2636979625 0.7616639390625 0.2281294140625 0.765435090625 0.2203280265625 0.8865627375 0.255762575 0.887880971875
15 0.214729796875 0.8881809296875 0.222112384375 0.7669956046874999 0.1867530515625 0.7686923015625 0.18237644375 0.8887407921875001 0.214729796875 0.8881809296875