12 0.525 0.2484375 0.471875 0.0921875
9 0.4828125 0.3265625 0.3890625 0.0515625
8 0.3421875 0.3859375 0.11875 0.03125
16 0.43984375 0.42421875 0.3171875 0.034375
4 0.3359375 0.45546875 0.109375 0.0265625
1 0.465625 0.49296875 0.365625 0.034375
13 0.32265625 0.525 0.084375 0.0265625
6 0.3796875 0.56015625 0.196875 0.034375
5 0.39296875 0.59609375 0.2234375 0.03125
0 0.315625 0.62890625 0.0703125 0.0296875
11 0.3203125 0.66328125 0.08125 0.028125
10 0.39296875 0.70078125 0.23125 0.034375
7 0.30234375 0.734375 0.0515625 0.03125
3 0.65390625 0.4625 0.0171875 0.01875
14 0.82421875 0.72109375 0.11875 0.0328125
15 0.8234375 0.759375 0.1125 0.03125
2 0.365625 0.77109375 0.18125 0.0328125