12 0.2546875 0.52734375 0.1385416666666667 0.45
9 0.30257523148148147 0.56328125 0.10069444444444446 0.35625
8 0.350462962962963 0.6625 0.03663194444444447 0.103125
16 0.35651041666666666 0.58359375 0.06875 0.253125
4 0.3798900462962963 0.62734375 0.04814814814814809 0.1609375
3 0.3471354166666667 0.39375 0.01643518518518512 0.021875
1 0.38995949074074077 0.56640625 0.07586805555555554 0.2765625
13 0.4217881944444445 0.65625 0.03460648148148149 0.090625
6 0.4294270833333334 0.59765625 0.05746527777777786 0.2015625
5 0.4471643518518518 0.60390625 0.053587962962962976 0.18125
0 0.4728587962962963 0.6484375 0.034375 0.084375
11 0.4839409722222222 0.60234375 0.0515625 0.16875
10 0.49487847222222225 0.56015625 0.06695601851851851 0.246875
7 0.5258391203703704 0.65234375 0.027025462962962977 0.0546875
2 0.5337384259259259 0.58671875 0.05353009259259274 0.1796875
14 0.44655671296296295 0.21953125 0.036805555555555536 0.1078125
15 0.46024305555555556 0.20859375 0.0390625 0.1265625