5 0.5504166666666667 0.45805555555555555 0.05261574074074069 0.1773032407407406
6 0.5192592592592593 0.4638425925925926 0.05443287037037052 0.19451388888888896
2 0.6834027777777778 0.47174189814814815 0.052430555555555536 0.1648032407407408
11 0.6068229166666667 0.41671296296296295 0.03233796296296294 0.07390046296296297
8 0.38870370370370366 0.4033275462962963 0.04222222222222225 0.1084143518518518
10 0.6223900462962962 0.5184837962962963 0.06818287037037045 0.27907407407407414
0 0.5794212962962962 0.41240162037037037 0.03390046296296312 0.07392361111111115
7 0.66140625 0.4104918981481481 0.03042824074074062 0.05043981481481481
4 0.44294560185185183 0.4267824074074074 0.04252314814814824 0.1287268518518518
15 0.6312905092592592 0.8029282407407408 0.032476851851851764 0.08327546296296298
1 0.4653645833333334 0.46382523148148147 0.05436342592592602 0.18982638888888897
16 0.403443287037037 0.5019618055555556 0.0717245370370371 0.3072453703703705
14 0.6061863425925926 0.7955266203703703 0.03249999999999993 0.08483796296296298
12 0.2532175925925926 0.5372280092592593 0.14090277777777782 0.4426157407407407
13 0.500457175925926 0.40732638888888884 0.03401620370370377 0.08173611111111115
9 0.3250752314814815 0.4843981481481482 0.08592592592592592 0.3168287037037036
3 0.4257002314814815 0.6335127314814815 0.022129629629629655 0.017511574074073978