12 0.5607291666666667 0.26992476851851854 0.43486111111111114 0.10361111111111114
9 0.5225173611111111 0.3396527777777778 0.3585416666666667 0.07003472222222218
8 0.37671875 0.39133101851851854 0.07000000000000002 0.03168981481481481
16 0.49671875 0.4256134259259259 0.30614583333333345 0.04861111111111107
4 0.3950520833333333 0.4530787037037037 0.09961805555555561 0.03166666666666664
1 0.44718749999999996 0.48618055555555556 0.19982638888888893 0.04153935185185187
13 0.3876736111111111 0.5150520833333333 0.07625000000000001 0.032013888888888786
6 0.4499305555555555 0.5478993055555555 0.19826388888888893 0.041458333333333285
5 0.45053819444444443 0.5791087962962963 0.19989583333333344 0.04310185185185187
0 0.40036458333333336 0.6076851851851852 0.09493055555555543 0.03142361111111107
11 0.42828125000000006 0.63953125 0.14819444444444443 0.03730324074074076
10 0.4679861111111111 0.6735474537037037 0.22802083333333326 0.04456018518518512
7 0.38112847222222224 0.7010011574074074 0.049687499999999926 0.030636574074074118
2 0.4411458333333333 0.7360706018518519 0.16388888888888892 0.03967592592592588
3 0.6871006944444444 0.4651041666666666 0.016527777777777787 0.02112268518518512
14 0.8636805555555556 0.7026388888888888 0.10593749999999993 0.03355324074074062
15 0.8652083333333334 0.7370138888888889 0.10586805555555542 0.03199074074074062