12 0.16485532407407408 0.44366319444444446 0.1715046296296296 0.4804398148148149
9 0.23631944444444444 0.499537037037037 0.11877314814814817 0.39583333333333337
8 0.27244212962962966 0.6331597222222223 0.05745370370370377 0.1456018518518519
16 0.3194328703703704 0.5722800925925926 0.0832523148148148 0.2822337962962962
4 0.3391435185185185 0.6450231481481481 0.05440972222222218 0.14704861111111106
1 0.37376157407407407 0.6416087962962963 0.06163194444444446 0.16603009259259255
13 0.40035879629629634 0.6872106481481481 0.04499999999999993 0.08587962962962976
6 0.43968171296296293 0.653443287037037 0.058506944444444466 0.1659143518518519
5 0.4782754629629629 0.633738425925926 0.06891203703703716 0.21620370370370381
0 0.4987268518518519 0.7072916666666667 0.03834490740740755 0.0778356481481481
11 0.5314583333333334 0.7100694444444444 0.043356481481481524 0.08425925925925917
10 0.5856076388888889 0.6017071759259259 0.0929282407407408 0.3184606481481481
7 0.5958275462962963 0.73671875 0.04033564814814809 0.056076388888888926
2 0.6394097222222223 0.6811921296296296 0.06236111111111118 0.18009259259259275
3 0.39327546296296295 0.3558449074074074 0.030821759259259274 0.022974537037037022
14 0.6649247685185184 0.2344039351851852 0.05311342592592592 0.12204861111111107
15 0.7021817129629631 0.24048032407407405 0.049664351851851765 0.11568287037037042