12 0.21828124999999998 0.4963136574074074 0.13642361111111115 0.5048148148148147
9 0.3077256944444445 0.5387673611111111 0.09815972222222218 0.41680555555555543
8 0.3820659722222222 0.6283506944444445 0.05524305555555555 0.2241087962962963
16 0.4126388888888889 0.5598842592592593 0.06888888888888882 0.35547453703703696
4 0.46078125 0.6756539351851852 0.04284722222222222 0.12086805555555565
1 0.48949652777777775 0.6181597222222222 0.05552083333333328 0.2303587962962963
13 0.5346006944444445 0.6831597222222222 0.04010416666666661 0.09428240740740748
6 0.561875 0.6108333333333333 0.054027777777777786 0.23189814814814813
5 0.59703125 0.6103125 0.053888888888888785 0.22877314814814814
0 0.64015625 0.6659606481481481 0.045486111111111074 0.1099768518518518
11 0.677326388888889 0.6755729166666666 0.039826388888888786 0.08803240740740748
10 0.6728253734375 0.478068115625 0.6997699546875 0.7165432578125001 0.7340671546875 0.7132720609375001 0.7071245796875 0.475585359375 0.6728253734375 0.478068115625
7 0.7495486111111112 0.682320601851852 0.03722222222222218 0.06457175925925931
2 0.7795138888888888 0.6177719907407407 0.05194444444444439 0.18502314814814813
3 0.42666666666666664 0.34781828703703704 0.030868055555555607 0.02700231481481481
14 0.6681250000000001 0.15192708333333332 0.046111111111111214 0.12403935185185185
15 0.7070486111111112 0.14822337962962964 0.047395833333333394 0.11781249999999996