12 0.8563541666666665 0.4916377314814815 0.190625 0.5038773148148149
9 0.7775000000000001 0.43938078703703703 0.14291666666666672 0.4179398148148149
8 0.72921875 0.2686631944444445 0.04697916666666657 0.075
16 0.6854166666666666 0.37711226851851853 0.09291666666666672 0.29762731481481486
4 0.6561979166666667 0.30390625 0.05687500000000014 0.15347222222222223
1 0.6213541666666667 0.3111979166666667 0.06593750000000007 0.17280092592592594
13 0.5902083333333333 0.26796875 0.04499999999999993 0.0919560185185185
6 0.5543229166666667 0.3067418981481481 0.06593750000000007 0.17280092592592594
5 0.5181770833333333 0.32983217592592595 0.07395833333333339 0.2231481481481481
0 0.4882291666666667 0.2574652777777778 0.04760416666666671 0.084375
11 0.45359375 0.25610532407407405 0.04760416666666671 0.084375
10 0.41135416666666663 0.37621527777777775 0.09520833333333342 0.3320023148148149
7 0.385625 0.23758680555555553 0.03979166666666671 0.06047453703703702
2 0.34645833333333337 0.29780092592592594 0.07166666666666668 0.1887731481481481
3 0.6378645833333334 0.6059606481481481 0.036354166666666646 0.03223379629629619
14 0.3720833333333333 0.7646122685185185 0.055208333333333394 0.12847222222222215
15 0.33499999999999996 0.7618634259259259 0.05666666666666664 0.12702546296296297