12 0.7440856481481481 0.6138425925925926 0.15736111111111112 0.46789351851851857
9 0.6730497685185185 0.554849537037037 0.1033449074074074 0.382025462962963
8 0.6375115740740741 0.40717592592592594 0.04358796296296301 0.10240740740740736
16 0.5895138888888889 0.4951157407407408 0.07262731481481488 0.2928587962962963
4 0.572048611111111 0.39781828703703703 0.042210648148148164 0.1085648148148148
3 0.5240509259259258 0.6970659722222223 0.020729166666666642 0.015266203703703596
1 0.532355324074074 0.44320601851851854 0.05776620370370367 0.2124305555555555
13 0.5085648148148147 0.3744907407407408 0.0399537037037037 0.08503472222222222
6 0.4677893518518518 0.4299884259259259 0.059236111111111 0.20939814814814817
5 0.4366782407407408 0.42344907407407406 0.05928240740740733 0.21096064814814816
0 0.4145891203703703 0.3501388888888889 0.03806712962962955 0.07400462962962955
11 0.38026041666666666 0.34653935185185186 0.03976851851851855 0.07878472222222221
10 0.3396006944444444 0.3981307870370371 0.0587731481481482 0.19377314814814817
7 0.31843171296296297 0.3201793981481481 0.03585648148148142 0.05203703703703706
2 0.27538194444444447 0.37319444444444444 0.05665509259259256 0.1749305555555555
14 0.2613368055555555 0.8208043981481481 0.04703703703703699 0.11353009259259253
15 0.22551504629629632 0.8147685185185185 0.04699074074074074 0.11196759259259252