12 0.1913136574074074 0.4219270833333334 0.14407407407407408 0.475
9 0.2628298611111111 0.48369791666666667 0.09967592592592593 0.38458333333333333
8 0.29982060185185183 0.62828125 0.04618055555555554 0.12020833333333343
16 0.34908564814814813 0.5323958333333334 0.07743055555555553 0.33312500000000006
4 0.3655613425925926 0.6482812499999999 0.041446759259259294 0.11364583333333336
1 0.40505208333333337 0.60328125 0.06096064814814817 0.21802083333333327
13 0.42822337962962964 0.6743229166666667 0.039699074074074046 0.0885416666666666
6 0.46919560185185183 0.6184895833333334 0.05936342592592592 0.21322916666666672
5 0.5020486111111111 0.6261458333333334 0.05936342592592592 0.21322916666666672
0 0.5252488425925925 0.70109375 0.03649305555555564 0.07739583333333329
11 0.5624768518518518 0.666875 0.054293981481481526 0.16135416666666663
10 0.6028240740740741 0.6320833333333333 0.06273148148148149 0.24624999999999986
7 0.6223206018518519 0.7341145833333333 0.03318287037037031 0.05218749999999996
2 0.6640972222222222 0.6814583333333333 0.059097222222222356 0.1772916666666667
3 0.41094328703703703 0.34442708333333333 0.025150462962962906 0.02197916666666666
14 0.6779050925925926 0.2263541666666667 0.044606481481481455 0.11854166666666668
15 0.7138946759259259 0.23578125 0.04459490740740755 0.11697916666666668