12 0.8157118055555556 0.47098958333333335 0.1901041666666668 0.4993402777777778
9 0.7389872685185186 0.5231944444444444 0.1384143518518517 0.4160069444444446
8 0.6905671296296296 0.6925868055555556 0.047372685185185046 0.08937500000000007
16 0.6469444444444444 0.6091840277777778 0.08549768518518519 0.259375
4 0.6185185185185185 0.6658854166666667 0.06376157407407401 0.15555555555555553
1 0.578599537037037 0.6257291666666667 0.08457175925925924 0.24375
13 0.5511747685185184 0.7051909722222222 0.04921296296296305 0.09413194444444457
6 0.5131423611111112 0.6596354166666667 0.07241898148148138 0.19645833333333335
5 0.4768344907407408 0.6642881944444444 0.07388888888888889 0.19496527777777786
0 0.4467071759259259 0.7232638888888889 0.0455324074074074 0.08461805555555557
11 0.4090856481481481 0.6839930555555556 0.06615740740740747 0.16968749999999985
10 0.36921296296296297 0.6430555555555555 0.08549768518518519 0.259375
7 0.34292824074074074 0.7429340277777777 0.0428587962962963 0.06579861111111107
2 0.30306134259259265 0.6886805555555556 0.07011574074074076 0.18388888888888885
14 0.31604166666666667 0.2184895833333333 0.05896990740740744 0.12729166666666672
15 0.2789525462962963 0.2231076388888889 0.056944444444444464 0.11940972222222221
3 0.5872164351851852 0.36135416666666664 0.042754629629629545 0.03774305555555557