12 0.4912326388888889 0.11057291666666666 0.4877893518518519 0.12447916666666665
9 0.5388599537037038 0.1911979166666667 0.40839120370370363 0.08489583333333331
8 0.6888888888888889 0.24541666666666667 0.11527777777777785 0.04041666666666668
16 0.5760706018518519 0.28661458333333334 0.34201388888888895 0.06020833333333329
4 0.6750868055555556 0.3168229166666666 0.14814814814814808 0.044166666666666646
3 0.3624710648148148 0.33453125000000006 0.018055555555555537 0.024583333333333356
1 0.6458912037037037 0.35322916666666665 0.20746527777777785 0.04656250000000002
13 0.7097511574074075 0.38578125 0.08408564814814809 0.03989583333333337
6 0.6500868055555555 0.42421875 0.2059606481481481 0.04802083333333336
5 0.6396412037037037 0.459375 0.22789351851851852 0.05104166666666661
0 0.715943287037037 0.48953125000000003 0.07771990740740745 0.036354166666666646
11 0.7148726851851852 0.5240625 0.07922453703703702 0.034895833333333216
10 0.5911747685185185 0.5675520833333334 0.33113425925925916 0.06104166666666657
7 0.7316261574074074 0.5957812499999999 0.05266203703703702 0.03312500000000007
2 0.6695891203703704 0.63359375 0.1794560185185187 0.047812500000000036
14 0.18917824074074074 0.60375 0.11672453703703703 0.03739583333333343
15 0.1859375 0.6431250000000001 0.11400462962962968 0.04812499999999993