12 0.5405729166666667 0.14328125 0.4569097222222222 0.12319444444444447
9 0.5048611111111111 0.22119791666666666 0.3816898148148148 0.0855555555555556
8 0.3682986111111111 0.2782638888888889 0.09997685185185183 0.034062499999999926
16 0.48381944444444447 0.31145833333333334 0.33359953703703693 0.06003472222222221
4 0.39275462962962965 0.3440451388888889 0.14248842592592598 0.0421875
1 0.43109374999999994 0.37692708333333336 0.21140046296296297 0.0483680555555555
13 0.3720196759259259 0.41015625 0.08599537037037033 0.03499999999999996
6 0.4375810185185186 0.4419097222222222 0.21304398148148138 0.05
5 0.4407638888888889 0.4732291666666667 0.2128819444444444 0.046875
0 0.3879398148148148 0.5067361111111112 0.10490740740740741 0.03895833333333343
11 0.3818287037037037 0.5392013888888889 0.08755787037037041 0.035069444444444466
10 0.45450231481481485 0.5728298611111111 0.23039351851851855 0.053888888888888785
7 0.37199074074074073 0.6050173611111112 0.057789351851851835 0.032187500000000036
2 0.43224537037037036 0.6396527777777777 0.17398148148148157 0.048263888888888926
3 0.6836342592592592 0.34684027777777776 0.016840277777777857 0.024131944444444463
14 0.8778587962962963 0.5900868055555556 0.1206134259259258 0.04121527777777771
15 0.8805844907407409 0.6276215277777778 0.12085648148148138 0.045902777777777716