12 0.8107465277777777 0.5608854166666666 0.1592939814814816 0.4294791666666667
9 0.7363020833333334 0.5816145833333334 0.11814814814814803 0.35666666666666663
8 0.6694675925925926 0.7040625 0.044918981481481525 0.08552083333333335
16 0.6505150462962963 0.5938020833333333 0.08694444444444435 0.29541666666666655
4 0.6108043981481481 0.6838020833333334 0.04572916666666664 0.10114583333333335
1 0.585474537037037 0.6307291666666666 0.0662962962962963 0.19750000000000015
13 0.5500289351851853 0.6828645833333333 0.041307870370370384 0.07593749999999985
6 0.5272164351851851 0.61828125 0.0662962962962963 0.19749999999999995
5 0.4973263888888889 0.6123958333333334 0.06777777777777771 0.19604166666666673
0 0.46213541666666663 0.6544270833333333 0.045324074074074086 0.09333333333333335
11 0.43203125 0.6594270833333333 0.039583333333333394 0.07270833333333329
10 0.4055150462962963 0.5984895833333332 0.06376157407407419 0.17864583333333323
7 0.36895254629629626 0.6591145833333333 0.03211805555555554 0.04885416666666664
2 0.34391782407407406 0.59671875 0.0613078703703704 0.16135416666666663
3 0.6370486111111111 0.4091666666666667 0.019560185185185118 0.016874999999999928
14 0.43497685185185186 0.20572916666666666 0.04777777777777779 0.11062500000000001
15 0.40035879629629634 0.19874999999999998 0.052465277777777784 0.1109375