12 0.51484375 0.21171875 0.4421875 0.075
9 0.47109375 0.284375 0.365625 0.0421875
8 0.35859375 0.34375 0.15 0.028125
16 0.44296875 0.375 0.3171875 0.0265625
4 0.35078125 0.4078125 0.134375 0.025
1 0.38515625 0.43828125 0.2046875 0.0265625
13 0.3234375 0.471875 0.08125 0.028125
6 0.384375 0.503125 0.2046875 0.025
5 0.384375 0.53515625 0.20625 0.028125
0 0.31640625 0.5671875 0.071875 0.0265625
11 0.35625 0.59921875 0.1515625 0.0265625
10 0.39765625 0.63125 0.23125 0.0296875
7 0.30390625 0.66484375 0.0484375 0.0265625
2 0.3625 0.69765625 0.165625 0.0265625
14 0.8 0.64140625 0.10625 0.0296875
15 0.8015625 0.6796875 0.109375 0.03125
3 0.6328125 0.4078125 0.0140625 0.0234375