12 0.4644849537037038 0.15045717592592595 0.49300925925925937 0.1145833333333333
9 0.5130902777777777 0.23290509259259257 0.40987268518518505 0.07021990740740743
8 0.6837500000000001 0.2902314814814815 0.07836805555555557 0.03339120370370372
16 0.5764467592592593 0.32774305555555555 0.29718750000000005 0.04438657407407405
4 0.6488599537037036 0.3600173611111111 0.15181712962962965 0.03549768518518519
1 0.6376620370370369 0.39525462962962965 0.17684027777777764 0.03880787037037035
13 0.6803761574074074 0.42931134259259257 0.09244212962962965 0.03505787037037038
6 0.6426215277777778 0.4639641203703704 0.17057870370370373 0.03719907407407401
5 0.616568287037037 0.5008738425925927 0.2252893518518519 0.04072916666666657
0 0.6882118055555556 0.5315914351851851 0.08460648148148149 0.031874999999999966
11 0.687962962962963 0.5651851851851852 0.08616898148148149 0.031886574074074046
10 0.56421875 0.6075057870370371 0.33625000000000005 0.04467592592592595
7 0.7038483796296297 0.6353761574074074 0.0595949074074074 0.030127314814814808
2 0.6426331018518519 0.6733275462962963 0.184675925925926 0.04199074074074076
3 0.34093171296296293 0.3779224537037037 0.025196759259259238 0.026747685185185156
14 0.17339699074074072 0.6369618055555556 0.12059027777777778 0.038391203703703705
15 0.17466435185185186 0.6767939814814815 0.11589120370370373 0.036793981481481455