9 0.3234375 0.5813020833333333 0.121875 0.3446527777777778
14 0.5703125 0.22766203703703702 0.05 0.1034953703703704
1 0.47578125 0.6144618055555556 0.0765625 0.21775462962962955
12 0.24453125 0.5541550925925927 0.1703125 0.423136574074074
4 0.459375 0.6604340277777778 0.0546875 0.13321759259259275
15 0.6015625 0.21773726851851852 0.046875 0.09878472222222223
0 0.60703125 0.6568402777777778 0.0421875 0.07531250000000007
2 0.7140625 0.5888831018518518 0.065625 0.15986111111111115
10 0.64609375 0.5485358796296296 0.0921875 0.2741203703703704
16 0.41875 0.6366956018518518 0.075 0.20524305555555564
11 0.63828125 0.6492592592592592 0.040625 0.07686342592592581
13 0.525 0.677326388888889 0.04375 0.08157407407407398
8 0.40625 0.6975405092592594 0.0453125 0.08939814814814824
6 0.5375 0.6016377314814815 0.075 0.21618055555555565
7 0.6984375 0.6497048611111111 0.0375 0.05652777777777764
5 0.553125 0.5540972222222222 0.09375 0.2881944444444445
3 0.4015625 0.425630787037037 0.0265625 0.01894675925925924