12 0.17880787037037038 0.5062847222222222 0.10341435185185181 0.4653819444444444
9 0.2566319444444444 0.46218750000000003 0.06380787037037035 0.3902083333333334
8 0.32189236111111114 0.3045486111111111 0.031770833333333394 0.07170138888888893
16 0.3501736111111111 0.4298958333333333 0.04300925925925929 0.3236805555555556
4 0.38688657407407406 0.32197916666666665 0.030474537037037043 0.10756944444444443
1 0.4185300925925926 0.37371527777777774 0.0375 0.21253472222222225
13 0.4524363425925926 0.30890625 0.0318518518518518 0.08263888888888893
6 0.4841724537037037 0.3731423611111111 0.0375 0.21253472222222217
5 0.5169849537037037 0.3716840277777778 0.037511574074074086 0.21409722222222224
0 0.5517418981481482 0.3162152777777778 0.03202546296296305 0.10607638888888893
11 0.5860416666666667 0.30453125000000003 0.030277777777777716 0.08100694444444442
10 0.6171354166666667 0.38755208333333335 0.03934027777777764 0.2501041666666667
7 0.6531307870370371 0.2882638888888889 0.03162037037037031 0.05138888888888893
2 0.685619212962963 0.3485590277777778 0.035671296296296263 0.17652777777777776
3 0.38058449074074074 0.6317361111111112 0.02197916666666666 0.015034722222222286
14 0.6170717592592593 0.8009722222222223 0.03208333333333328 0.11388888888888893
15 0.6545891203703704 0.8016493055555556 0.03208333333333328 0.11388888888888893