12 0.7830266203703704 0.35480324074074077 0.178425925925926 0.44855324074074066
9 0.7221759259259259 0.4156828703703703 0.13354166666666673 0.3703703703703704
8 0.705005787037037 0.57578125 0.040127314814814775 0.07332175925925917
16 0.6463310185185185 0.46695601851851853 0.09989583333333343 0.3129050925925926
4 0.6360011574074074 0.5611400462962963 0.05826388888888889 0.1380208333333334
1 0.5989120370370371 0.5375 0.073298611111111 0.2041666666666666
13 0.5827314814814815 0.606105324074074 0.04336805555555543 0.08125
6 0.5373900462962963 0.5530671296296296 0.07488425925925916 0.20578703703703702
5 0.5078298611111111 0.5627604166666667 0.07644675925925917 0.20584490740740727
0 0.49326967592592597 0.6352141203703704 0.04012731481481495 0.07332175925925917
11 0.4628819444444444 0.6418113425925925 0.044907407407407264 0.07974537037037024
10 0.4027372685185185 0.5392939814814814 0.09824074074074077 0.30659722222222213
7 0.4039467592592592 0.6736979166666667 0.03667824074074062 0.05133101851851851
2 0.35866319444444444 0.6245659722222221 0.06649305555555554 0.16643518518518513
3 0.5678877314814814 0.2900752314814815 0.020590277777777645 0.019502314814814882
14 0.3021817129629629 0.18891782407407406 0.051620370370370414 0.11122685185185185
15 0.26710648148148153 0.19568865740740743 0.05166666666666675 0.11435185185185186