12 0.26908785156250004 0.40438525625 0.257985346875 0.3746717703125 0.2393925046875 0.3746150765625 0.324853746875 0.68226715625 0.33900670312500003 0.672605815625 0.337362115625 0.6198886796874999 0.27963758437499997 0.41066340312499994 0.26908785156250004 0.40438525625
9 0.3521936015625 0.5867898828125 0.2847248203125 0.3513884015625 0.2676711609375 0.35490931406250004 0.3342968984375 0.5937428671875 0.3521936015625 0.5867898828125
8 0.3222511734375 0.41958604062499993 0.304956875 0.3573334796875 0.3039025234375 0.3580209890625 0.2946711109375 0.360101540625 0.3114455625 0.421847253125 0.3222511734375 0.41958604062499993
16 0.3748078171875 0.5583852312500001 0.31629013437500003 0.3541758234375 0.30672334375 0.35746291406249997 0.363832546875 0.5608632859375 0.3748078171875 0.5583852312500001
4 0.344792465625 0.41378639531249994 0.32742656718749996 0.350929090625 0.3171530421875 0.351862878125 0.33609094375000004 0.42050614062499997 0.344792465625 0.41378639531249994
1 0.37605663749999996 0.47978728125 0.33839071718749997 0.34636884375 0.3282007515625 0.3477827 0.36544893125 0.48041234062499993 0.37605663749999996 0.47978728125
13 0.36443651250000003 0.39550856562500003 0.349222390625 0.3420405625 0.33909364375 0.3449286 0.35459954374999997 0.3988012171875 0.36443651250000003 0.39550856562500003
6 0.39923515625 0.4712166640625 0.3604077609375 0.3380657734375 0.349580246875 0.33955308125 0.389362090625 0.47710076093750003 0.39923515625 0.4712166640625
5 0.4096872484375 0.46889000625 0.37176631250000003 0.33334019062500003 0.36118581875 0.3358423734375 0.40046449375000004 0.47371708593750006 0.4096872484375 0.46889000625
0 0.399924240625 0.38857879687499997 0.3832130484375 0.3288578015625 0.3722319078125 0.33129925937500004 0.390363209375 0.3930675625 0.399924240625 0.38857879687499997
11 0.4219328375 0.42067560156250006 0.3937049328125 0.3232077015625 0.38361463906250004 0.3273968640625 0.41174576875 0.4252375703125 0.4219328375 0.42067560156250006
10 0.440265025 0.4390005765625 0.4052588234375 0.3207781875 0.39511118437500004 0.3239435 0.42926717343750004 0.441402971875 0.440265025 0.4390005765625
7 0.4249091671875 0.347752053125 0.4164871375 0.315893253125 0.40665506406249996 0.3193019015625 0.415636971875 0.3509338890625 0.4249091671875 0.347752053125
2 0.438796796875 0.3869980515625 0.4490576046875 0.3844108375 0.42731733437499997 0.3123433140625 0.4181420390625 0.3144357875 0.438796796875 0.3869980515625
3 0.3950345328125 0.579713521875 0.39161263125 0.5697226671875 0.3872095515625 0.571890534375 0.3796173484375 0.5747317109375001 0.383411734375 0.5865654578124999 0.3950345328125 0.579713521875
14 0.48589361562500005 0.611198771875 0.4753243703125 0.61264695625 0.47644611406250004 0.6145939640625 0.49864865468749997 0.6917938984374999 0.507781478125 0.6878070578125 0.48589361562500005 0.611198771875
15 0.5183142593750001 0.6837550765625 0.4973159609375 0.6098857375 0.487013553125 0.612974834375 0.50791443125 0.6867391109375001 0.5183142593750001 0.6837550765625