12 0.8282638888888888 0.44384259259259257 0.17062500000000008 0.4685069444444444
9 0.7577256944444445 0.4996412037037037 0.12319444444444443 0.38439814814814816
8 0.7143402777777779 0.6485532407407407 0.04833333333333343 0.10442129629629626
16 0.6695659722222222 0.5470949074074074 0.09229166666666658 0.32106481481481486
4 0.6491145833333334 0.6552256944444445 0.04888888888888889 0.11692129629629626
1 0.6132465277777778 0.6173958333333334 0.06649305555555554 0.19702546296296292
13 0.5847916666666666 0.6767881944444445 0.04600694444444446 0.08718749999999993
6 0.5471701388888889 0.6256076388888889 0.06649305555555554 0.19702546296296292
5 0.5127951388888888 0.6245891203703704 0.068611111111111 0.20957175925925925
0 0.4875694444444445 0.681730324074074 0.04677083333333343 0.10437499999999993
11 0.4571180555555555 0.6980381944444444 0.039409722222222145 0.07918981481481495
10 0.42074652777777777 0.6891377314814815 0.04840277777777775 0.10598379629629626
7 0.3919097222222222 0.7219212962962963 0.03659722222222221 0.051018518518518616
2 0.3529340277777778 0.6660069444444444 0.06374999999999993 0.17041666666666658
3 0.6101388888888889 0.3528935185185185 0.024270833333333287 0.019444444444444466
14 0.3516666666666667 0.21928819444444442 0.05194444444444439 0.11545138888888892
15 0.3123958333333333 0.22281828703703704 0.05166666666666666 0.10920138888888893