12 0.8253761574074074 0.4492476851851851 0.20688657407407404 0.49627314814814805
9 0.7598958333333333 0.5029050925925926 0.15509259259259256 0.4081018518518519
8 0.712644675925926 0.5708796296296297 0.08981481481481488 0.24325231481481477
16 0.6737268518518519 0.56171875 0.09837962962962976 0.27459490740740744
4 0.6569444444444444 0.6301446759259259 0.06556712962962959 0.1476851851851851
1 0.6163773148148148 0.6092534722222223 0.07708333333333321 0.19780092592592596
13 0.5958912037037037 0.6698206018518518 0.052141203703703634 0.0928587962962963
6 0.5484953703703704 0.6199537037037037 0.07708333333333321 0.19780092592592596
5 0.5118344907407407 0.6201909722222222 0.08460648148148149 0.21508101851851863
0 0.4911747685185185 0.6784143518518518 0.053182870370370415 0.10692129629629629
11 0.4505497685185185 0.6567418981481481 0.06961805555555553 0.16023148148148145
10 0.4094039351851852 0.6280381944444444 0.0856481481481481 0.2291435185185186
7 0.39609375 0.7222685185185185 0.04155092592592595 0.05524305555555564
2 0.3467881944444445 0.6676909722222222 0.07702546296296298 0.17594907407407412
3 0.5832175925925925 0.3512326388888889 0.036805555555555716 0.03332175925925931
14 0.29137731481481477 0.22516782407407407 0.06035879629629637 0.11951388888888888
15 0.25170717592592595 0.22692129629629632 0.06359953703703702 0.12112268518518512