12 0.5359375 0.24375 0.4453125 0.08125
9 0.49375 0.31875 0.371875 0.0484375
8 0.38828125 0.3796875 0.1640625 0.0296875
16 0.44453125 0.41328125 0.278125 0.0296875
4 0.3578125 0.44453125 0.1046875 0.0296875
1 0.38359375 0.478125 0.15625 0.028125
13 0.3453125 0.51171875 0.078125 0.0296875
6 0.384375 0.54296875 0.15625 0.0265625
5 0.4078125 0.575 0.203125 0.028125
0 0.34140625 0.6078125 0.06875 0.0296875
11 0.38203125 0.640625 0.1484375 0.028125
10 0.42265625 0.6734375 0.23125 0.03125
7 0.33046875 0.7078125 0.046875 0.028125
2 0.38828125 0.73984375 0.1625 0.03125
3 0.66015625 0.4453125 0.021875 0.025
14 0.82421875 0.684375 0.1140625 0.03125
15 0.82265625 0.72109375 0.10625 0.0328125