12 0.2121701388888889 0.40703125 0.20020833333333332 0.5015625
9 0.29003472222222226 0.465625 0.14697916666666666 0.4265625
8 0.33901041666666665 0.5953125 0.062430555555555586 0.1375
16 0.3903819444444444 0.51640625 0.09906249999999997 0.309375
4 0.41390625 0.590625 0.06638888888888879 0.175
1 0.4492534722222222 0.59921875 0.06781250000000014 0.16875
13 0.4798090277777778 0.63828125 0.052326388888888783 0.1046875
6 0.5198611111111111 0.6125 0.06621527777777772 0.1671875
5 0.573125 0.51328125 0.11315972222222222 0.38125
0 0.5870833333333334 0.64921875 0.05586805555555543 0.1234375
11 0.6210590277777778 0.66640625 0.052326388888888783 0.1046875
10 0.6768055555555555 0.53828125 0.10979166666666665 0.3703125
7 0.6881597222222222 0.69765625 0.043645833333333425 0.065625
2 0.7367534722222222 0.634375 0.0796180555555555 0.2078125
3 0.4649131944444445 0.31953125 0.02704861111111114 0.021875
14 0.74109375 0.196875 0.05270833333333336 0.121875
15 0.7708854166666667 0.2015625 0.05090277777777778 0.1109375