12 0.730214046875 0.476608778125 0.70682194375 0.522181825 0.660565884375 0.72760939375 0.6672008078125 0.7380027984375 0.66327454375 0.7685701125 0.68016490625 0.7775360046875 0.7476526906250001 0.475189496875 0.730214046875 0.476608778125
9 0.6777007859374999 0.5431862453125 0.627952621875 0.7755246765625 0.6451315578125 0.7807130796874999 0.6972671140625 0.5458633859375001 0.6777007859374999 0.5431862453125
8 0.636904703125 0.702852353125 0.6260054203125 0.6995905765625 0.61235076875 0.7607702656249999 0.6136346765625 0.7606919140625 0.6230163484375 0.763352128125 0.636904703125 0.702852353125
16 0.6437145 0.556470046875 0.6005481671874999 0.7580169578125 0.6108046140625001 0.759813053125 0.6548705265625 0.5596289859375 0.6437145 0.556470046875
4 0.6027576109375 0.69370595625 0.5888825984375 0.755433728125 0.5986710578125 0.7595679718749999 0.6138473734375001 0.6921709328125 0.6027576109375 0.69370595625
1 0.605471084375 0.6226415859375 0.576753659375 0.7540489859374999 0.5866927359375 0.7577353234374999 0.61541785 0.6271983875 0.605471084375 0.6226415859375
13 0.5762548109375001 0.6998114109375 0.56485476875 0.7525307234375 0.5754341265625 0.754935353125 0.5867597109375 0.70173236875 0.5762548109375001 0.6998114109375
6 0.5803352671875001 0.6188053265625 0.55280095 0.75054251875 0.5633547906249999 0.7544722484374999 0.592096465625 0.6185421125 0.5803352671875001 0.6188053265625
5 0.5697267421875 0.61576870625 0.540235096875 0.749109065625 0.55104331875 0.7520581609375 0.58039720625 0.6160915390625 0.5697267421875 0.61576870625
0 0.540693840625 0.688677321875 0.527703821875 0.7474267171875 0.538847915625 0.7506195640625 0.5515123734375 0.6894498062500001 0.540693840625 0.688677321875
11 0.5358221390625 0.6508544140625 0.51549005 0.7471943421875 0.5266486968749999 0.7484751984375 0.547244846875 0.6518649796875 0.5358221390625 0.6508544140625
10 0.5277936421875 0.6264942734375001 0.50383046875 0.743716640625 0.51455791875 0.7458947828125 0.5389344953124999 0.6297283171875 0.5277936421875 0.6264942734375001
7 0.49868587187499996 0.7113768671875 0.491307884375 0.7424810265625 0.501863090625 0.7443010937500001 0.5086245796875 0.7131210796875 0.49868587187499996 0.7113768671875
2 0.5045784531249999 0.6713756578125001 0.49402095937499996 0.66865213125 0.479777803125 0.74030225625 0.48911404375 0.7429254281250001 0.5045784531249999 0.6713756578125001
3 0.6491902890625 0.528403671875 0.635380125 0.5286498546875 0.6337768046875001 0.5387785390625 0.638806528125 0.5390487515625 0.647055828125 0.540276584375 0.6491902890625 0.528403671875
14 0.583827109375 0.382745165625 0.5675744890625001 0.45832354999999997 0.57787486875 0.462162640625 0.577773434375 0.45997059531250006 0.5940190624999999 0.3837386640625 0.583827109375 0.382745165625
15 0.57233061875 0.3811355421875 0.5565617015625001 0.4539604703125 0.5673939906250001 0.45627759062499995 0.583201946875 0.3835886375 0.57233061875 0.3811355421875