12 0.4142939814814815 0.25 0.4615162037037036 0.134375
9 0.4607060185185185 0.31953125 0.3819444444444445 0.09375
8 0.5688946759259259 0.3671875 0.1708912037037038 0.05
16 0.514380787037037 0.40703125 0.2844328703703704 0.0640625
4 0.6027199074074074 0.42734375 0.1109375 0.0421875
1 0.578125 0.4640625 0.16128472222222215 0.046875
13 0.6181712962962963 0.49296875 0.0841435185185185 0.0390625
6 0.5811342592592592 0.52890625 0.16116898148148148 0.0453125
5 0.559056712962963 0.56328125 0.20862268518518512 0.053125
0 0.6267939814814815 0.5875 0.07465277777777786 0.0375
11 0.5880787037037037 0.625 0.15335648148148148 0.0453125
10 0.548582175925926 0.6625 0.2372106481481481 0.059375
7 0.6429398148148149 0.6859375 0.05254629629629619 0.034375
2 0.5861979166666667 0.72421875 0.16944444444444445 0.0515625
3 0.29988425925925927 0.465625 0.027083333333333303 0.028125
14 0.1472511574074074 0.72265625 0.12054398148148149 0.0453125
15 0.15083912037037037 0.75859375 0.11273148148148149 0.0453125