12 0.77799986875 0.305065578125 0.31684027812500004 0.3125 0.3148560609375 0.337380303125 0.376792615625 0.336146884375 0.3782167703125 0.3579118515625 0.7082615515625 0.3524483578125 0.7101773765625 0.3313848703125 0.7757619124999999 0.329604678125 0.77799986875 0.305065578125
9 0.664554171875 0.3581873578125 0.3103298609375 0.36512586874999997 0.3097110328125 0.3912989296875 0.6658907296875001 0.38553025937499996 0.664554171875 0.3581873578125
8 0.36796875 0.409375 0.084375 0.015625
16 0.47890625 0.42578125 0.30625 0.015625
4 0.3765625 0.4453125 0.1015625 0.0171875
1 0.3703125 0.46328125 0.090625 0.015625
13 0.3671875 0.48203125 0.0828125 0.015625
6 0.37109375 0.49921875 0.0875 0.015625
5 0.38515625 0.5171875 0.115625 0.0140625
0 0.36875 0.53515625 0.08125 0.0171875
11 0.3734375 0.55234375 0.090625 0.0140625
10 0.403125 0.57109375 0.146875 0.015625
7 0.3578125 0.5890625 0.0546875 0.015625
2 0.3875 0.60703125 0.115625 0.0171875
3 0.671875 0.44296875 0.0234375 0.0171875
14 0.81328125 0.5515625 0.1109375 0.0140625
15 0.815625 0.5671875 0.10625 0.0140625