12 0.7941493055555556 0.6290451388888889 0.19192129629629626 0.47354166666666675
9 0.7302835648148148 0.5667534722222223 0.1380439814814814 0.39312500000000006
8 0.7078472222222223 0.3999131944444444 0.04436342592592588 0.07531249999999998
16 0.6473668981481481 0.5137847222222223 0.1047569444444445 0.3229861111111111
4 0.6397627314814814 0.40079861111111115 0.0516319444444445 0.10996527777777772
1 0.5954976851851852 0.4426388888888889 0.0765625 0.2140625
13 0.5803703703703704 0.37234375000000003 0.046250000000000034 0.0863194444444444
6 0.5318287037037037 0.4265104166666667 0.0765625 0.2140625
5 0.5008333333333332 0.4165277777777778 0.07817129629629634 0.2156944444444445
0 0.4807407407407407 0.3553993055555556 0.051585648148148165 0.10840277777777771
11 0.45082754629629634 0.3352951388888889 0.04459490740740755 0.08312500000000007
10 0.3986053240740741 0.4080729166666666 0.08543981481481477 0.25034722222222217
7 0.3891840277777778 0.30361111111111116 0.04063657407407408 0.05486111111111107
2 0.34232060185185187 0.35394097222222226 0.06924768518518523 0.17784722222222218
3 0.5644212962962962 0.6994097222222222 0.025555555555555644 0.019861111111111107
14 0.2890509259259259 0.8052951388888889 0.05337962962962965 0.11628472222222222
15 0.25254050925925925 0.7966319444444444 0.05337962962962965 0.11628472222222222