12 0.7435474537037037 0.5322511574074074 0.16811342592592596 0.4491203703703704
9 0.6931712962962964 0.5650462962962963 0.12401620370370381 0.3547685185185186
8 0.6381365740740741 0.6620081018518519 0.04282407407407405 0.1021412037037038
16 0.6375289351851852 0.5822858796296296 0.08587962962962958 0.2526967592592593
4 0.6109664351851851 0.6248900462962963 0.05902777777777786 0.16016203703703696
3 0.6602430555555555 0.39356481481481487 0.018055555555555537 0.023692129629629653
1 0.6055844907407407 0.5639988425925926 0.09450231481481489 0.2746874999999999
13 0.5673900462962963 0.6513310185185185 0.039293981481481485 0.09115740740740748
6 0.5636574074074074 0.5927604166666667 0.07146990740740726 0.2009490740740741
5 0.5450810185185185 0.5977256944444445 0.06603009259259256 0.18056712962962962
0 0.5169560185185185 0.6403530092592593 0.0390625 0.08490740740740747
11 0.5089988425925925 0.5943518518518518 0.062442129629629764 0.16802083333333329
10 0.5011574074074074 0.5514756944444444 0.08408564814814809 0.2464236111111111
7 0.4638599537037037 0.6419212962962962 0.030150462962962976 0.05510416666666664
2 0.4598668981481481 0.5763194444444444 0.06597222222222214 0.17900462962962962
14 0.573119212962963 0.21506944444444445 0.04299768518518512 0.10682870370370372
15 0.56015625 0.2027546296296296 0.046875 0.12718749999999995