12 0.18330439814814814 0.43911458333333336 0.1265740740740741 0.45510416666666664
9 0.2523090277777778 0.4827604166666667 0.08738425925925926 0.3715624999999999
8 0.29328125 0.6317708333333334 0.040567129629629585 0.08052083333333329
16 0.3403009259259259 0.5080208333333334 0.06585648148148149 0.3234375
4 0.3595543981481481 0.6164583333333333 0.040578703703703665 0.10697916666666671
1 0.3967997685185185 0.5657291666666666 0.0496296296296296 0.20718750000000002
13 0.4227372685185185 0.62703125 0.0361574074074074 0.08489583333333339
6 0.4605844907407407 0.5661458333333333 0.05119212962962969 0.2072916666666668
5 0.4860185185185185 0.6228125 0.036805555555555536 0.09583333333333321
0 0.5180960648148147 0.6198958333333333 0.03873842592592602 0.10218749999999996
11 0.5515625 0.5935416666666666 0.044918981481481525 0.15395833333333328
10 0.5876909722222223 0.5747916666666667 0.05017361111111107 0.1901041666666666
7 0.6116030092592593 0.6440104166666667 0.03255787037037035 0.050416666666666644
2 0.6500462962962963 0.5861979166666667 0.05053240740740748 0.16989583333333336
3 0.39438078703703705 0.31765625000000003 0.02289351851851853 0.01864583333333325
14 0.6471585648148148 0.14906250000000001 0.04085648148148131 0.11166666666666662
15 0.6846122685185185 0.14734375 0.044166666666666646 0.11499999999999999