12 0.1427314814814815 0.5159895833333333 0.14101851851851852 0.48708333333333337
9 0.22083912037037035 0.480318287037037 0.09704861111111107 0.4022453703703704
8 0.2810185185185185 0.43125578703703704 0.06841435185185185 0.28704861111111113
16 0.31623263888888886 0.46034143518518517 0.06678240740740744 0.33836805555555555
4 0.3504224537037037 0.3538541666666667 0.0474768518518518 0.11773148148148146
1 0.38403935185185184 0.40855902777777775 0.052025462962962975 0.22077546296296297
13 0.4172858796296296 0.3518692129629629 0.04011574074074069 0.0986574074074074
6 0.4499421296296296 0.41664930555555557 0.053587962962962976 0.22085648148148138
5 0.4835358796296296 0.4183912037037037 0.05496527777777764 0.21781249999999996
0 0.5186631944444444 0.35401041666666666 0.04056712962962976 0.07998842592592599
11 0.5510358796296296 0.40086226851851847 0.04556712962962965 0.16436342592592598
10 0.5855208333333334 0.4439293981481482 0.06131944444444457 0.24618055555555554
7 0.6183854166666667 0.35450810185185183 0.03614583333333332 0.05795138888888891
2 0.6524189814814815 0.41624421296296293 0.05421296296296294 0.17883101851851854
3 0.3531770833333333 0.6632002314814814 0.029699074074074083 0.02802083333333343
14 0.5969155092592593 0.8596469907407407 0.045092592592592594 0.13006944444444457
15 0.6336342592592592 0.8615509259259259 0.04334490740740726 0.1268634259259258