12 0.8097627314814815 0.4563831018518519 0.14700231481481474 0.5048611111111111
9 0.7315219907407406 0.5083680555555555 0.10109953703703703 0.41519675925925925
8 0.6836574074074073 0.663900462962963 0.043611111111111 0.10368055555555564
16 0.6387210648148148 0.5785532407407408 0.06491898148148145 0.27884259259259264
4 0.6124247685185186 0.6626099537037037 0.04591435185185198 0.11620370370370363
1 0.573113425925926 0.6194039351851852 0.056064814814814845 0.20846064814814813
13 0.5437731481481481 0.6784837962962962 0.04140046296296305 0.09271990740740747
6 0.50390625 0.6259027777777778 0.05891203703703703 0.20381944444444447
5 0.467650462962963 0.6342592592592593 0.05182870370370374 0.1896643518518518
0 0.43899884259259264 0.6917650462962963 0.03891203703703709 0.07707175925925931
11 0.3997800925925926 0.6501215277777778 0.05043981481481481 0.1662268518518518
10 0.3586747685185185 0.6030324074074074 0.06427083333333332 0.26790509259259265
7 0.33509837962962963 0.7065972222222222 0.03495370370370372 0.06296296296296297
2 0.2940798611111111 0.6477777777777778 0.053020833333333336 0.18343749999999998
14 0.30251736111111105 0.18318287037037037 0.047939814814814775 0.12403935185185185
15 0.2635011574074074 0.18454282407407407 0.04903935185185189 0.11624999999999996
3 0.5774479166666666 0.3362789351851852 0.036226851851851906 0.031759259259259306