12 0.24015580937499997 0.4103006921875 0.23121248906249997 0.3803452828125 0.2125524078125 0.379875265625 0.275544221875 0.6893765515625 0.2904674890625 0.6800314328125 0.29272305625 0.6272864171875 0.2502808515625 0.416812334375 0.24015580937499997 0.4103006921875
9 0.3100642359375 0.5945227859375 0.2597800609375 0.3576601875 0.24239996874999997 0.3608014046875 0.291583534375 0.6010767687499999 0.3100642359375 0.5945227859375
8 0.2923969859375 0.4266808359375 0.2796493109375 0.364054059375 0.2785399609375 0.3647180171875 0.2691189046875 0.3665930046875 0.2813822953125 0.42870145937500004 0.2923969859375 0.4266808359375
16 0.3348701984375 0.5666255437500001 0.29126010625 0.3611488703125 0.281412975 0.36422274374999997 0.32366912812500004 0.5688592015625 0.3348701984375 0.5666255437500001
4 0.31545465781250004 0.42138325468750004 0.3026799203125 0.35815024375000004 0.292297725 0.35885548906250003 0.306221753125 0.42790845156249996 0.31545465781250004 0.42138325468750004
1 0.341948125 0.4880683 0.314024125 0.3538344890625 0.303690234375 0.35502158281249996 0.3312533421875 0.4884574375 0.341948125 0.4880683
13 0.33652861875 0.4035451375 0.325218153125 0.3497477171875 0.31483647656249997 0.3524101109375 0.326409859375 0.4066185625 0.33652861875 0.4035451375
6 0.36585080937500003 0.48001436875000003 0.33674104374999997 0.3460222421875 0.3257617140625 0.3472686015625 0.35550378125000004 0.4856780109375 0.36585080937500003 0.48001436875000003
5 0.376515471875 0.47792045156249996 0.3484934171875 0.341549946875 0.3376868515625 0.3438165046875 0.3668995828125 0.48254170781249994 0.376515471875 0.47792045156249996
0 0.372666215625 0.397405428125 0.3603162921875 0.337322765625 0.3491120390625 0.3395197015625 0.3627358203125 0.40168090625 0.372666215625 0.397405428125
11 0.392380925 0.42998621562499995 0.3712671765625 0.3319068390625 0.360827684375 0.3358709953125 0.381816659375 0.4343209671875 0.392380925 0.42998621562499995
10 0.409425621875 0.44871571250000003 0.38304549374999997 0.3297345765625 0.37262430625 0.33267377656249997 0.3982074890625 0.45087322187499995 0.409425621875 0.44871571250000003
7 0.40077250937500003 0.35714084218750003 0.3946789375 0.32510005937500003 0.38455649687500004 0.3282895734375 0.3912289046875 0.36011602656249997 0.40077250937500003 0.35714084218750003
2 0.41180527187499993 0.39668911093750003 0.422297225 0.394330428125 0.40581380625 0.32179146875 0.3964481984375 0.3236796234375 0.41180527187499993 0.39668911093750003
3 0.35359415312500003 0.588399978125 0.35089945 0.578334696875 0.3463188078125 0.5804043234375 0.3384868953125 0.58307625 0.34141895 0.5949924 0.35359415312500003 0.588399978125
14 0.4424692109375 0.621899909375 0.43175204218749996 0.6231128921875 0.4327338171875 0.6250845171875 0.44930095625 0.7027653171875 0.45876430625 0.6989821640625 0.4424692109375 0.621899909375
15 0.46963782031249995 0.6951650015624999 0.45403274531250004 0.62084101875 0.44346184062500005 0.6237005765625 0.458976909375 0.6979173484375 0.46963782031249995 0.6951650015624999