12 0.671692621875 0.3295687796875 0.501257071875 0.168700634375 0.489021515625 0.185588184375 0.5109000890625001 0.20684199531249997 0.505660915625 0.2217280375 0.6272662078125 0.34209442968750003 0.63688824375 0.3281576390625 0.6578828234375 0.348697384375 0.671692621875 0.3295687796875
9 0.4765560953125 0.2050080734375 0.4675480515625 0.2209324015625 0.6088418546875001 0.3558580390625 0.6195691937500001 0.3389992046875 0.4765560953125 0.2050080734375
8 0.46046627500000004 0.230476684375 0.45449357656249995 0.2403369515625 0.4912753625 0.2769484578125 0.49846109062500005 0.2655994078125 0.46046627500000004 0.230476684375
16 0.45335353749999996 0.24355648125 0.4469199171875 0.2543367734375 0.5529959734375 0.35357010624999996 0.5591511984374999 0.343478603125 0.45335353749999996 0.24355648125
4 0.4452180453125 0.2575756984375 0.4401409140625 0.26639245312500004 0.479900371875 0.3043773984375 0.4861846265625 0.2935637765625 0.4452180453125 0.2575756984375
1 0.438419075 0.2698762765625 0.43289653906250003 0.2789327734375 0.5269376515624999 0.37042000625 0.5345481296875 0.358491240625 0.438419075 0.2698762765625
13 0.43073349531250005 0.28166538281250003 0.4248300359375 0.2929674453125 0.4553616609375 0.32243547499999997 0.46173850468750005 0.3108073640625 0.43073349531250005 0.28166538281250003
6 0.42329013125000003 0.2949612265625 0.41744945937500005 0.30660925156249996 0.49069337031250004 0.3742898234375 0.49729775312499996 0.3621003421875 0.42329013125000003 0.2949612265625
5 0.41628585781250005 0.3084962203125 0.4109064359375 0.31803430312500003 0.47738526718749996 0.383100603125 0.48573949375 0.3718976578125 0.41628585781250005 0.3084962203125
0 0.40855218750000005 0.32134981875 0.40307513906250003 0.3327833578125 0.428515196875 0.3582449578125 0.43589089999999997 0.34661555312500003 0.40855218750000005 0.32134981875
11 0.4328207796875 0.36331831718749996 0.40214128125000004 0.3352911140625 0.3951718671875 0.34507983593749997 0.4240161140625 0.373300390625 0.4328207796875 0.36331831718749996
10 0.48556825937500003 0.4311717203125 0.39430730937499997 0.34858999375 0.3871458578125 0.35916842656250003 0.4778822421875 0.4441966984375 0.48556825937500003 0.4311717203125
7 0.40588500625 0.3793538828125 0.3861528046875 0.36092131875 0.37997930625 0.371778415625 0.3985721765625 0.3902465609375 0.40588500625 0.3793538828125
2 0.4460528859375 0.43515872812499995 0.3799546484375 0.37464549687500004 0.37173425312499997 0.387161315625 0.4383538171875 0.44638931875 0.4460528859375 0.43515872812499995
3 0.5803834765625 0.38238734375 0.5744160859375 0.3919353234375 0.5795241890625 0.39816199375 0.586297890625 0.39072732656250003 0.5803834765625 0.38238734375
14 0.6171131296875 0.5615632609375 0.5748216187499999 0.5220484109375 0.5666612609375 0.53319868125 0.610325915625 0.57260263125 0.6171131296875 0.5615632609375
15 0.609748215625 0.5761722578125 0.5686145859375 0.5377640890625 0.55956010625 0.5516081671874999 0.6007278421875 0.588490990625 0.609748215625 0.5761722578125