12 0.496875 0.2234375 0.4765625 0.090625
9 0.453125 0.3046875 0.390625 0.0546875
8 0.3109375 0.3640625 0.1078125 0.0296875
16 0.3828125 0.39921875 0.25625 0.03125
4 0.32890625 0.4328125 0.1515625 0.0265625
1 0.3609375 0.465625 0.2171875 0.0296875
13 0.3 0.5015625 0.09375 0.028125
6 0.3609375 0.53515625 0.2171875 0.0296875
3 0.62265625 0.4390625 0.015625 0.0203125
5 0.3609375 0.56953125 0.2140625 0.028125
0 0.29296875 0.60234375 0.0765625 0.028125
11 0.32421875 0.6375 0.1390625 0.028125
10 0.4125 0.66953125 0.315625 0.028125
7 0.2828125 0.70390625 0.05625 0.0296875
2 0.3453125 0.73828125 0.178125 0.0296875
14 0.7890625 0.68203125 0.1140625 0.0359375
15 0.7875 0.721875 0.11875 0.0359375