12 0.13738425925925926 0.5330034722222223 0.16790509259259262 0.47269675925925936
9 0.22134259259259262 0.5598784722222222 0.11984953703703702 0.3923148148148147
8 0.3045775462962963 0.6883043981481481 0.048541666666666664 0.11319444444444446
16 0.3203298611111111 0.5740335648148148 0.09086805555555558 0.3340856481481481
4 0.36826388888888884 0.6600231481481481 0.055324074074074046 0.14922453703703695
1 0.3954050925925926 0.6205671296296297 0.06884259259259266 0.2181597222222223
13 0.43986111111111115 0.6777083333333334 0.041898148148148094 0.08653935185185198
6 0.46196180555555555 0.6094270833333333 0.06721064814814817 0.21344907407407412
5 0.4956597222222222 0.6018981481481481 0.0703819444444445 0.21662037037037046
0 0.5408043981481482 0.6652777777777779 0.04015046296296312 0.0740162037037038
11 0.5664988425925925 0.6180324074074074 0.057071759259259204 0.16174768518518512
10 0.5922974537037037 0.5637557870370371 0.07569444444444447 0.2588773148148148
7 0.6432175925925925 0.659074074074074 0.03511574074074062 0.05050925925925931
2 0.666087962962963 0.5915625 0.061990740740740694 0.17744212962962963
3 0.32338541666666665 0.36778356481481483 0.019004629629629656 0.017465277777777823
14 0.5422048611111111 0.14896412037037038 0.04704861111111107 0.1178587962962963
15 0.5782118055555555 0.14374421296296297 0.0485879629629629 0.11631944444444446