12 0.5171875 0.21640625 0.4984375 0.090625
9 0.47109375 0.30078125 0.4125 0.0546875
8 0.31953125 0.365625 0.1015625 0.0328125
16 0.40703125 0.40078125 0.2765625 0.034375
4 0.325 0.43671875 0.1140625 0.0328125
1 0.37109375 0.47109375 0.20625 0.0328125
13 0.3140625 0.50625 0.090625 0.03125
6 0.36875 0.540625 0.2015625 0.0359375
5 0.36328125 0.57734375 0.1875 0.03125
0 0.3078125 0.6125 0.075 0.03125
11 0.35234375 0.646875 0.1640625 0.0328125
10 0.4015625 0.6828125 0.265625 0.034375
7 0.3 0.71796875 0.0609375 0.028125
2 0.36171875 0.75234375 0.18125 0.0328125
14 0.82265625 0.6921875 0.121875 0.034375
15 0.82421875 0.73125 0.1140625 0.0359375
3 0.65234375 0.43515625 0.0296875 0.0328125