12 0.9097569444444444 0.5467997685185185 0.12368055555555557 0.4678472222222222
9 0.8275520833333333 0.5035648148148149 0.08100694444444442 0.38457175925925924
8 0.7527083333333333 0.34535300925925927 0.0344444444444445 0.07349537037037042
16 0.7310243055555555 0.47127893518518515 0.06125000000000007 0.3258680555555557
4 0.6886631944444443 0.35995949074074074 0.03746527777777793 0.10638888888888882
1 0.6613715277777777 0.41232638888888895 0.05 0.21304398148148138
13 0.6226215277777778 0.34718171296296296 0.03486111111111114 0.08287037037037041
6 0.5951388888888889 0.41278935185185184 0.0485069444444445 0.214525462962963
5 0.5631076388888889 0.41112847222222226 0.0499305555555555 0.21148148148148138
0 0.5248090277777777 0.3561400462962963 0.03874999999999993 0.10021990740740741
11 0.49402777777777784 0.3826041666666667 0.04267361111111114 0.153425925925926
10 0.4646875 0.42395254629629625 0.05274305555555543 0.23968750000000014
7 0.42305555555555563 0.32903935185185185 0.03184027777777772 0.049976851851851835
2 0.3953993055555555 0.3907407407407407 0.044930555555555605 0.1691319444444444
3 0.7148784722222222 0.6692013888888889 0.01781250000000014 0.014953703703703702
14 0.48934027777777783 0.8383391203703704 0.03461805555555557 0.11247685185185183
15 0.45194444444444437 0.8387384259259261 0.03774305555555557 0.112638888888889