12 0.2937268518518518 0.4301041666666666 0.2022337962962963 0.4715277777777779
9 0.35841435185185183 0.49484374999999997 0.1447106481481481 0.38434027777777774
8 0.3828587962962963 0.6384027777777778 0.05800925925925924 0.11999999999999993
16 0.4404976851851852 0.5459027777777778 0.11265046296296291 0.3289583333333333
4 0.4492303240740741 0.6422222222222222 0.06306712962962954 0.14510416666666667
1 0.48523726851851856 0.6383333333333334 0.07283564814814802 0.171875
13 0.5063715277777778 0.6888194444444444 0.04817129629629626 0.08854166666666678
6 0.5491030092592593 0.6530381944444444 0.0712731481481482 0.17184027777777774
5 0.5702835648148149 0.7003993055555556 0.04987268518518526 0.09795138888888885
0 0.6005092592592594 0.7174826388888889 0.046469907407407265 0.07913194444444435
11 0.6324363425925925 0.7252256944444444 0.046469907407407265 0.07913194444444435
10 0.6933738425925926 0.6210763888888889 0.10927083333333343 0.31170138888888876
7 0.6913831018518518 0.7554513888888889 0.03989583333333328 0.05711805555555553
2 0.7397916666666667 0.7057291666666667 0.07285879629629619 0.1734375
3 0.5237210648148147 0.36175347222222226 0.03168981481481481 0.030381944444444465
14 0.7955034722222223 0.2685416666666667 0.05483796296296291 0.1168055555555556
15 0.8289699074074075 0.2778819444444444 0.05472222222222243 0.1089930555555556