12 0.20687499999999998 0.41289351851851847 0.18062500000000004 0.44379629629629636
9 0.26656250000000004 0.4700810185185185 0.1382291666666667 0.36841435185185195
8 0.28375 0.6238425925925926 0.05145833333333334 0.09453703703703695
16 0.34296875 0.523431712962963 0.10958333333333332 0.3124305555555555
4 0.35260416666666666 0.6140856481481481 0.05906250000000002 0.13853009259259252
1 0.39114583333333336 0.5886458333333333 0.0822916666666667 0.2066898148148148
13 0.4061979166666666 0.6568460648148149 0.04645833333333336 0.08960648148148138
6 0.4521354166666667 0.6027835648148148 0.07947916666666668 0.21121527777777782
5 0.48125 0.6129166666666667 0.07770833333333335 0.20800925925925923
0 0.4952604166666667 0.6849826388888889 0.04572916666666664 0.07866898148148138
11 0.5261979166666666 0.6912905092592593 0.045937500000000145 0.08179398148148156
10 0.5870833333333334 0.5893981481481482 0.10447916666666668 0.3059374999999999
7 0.58375 0.7217129629629631 0.03458333333333332 0.05162037037037024
2 0.63015625 0.6723784722222221 0.0703125 0.16714120370370367
3 0.42546874999999995 0.3442650462962963 0.02312499999999993 0.019884259259259275
14 0.69359375 0.23822337962962964 0.05916666666666668 0.11673611111111111
15 0.7276041666666667 0.24547453703703703 0.0578125 0.11978009259259262