12 0.2280266203703704 0.49170138888888887 0.1802893518518518 0.47020833333333345
9 0.312037037037037 0.46729166666666666 0.1243287037037037 0.38184027777777774
8 0.390630787037037 0.38635416666666667 0.06674768518518519 0.18409722222222227
16 0.4224884259259259 0.3994965277777778 0.07001157407407418 0.1936111111111111
4 0.4587037037037037 0.38234375000000004 0.05516203703703706 0.13986111111111113
1 0.483113425925926 0.42329861111111117 0.07182870370370367 0.2108680555555555
13 0.5300405092592593 0.36909722222222224 0.04341435185185176 0.08468749999999989
6 0.5485763888888889 0.4371527777777778 0.07028935185185184 0.21236111111111117
5 0.5797453703703704 0.44401041666666663 0.07028935185185184 0.212361111111111
0 0.6251793981481482 0.38505208333333335 0.041736111111111106 0.07680555555555557
11 0.6570601851851852 0.39663194444444444 0.0433912037037036 0.08312500000000007
10 0.6780787037037037 0.45541666666666664 0.06837962962962969 0.18885416666666668
7 0.7242592592592592 0.39883680555555556 0.03835648148148145 0.05947916666666666
2 0.7444270833333333 0.46227430555555554 0.061851851851851866 0.16982638888888885
3 0.40537615740740734 0.6575 0.02217592592592581 0.021284722222222285
14 0.6070543981481482 0.8697222222222223 0.053275462962962906 0.11791666666666671
15 0.6444270833333333 0.8799826388888888 0.05486111111111107 0.11954861111111122