12 0.26012731481481477 0.5216145833333333 0.1792476851851852 0.36504629629629637
9 0.3269849537037037 0.46296296296296297 0.14684027777777775 0.37042824074074066
8 0.3696817129629629 0.3749710648148148 0.07601851851851853 0.1752893518518519
16 0.40968171296296296 0.4140335648148148 0.10472222222222224 0.27858796296296295
4 0.42807870370370366 0.32939814814814816 0.05920138888888893 0.12112268518518521
1 0.4560706018518518 0.3148726851851852 0.05386574074074062 0.10827546296296298
3 0.4733854166666667 0.5813078703703705 0.03575231481481467 0.02910879629629619
13 0.48714699074074075 0.3008969907407407 0.05354166666666664 0.10202546296296297
6 0.5193113425925926 0.3109664351851852 0.06494212962962961 0.14178240740740744
5 0.5514641203703704 0.30625 0.06847222222222218 0.14982638888888894
0 0.5770081018518518 0.2638888888888889 0.047800925925925955 0.08136574074074074
11 0.6068576388888889 0.2585648148148148 0.04820601851851869 0.08917824074074074
10 0.6510300925925926 0.3222222222222222 0.09175925925925928 0.23871527777777776
7 0.6653877314814814 0.22543402777777777 0.04197916666666668 0.05914351851851851
2 0.7077430555555555 0.27910879629629626 0.07822916666666657 0.18790509259259255
14 0.7159780092592593 0.660619212962963 0.056238425925925914 0.12401620370370381
15 0.741261574074074 0.6532986111111111 0.05065972222222222 0.10648148148148148