12 0.8696893234375 0.7788966984375 0.8604459421874999 0.28114327656250004 0.7743987296875 0.27386097343750004 0.7777171125 0.7764825125 0.8696893234375 0.7788966984375
9 0.758027259375 0.6854549999999999 0.7546395765625 0.2722034671875 0.7003824843750001 0.27057501875 0.703731221875 0.6832230671875 0.758027259375 0.6854549999999999
8 0.6838361468749999 0.3734841875 0.6823164390625001 0.2700556421875 0.6493521765625 0.2682649125 0.651709578125 0.370531896875 0.6838361468749999 0.3734841875
16 0.6497153875 0.61799049375 0.6428212453125 0.2677272328125 0.6107997984375 0.2672399671875 0.6188370187500001 0.6251314390625 0.6497153875 0.61799049375
4 0.6100382265625 0.37726595937499996 0.6069436640625 0.26608087343750003 0.5784047015625 0.265221271875 0.5777285078125 0.375713559375 0.6100382265625 0.37726595937499996
1 0.5810342890625 0.485693253125 0.57317375625 0.265492103125 0.5415655625 0.2637700515625 0.5421330359375001 0.48425111718749997 0.5810342890625 0.485693253125
13 0.538392134375 0.35232030625 0.5352348250000001 0.2643872015625 0.5028086218750001 0.26507250781249997 0.5039817703125 0.34985305625 0.538392134375 0.35232030625
6 0.505250371875 0.4845936984375 0.500258165625 0.2633339484375 0.470342496875 0.26118756875 0.473565625 0.48404128125 0.505250371875 0.4845936984375
5 0.46731339062500005 0.47196969062500005 0.4629116875 0.2622393765625 0.43442590000000003 0.26048688750000004 0.439899575 0.4648418140625 0.46731339062500005 0.47196969062500005
0 0.42881431875000003 0.3404652703125 0.42907625468750005 0.26031913125 0.3962777015625 0.2587945859375 0.3978950796875 0.3331965984375 0.42881431875000003 0.3404652703125
11 0.3960829875 0.4257754375 0.391137321875 0.25921423125 0.359952353125 0.259138225 0.36531469375 0.4248631109375 0.3960829875 0.4257754375
10 0.3649065109375 0.5117636921875001 0.35559005 0.258594471875 0.3247510140625 0.256244590625 0.3298901046875 0.5098557687499999 0.3649065109375 0.5117636921875001
7 0.32055381875 0.30693531875 0.31935389999999997 0.2560049890625 0.2886753828125 0.2560711890625 0.2892479421875 0.3052012171875 0.32055381875 0.30693531875
2 0.292664065625 0.43678165468749997 0.28376294375 0.25449758125 0.250001546875 0.252296278125 0.257127228125 0.43252099218750006 0.292664065625 0.43678165468749997
3 0.606950353125 0.6643349515625 0.6078880328125 0.6461285375 0.582476221875 0.6447241171875 0.5783654890625 0.6602873 0.606950353125 0.6643349515625
14 0.3541769359375 0.8870351375000001 0.3518984390625 0.7609517546875 0.3164751984375 0.76181865625 0.3184750046875 0.882802775 0.3541769359375 0.8870351375000001
15 0.3129828546875 0.8839680624999999 0.31055767031250003 0.76289165 0.2751761296875 0.7616927609374999 0.280528575 0.8818744281249999 0.3129828546875 0.8839680624999999