12 0.3159375 0.5678645833333333 0.15812500000000007 0.45569444444444435
9 0.3461458333333333 0.5185763888888889 0.11593749999999999 0.36034722222222226
8 0.35119791666666667 0.40741319444444446 0.04124999999999997 0.10465277777777775
16 0.3872916666666667 0.4814583333333333 0.08093749999999993 0.25597222222222216
4 0.39177083333333335 0.43180555555555555 0.054479166666666676 0.1628819444444444
3 0.4518750000000001 0.6673784722222222 0.01708333333333343 0.022569444444444465
1 0.42427083333333326 0.4869965277777778 0.08874999999999993 0.2796875
13 0.41864583333333333 0.39093750000000005 0.038854166666666676 0.09208333333333334
6 0.44796874999999997 0.4452083333333333 0.06656250000000004 0.20392361111111104
5 0.4619791666666666 0.4333680555555556 0.06208333333333336 0.1834722222222222
0 0.4679166666666667 0.38222222222222224 0.03843749999999986 0.08583333333333334
11 0.4955729166666666 0.4231770833333333 0.05812500000000007 0.1708333333333334
10 0.5221875 0.46019097222222227 0.07895833333333328 0.24965277777777786
7 0.51484375 0.36171875 0.02864583333333339 0.055798611111111104
2 0.5477083333333332 0.42237847222222225 0.061979166666666786 0.1819097222222222
14 0.6096875 0.8029166666666667 0.041458333333333285 0.10777777777777793
15 0.6265104166666667 0.8098958333333333 0.044375000000000143 0.12815972222222244