12 0.1578240740740741 0.6033796296296295 0.1916550925925926 0.46805555555555556
9 0.22935763888888888 0.5422164351851853 0.13793981481481482 0.3782754629629629
8 0.26600115740740743 0.39804976851851853 0.058506944444444466 0.11795138888888887
16 0.31572916666666667 0.49410300925925926 0.11153935185185179 0.3279282407407408
4 0.3319560185185185 0.3783391203703704 0.053449074074074066 0.11163194444444446
1 0.3715046296296296 0.4222453703703704 0.08299768518518516 0.2151041666666666
13 0.3944212962962963 0.3516550925925926 0.04884259259259256 0.08658564814814813
6 0.43557291666666664 0.40802662037037035 0.08115740740740733 0.21039351851851862
5 0.4688483796296296 0.3997280092592593 0.08115740740740733 0.21039351851851854
0 0.4912152777777778 0.32524305555555555 0.04350694444444443 0.07557870370370363
11 0.5289756944444445 0.3598090277777778 0.07028935185185184 0.15871527777777777
10 0.5698611111111112 0.3943287037037037 0.08778935185185191 0.24327546296296293
7 0.589207175925926 0.2917881944444445 0.0374305555555555 0.05207175925925931
2 0.6313715277777778 0.34424189814814815 0.07590277777777779 0.1744097222222222
3 0.3780555555555556 0.6805150462962963 0.027858796296296263 0.022268518518518476
14 0.6450520833333334 0.7983275462962963 0.05528935185185198 0.11634259259259246
15 0.6814988425925925 0.7892013888888889 0.055196759259259306 0.11478009259259263