12 0.7539525462962964 0.44994212962962965 0.17749999999999985 0.4696180555555555
9 0.6764930555555555 0.501880787037037 0.13068287037037046 0.38993055555555556
8 0.6342766203703704 0.6725694444444444 0.04570601851851848 0.0609375
16 0.5878240740740741 0.5447916666666666 0.09416666666666665 0.32621527777777787
4 0.563425925925926 0.6394097222222223 0.05842592592592588 0.1440393518518519
1 0.5277314814814815 0.6075520833333333 0.07821759259259267 0.21493055555555554
13 0.5002199074074074 0.6754340277777777 0.047372685185185226 0.0890625
6 0.4630208333333334 0.6161168981481481 0.07665509259259266 0.21487268518518512
5 0.429056712962963 0.6211226851851851 0.075 0.21325231481481488
0 0.4020949074074074 0.6929398148148149 0.05021990740740741 0.08449074074074084
11 0.3658969907407407 0.6563657407407407 0.06403935185185183 0.159837962962963
10 0.32644097222222224 0.6087094907407408 0.0874305555555555 0.265162037037037
7 0.30359953703703707 0.7166956018518518 0.039270833333333324 0.05758101851851851
2 0.2660763888888889 0.6628472222222223 0.07121527777777778 0.17569444444444446
3 0.5343229166666668 0.3509837962962963 0.026388888888888927 0.02436342592592595
14 0.27541666666666664 0.21455439814814814 0.05510416666666664 0.11429398148148148
15 0.2385127314814815 0.21631944444444445 0.051886574074074064 0.11261574074074074