12 0.8859606481481481 0.4432291666666667 0.13006944444444457 0.45850694444444445
9 0.810792824074074 0.4828125 0.08656250000000014 0.38206018518518514
8 0.7514293981481481 0.6173321759259259 0.04425925925925931 0.11545138888888892
16 0.7171006944444445 0.5136863425925926 0.06457175925925931 0.3266782407407408
4 0.6863483796296297 0.6025173611111111 0.04454861111111121 0.1466435185185185
1 0.653107638888889 0.5700810185185186 0.05146990740740733 0.21082175925925917
13 0.6208738425925926 0.633912037037037 0.03606481481481474 0.08240740740740744
6 0.5878935185185185 0.566232638888889 0.053402777777777646 0.21712962962962976
5 0.5550347222222222 0.5666666666666667 0.054780092592592665 0.2140625
0 0.523900462962963 0.6226273148148149 0.03873842592592602 0.10121527777777786
11 0.4915972222222222 0.6324363425925925 0.039282407407407405 0.08408564814814809
10 0.4570138888888889 0.57734375 0.05513888888888889 0.19380787037037042
7 0.4258854166666667 0.6466145833333334 0.03136574074074065 0.05572916666666679
2 0.39189814814814816 0.5883680555555555 0.05071759259259254 0.17181712962962958
3 0.6796064814814814 0.3169849537037037 0.02445601851851862 0.018055555555555537
14 0.44009837962962967 0.14655671296296297 0.044351851851851976 0.11701388888888889
15 0.40314814814814814 0.14401041666666664 0.0427893518518518 0.11695601851851851