5 0.5002893518518519 0.535329861111111 0.050578703703703806 0.17795138888888892
6 0.5309606481481481 0.5263599537037037 0.051851851851851906 0.19513888888888892
2 0.3673032407407407 0.5379050925925926 0.05109953703703703 0.16394675925925917
11 0.449855324074074 0.584201388888889 0.03200231481481488 0.0744212962962962
8 0.6682002314814814 0.5706307870370371 0.04068287037037042 0.10746527777777785
10 0.4220775462962963 0.4841724537037037 0.0659143518518519 0.27980324074074064
0 0.47815393518518523 0.5855034722222222 0.03344907407407405 0.0729166666666666
7 0.39670138888888895 0.5963541666666666 0.030150462962962976 0.04942129629629619
4 0.6113425925925926 0.5539351851851853 0.040740740740740834 0.12928240740740743
15 0.37607060185185187 0.20150462962962962 0.03269675925925926 0.08379629629629629
1 0.583738425925926 0.519704861111111 0.05306712962962976 0.19050925925925916
16 0.6407118055555555 0.4745081018518519 0.06799768518518512 0.3079282407407408
14 0.4022569444444445 0.20601851851851852 0.0328125 0.08535879629629628
12 0.7848379629629629 0.4213831018518519 0.13709490740740726 0.4413773148148149
13 0.556886574074074 0.5802372685185185 0.03414351851851851 0.08229166666666661
9 0.7203703703703704 0.48174189814814816 0.08263888888888893 0.31626157407407407
3 0.6014178240740741 0.3459201388888889 0.021469907407407264 0.016377314814814792