12 0.62638573125 0.644475140625 0.6164083312499999 0.705886428125 0.6413365093750001 0.70669860625 0.7138921453125 0.2492542421875 0.689266109375 0.248732396875 0.6782313609374999 0.313707678125 0.65709398125 0.31325461875 0.605025578125 0.6406244921875001 0.62638573125 0.644475140625
9 0.61833173125 0.35165881250000003 0.562266503125 0.7049660484375 0.5882823375 0.70727973125 0.6452300484375 0.35604655625000003 0.61833173125 0.35165881250000003
8 0.5528356481481481 0.6448958333333333 0.02818287037037024 0.08612268518518515
16 0.5522858796296296 0.5331423611111111 0.05821759259259274 0.30659722222222213
4 0.5181423611111111 0.6321354166666666 0.03194444444444429 0.10333333333333332
1 0.49921875 0.6366840277777778 0.028414351851851906 0.09237268518518515
13 0.4804398148148148 0.6373263888888889 0.0265625 0.08454861111111107
6 0.46423611111111107 0.6317361111111112 0.028298611111111073 0.08924768518518533
5 0.4484085648148149 0.6159895833333333 0.030902777777777855 0.11738425925925924
0 0.4283564814814815 0.6299074074074074 0.028067129629629584 0.08299768518518516
11 0.41140046296296295 0.6235300925925926 0.026851851851851904 0.09236111111111107
10 0.39771412037037035 0.5921701388888889 0.03674768518518521 0.1486689814814815
7 0.3734664351851852 0.6349710648148148 0.023958333333333394 0.05641203703703716
2 0.3597800925925926 0.6036111111111111 0.03402777777777777 0.1174074074074074
3 0.5625868055555555 0.3394155092592593 0.021238425925925952 0.025150462962962906
14 0.4744791666666666 0.18637731481481482 0.029166666666666785 0.11268518518518515
15 0.45978009259259256 0.1823611111111111 0.028993055555555536 0.10799768518518515