12 0.5390625 0.2171875 0.45625 0.078125
9 0.49375 0.2953125 0.384375 0.053125
8 0.359375 0.35625 0.115625 0.028125
16 0.43828125 0.38828125 0.2734375 0.0296875
4 0.353125 0.421875 0.1046875 0.0296875
1 0.3796875 0.4546875 0.1578125 0.03125
13 0.34140625 0.48828125 0.0796875 0.028125
6 0.38046875 0.52109375 0.1578125 0.0296875
5 0.40703125 0.553125 0.2109375 0.0296875
0 0.3359375 0.58671875 0.0703125 0.028125
11 0.378125 0.61796875 0.15625 0.028125
10 0.396875 0.65234375 0.19375 0.03125
7 0.3265625 0.684375 0.0546875 0.0265625
2 0.38359375 0.71875 0.16875 0.03125
3 0.6609375 0.425 0.0203125 0.021875
14 0.825 0.6640625 0.1125 0.028125
15 0.82734375 0.70078125 0.109375 0.028125