12 0.53125 0.15703125 0.3984375 0.0953125
9 0.48671875 0.2390625 0.4140625 0.0515625
8 0.32578125 0.30390625 0.0859375 0.0296875
16 0.41328125 0.3375 0.2671875 0.0296875
4 0.3578125 0.37109375 0.1546875 0.0296875
1 0.39453125 0.40625 0.221875 0.0296875
13 0.32734375 0.44140625 0.09375 0.0296875
6 0.37109375 0.4765625 0.1796875 0.034375
5 0.32734375 0.51171875 0.0921875 0.0296875
0 0.31953125 0.54609375 0.0765625 0.0296875
11 0.35859375 0.5796875 0.153125 0.03125
10 0.44921875 0.61484375 0.3375 0.034375
7 0.3078125 0.64921875 0.053125 0.03125
2 0.3734375 0.6859375 0.1828125 0.034375
3 0.66796875 0.37421875 0.0296875 0.0296875
14 0.840625 0.62890625 0.1390625 0.0296875
15 0.8421875 0.6671875 0.1140625 0.03125