12 0.4618055555555555 0.18881944444444443 0.499537037037037 0.11773148148148146
9 0.5110532407407408 0.2736342592592592 0.42766203703703703 0.07502314814814817
8 0.6337673611111111 0.33758680555555554 0.13582175925925916 0.04005787037037045
16 0.5493344907407407 0.37884837962962964 0.31105324074074064 0.04760416666666663
4 0.6200810185185185 0.4111458333333333 0.17476851851851852 0.03722222222222218
1 0.6245659722222221 0.44784143518518515 0.16863425925925918 0.040300925925926025
13 0.6602719907407407 0.4835243055555555 0.10283564814814809 0.03512731481481488
6 0.629542824074074 0.5189178240740742 0.16701388888888893 0.03872685185185176
5 0.5247685185185185 0.5595486111111111 0.38454861111111105 0.049710648148148094
0 0.657986111111111 0.5906018518518519 0.12320601851851869 0.036840277777777784
11 0.6710358796296296 0.6264525462962963 0.10283564814814809 0.03512731481481488
10 0.5372974537037037 0.6657349537037037 0.3750578703703704 0.046516203703703775
7 0.6939525462962963 0.6966145833333333 0.06371527777777786 0.03327546296296298
2 0.6251157407407407 0.7369791666666667 0.20787037037037043 0.04527777777777775
3 0.344849537037037 0.42803240740740733 0.019618055555555534 0.023576388888889
14 0.1886863425925926 0.6847280092592593 0.12152777777777776 0.0337037037037037
15 0.18981481481481483 0.7151967592592593 0.1105324074074074 0.03206018518518512