12 0.5078125 0.23515625 0.5015625 0.0921875
9 0.45625 0.321875 0.4078125 0.053125
8 0.3125 0.384375 0.121875 0.03125
16 0.40625 0.42109375 0.3109375 0.0359375
4 0.3078125 0.45625 0.1140625 0.03125
1 0.34609375 0.49140625 0.190625 0.0328125
13 0.29375 0.528125 0.084375 0.0296875
6 0.3453125 0.56328125 0.1875 0.03125
5 0.3515625 0.59921875 0.2015625 0.034375
0 0.2890625 0.634375 0.075 0.03125
11 0.290625 0.6703125 0.08125 0.03125
10 0.4015625 0.7046875 0.3046875 0.03125
7 0.27578125 0.7421875 0.0546875 0.03125
2 0.33828125 0.77578125 0.1796875 0.03125
3 0.63359375 0.46171875 0.0140625 0.0203125
14 0.8125 0.72265625 0.1203125 0.03125
15 0.8125 0.76171875 0.1203125 0.03125