12 0.266803478125 0.31010444375 0.27204339375000003 0.2786775765625 0.2575169484375 0.28059881249999996 0.20371928593750002 0.5186917390625 0.221219634375 0.5254320453125 0.227798190625 0.49378561093749995 0.237273875 0.4983380546875 0.2784352 0.316272546875 0.266803478125 0.31010444375
9 0.25835735625 0.492503046875 0.3030281390625 0.291162528125 0.2872073984375 0.28574655781249997 0.24084498906250001 0.484869409375 0.25835735625 0.492503046875
8 0.3037706328125 0.3537022328125 0.3138317390625 0.310411328125 0.30442234687499997 0.3061222234375 0.293636159375 0.355389553125 0.3037706328125 0.3537022328125
16 0.31456526875 0.38847319375 0.332193715625 0.31676090156250003 0.314536428125 0.31091358125 0.3008257765625 0.37221140625000004 0.289556634375 0.4153539515625 0.3087257953125 0.419384028125 0.31456526875 0.38847319375
4 0.3247693484375 0.39399785781249996 0.3420622765625 0.3206317125 0.3328989421875 0.3170563703125 0.31681732500000004 0.38847594218750003 0.3247693484375 0.39399785781249996
1 0.3218695453125 0.4100345765625 0.3315837875 0.413810090625 0.3521182703125 0.3240603921875 0.3434338765625 0.3201195953125 0.3273300625 0.38951720624999997 0.3218695453125 0.4100345765625
13 0.3504941203125 0.3719945859375 0.3606884734375 0.32634595 0.35327493906249996 0.32436374375 0.3424985015625 0.370825553125 0.3504941203125 0.3719945859375
6 0.3490818484375 0.42647408125 0.371963475 0.32909648125 0.3621878765625 0.3257076953125 0.33917195625 0.42570287812499996 0.3490818484375 0.42647408125
5 0.3712143859375 0.330721846875 0.3505874703125 0.42291169687499996 0.3586430015625 0.42883151249999996 0.380164584375 0.33501406562499997 0.3712143859375 0.330721846875
0 0.3687375703125 0.38818657343749996 0.37650405 0.39324075468749997 0.390695028125 0.336453078125 0.3835853453125 0.3338521359375 0.38067579687499997 0.33123388125000003 0.3687375703125 0.38818657343749996
11 0.38009915625 0.3781582296875 0.388404725 0.3832965921875 0.3999208421875 0.3400851875 0.3922731875 0.336854465625 0.38009915625 0.3781582296875
10 0.4106248859375 0.3839709015625 0.419285796875 0.3467535640625 0.40048580625 0.341543690625 0.37079028125 0.46267440156250006 0.3775112546875 0.4704272859375 0.381112934375 0.46785032656250003 0.4106248859375 0.3839709015625
7 0.41969543906249995 0.3477934640625 0.41353385156250005 0.374764025 0.42168890000000003 0.378604646875 0.4278532828125 0.35202242031250003 0.41969543906249995 0.3477934640625
2 0.4188392046875 0.4401324609375 0.4392662609375 0.3546769609375 0.428677309375 0.351212890625 0.4206055015625 0.3866272703125 0.4074665875 0.43784441875 0.4188392046875 0.4401324609375
3 0.2895213046875 0.4981053578125 0.29923433125 0.507532303125 0.302821371875 0.49302832968750004 0.29564394374999997 0.48746460156250004 0.2895213046875 0.4981053578125
14 0.3365745828125 0.6348910671875 0.3506812125 0.572335825 0.34100641875000004 0.5702183109375001 0.3253361984375 0.6339987 0.3365745828125 0.6348910671875
15 0.34643388750000004 0.6363417734375 0.36136874531249996 0.5789244734375 0.35113332656249996 0.5733688906250001 0.3370387453125 0.6328535734375 0.34643388750000004 0.6363417734375