12 0.5234375 0.21328125 0.5015625 0.09375
9 0.478125 0.2984375 0.421875 0.059375
8 0.2984375 0.36328125 0.0671875 0.0328125
16 0.43359375 0.4 0.3328125 0.03125
4 0.34375 0.43671875 0.1546875 0.0296875
1 0.3625 0.47109375 0.190625 0.0296875
13 0.3140625 0.5078125 0.0890625 0.03125
6 0.35390625 0.54375 0.171875 0.03125
5 0.36328125 0.57890625 0.1875 0.03125
0 0.3109375 0.61484375 0.0828125 0.0296875
11 0.31171875 0.65078125 0.084375 0.028125
10 0.4390625 0.684375 0.3375 0.0328125
7 0.2953125 0.721875 0.0515625 0.03125
2 0.36328125 0.7578125 0.1875 0.0328125
3 0.65703125 0.4359375 0.028125 0.03125
14 0.83125 0.69375 0.1125 0.0359375
15 0.83203125 0.73203125 0.11875 0.0328125