12 0.8292534722222221 0.4479282407407408 0.15388888888888913 0.4821412037037037
9 0.757337962962963 0.49918402777777776 0.10888888888888885 0.39517361111111116
8 0.7181886574074074 0.6610706018518518 0.04497685185185176 0.08540509259259252
16 0.6676041666666667 0.5392187500000001 0.0815393518518519 0.3404745370370371
4 0.6487268518518519 0.6522627314814814 0.04856481481481474 0.11684027777777786
1 0.6072337962962963 0.6028877314814814 0.06737268518518516 0.2272337962962963
13 0.5827430555555556 0.6725925925925926 0.04350694444444443 0.09156249999999985
6 0.5414583333333333 0.6091550925925926 0.06259259259259267 0.22070601851851848
5 0.5093576388888889 0.6119444444444444 0.06422453703703698 0.22548611111111114
0 0.4840393518518519 0.6847280092592593 0.04031249999999993 0.08668981481481489
11 0.45116898148148155 0.6866898148148148 0.04033564814814809 0.08825231481481488
10 0.40826388888888887 0.6270659722222222 0.06396990740740734 0.20829861111111114
7 0.38440393518518523 0.7069733796296296 0.03362268518518512 0.05663194444444457
2 0.3438425925925926 0.6474884259259259 0.05884259259259252 0.1783333333333335
3 0.6064583333333333 0.3385474537037037 0.028425925925925986 0.02197916666666666
14 0.3405034722222222 0.18673032407407408 0.04704861111111107 0.1198726851851852
15 0.3021759259259259 0.18758680555555557 0.048680555555555574 0.12465277777777777