12 0.757728859375 0.2612728546875 0.3175636578125 0.2718098953125 0.3163457796875 0.297005971875 0.3721223046875 0.29536141250000003 0.37439699531250004 0.3178448140625 0.6984654171875 0.3120125671875 0.699940434375 0.2921846171875 0.759314078125 0.2907329140625 0.757728859375 0.2612728546875
9 0.679380628125 0.315053728125 0.3161168984375 0.3244357640625 0.3171821875 0.35005569531249997 0.679380628125 0.3408983015625 0.679380628125 0.315053728125
8 0.5891248921875001 0.3560744390625 0.31361332656249996 0.360260009375 0.315605446875 0.3757667546875 0.5868388984374999 0.37051730625 0.5891248921875001 0.3560744390625
16 0.5588738125 0.373883246875 0.316162109375 0.3790283203125 0.316060384375 0.3951132296875 0.5595827109375 0.38882732343750004 0.5588738125 0.373883246875
4 0.38828125 0.403125 0.1390625 0.015625
1 0.38046875 0.421875 0.121875 0.0171875
13 0.359375 0.4390625 0.0765625 0.015625
6 0.3828125 0.45625 0.121875 0.0171875
5 0.3796875 0.47421875 0.1140625 0.015625
0 0.35859375 0.4921875 0.0703125 0.015625
11 0.4 0.5078125 0.1515625 0.015625
10 0.43828125 0.52421875 0.228125 0.01875
7 0.3515625 0.54453125 0.05 0.015625
2 0.40703125 0.5609375 0.1578125 0.0171875
3 0.6578125 0.39765625 0.01875 0.0125
14 0.81875 0.52265625 0.1140625 0.015625
15 0.81640625 0.54140625 0.10625 0.0171875