12 0.7609664351851851 0.59875 0.18028935185185196 0.4663541666666665
9 0.6929224537037036 0.5394444444444445 0.1243287037037037 0.3792013888888889
8 0.6522858796296296 0.43232638888888886 0.06674768518518519 0.182673611111111
16 0.6178761574074073 0.4292187500000001 0.07001157407407418 0.1921180555555555
4 0.5908622685185185 0.39815972222222223 0.05516203703703706 0.13868055555555553
1 0.5529861111111111 0.42465277777777777 0.07182870370370367 0.20934027777777775
13 0.5308738425925925 0.3554340277777778 0.04341435185185176 0.08375000000000003
6 0.4879340277777778 0.40914930555555556 0.07028935185185184 0.2108680555555555
5 0.4565798611111111 0.4014236111111112 0.07028935185185184 0.2108680555555555
0 0.4375231481481482 0.3275868055555556 0.041736111111111106 0.07590277777777779
11 0.40389467592592593 0.32449652777777777 0.04339120370370377 0.08218750000000004
10 0.3623900462962963 0.3696527777777778 0.0683796296296296 0.18739583333333326
7 0.3410127314814815 0.2973263888888889 0.03835648148148145 0.058645833333333286
2 0.29878472222222224 0.3463715277777778 0.061851851851851866 0.16850694444444442
3 0.5363541666666667 0.6726388888888889 0.02217592592592581 0.020798611111111143
14 0.27238425925925924 0.7784548611111111 0.053275462962963 0.11677083333333335
15 0.23401041666666664 0.7713541666666667 0.05486111111111107 0.1183680555555556