12 0.52734375 0.1375 0.4734375 0.084375
9 0.46953125 0.21953125 0.3734375 0.0484375
8 0.30625 0.28203125 0.05625 0.0296875
16 0.440625 0.31484375 0.325 0.0296875
4 0.35 0.35078125 0.14375 0.0296875
1 0.37734375 0.38515625 0.2015625 0.0296875
13 0.3203125 0.42109375 0.0875 0.03125
6 0.37734375 0.4546875 0.203125 0.0328125
5 0.384375 0.48984375 0.21875 0.0296875
0 0.3125 0.5234375 0.078125 0.03125
11 0.31484375 0.55703125 0.08125 0.0296875
10 0.43671875 0.59375 0.3265625 0.0328125
7 0.29921875 0.628125 0.053125 0.028125
2 0.36328125 0.66328125 0.1796875 0.0328125
3 0.65859375 0.35390625 0.01875 0.01875
14 0.83515625 0.6109375 0.1171875 0.028125
15 0.8375 0.64921875 0.1140625 0.034375