12 0.39589699074074075 0.21534722222222222 0.4526851851851852 0.19124999999999998
9 0.4559201388888889 0.2757118055555555 0.3676157407407407 0.1425
8 0.6142129629629629 0.2925 0.08196759259259245 0.05024305555555557
16 0.5023726851851852 0.3559027777777778 0.31876157407407407 0.11329861111111121
4 0.6155729166666667 0.3588541666666667 0.10859953703703695 0.05552083333333328
1 0.5735416666666666 0.4019618055555555 0.20423611111111112 0.07951388888888893
13 0.641244212962963 0.4184201388888889 0.0866087962962963 0.047222222222222145
6 0.5898032407407408 0.4640798611111111 0.20425925925925928 0.08107638888888893
5 0.6520486111111111 0.4798784722222223 0.09603009259259246 0.050555555555555645
0 0.6570543981481481 0.5110069444444444 0.10232638888888879 0.05381944444444446
11 0.6393229166666666 0.5481076388888889 0.1540740740740741 0.06746527777777782
10 0.6286111111111111 0.5858333333333333 0.18858796296296293 0.07760416666666661
7 0.7034143518518519 0.5974479166666666 0.05211805555555564 0.03864583333333336
2 0.6558564814814816 0.6445833333333333 0.16979166666666679 0.07406250000000014
3 0.3254224537037037 0.43871527777777775 0.020659722222222142 0.023888888888888894
14 0.2183275462962963 0.7089756944444445 0.11172453703703704 0.05559027777777779
15 0.22559606481481484 0.7455208333333333 0.11648148148148145 0.060381944444444356