12 0.52265625 0.153125 0.4890625 0.09375
9 0.47578125 0.2375 0.4078125 0.053125
8 0.30703125 0.3015625 0.0765625 0.0296875
16 0.415625 0.33515625 0.2953125 0.03125
4 0.34375 0.3703125 0.15 0.0296875
1 0.35625 0.4046875 0.175 0.03125
13 0.3140625 0.440625 0.090625 0.03125
6 0.353125 0.47421875 0.16875 0.0296875
5 0.3796875 0.509375 0.2234375 0.03125
0 0.309375 0.54375 0.0828125 0.028125
11 0.31015625 0.57734375 0.084375 0.028125
10 0.43515625 0.6140625 0.334375 0.03125
7 0.29609375 0.64765625 0.0578125 0.028125
2 0.35859375 0.6828125 0.1828125 0.034375
3 0.65234375 0.375 0.0234375 0.025
14 0.8265625 0.62734375 0.11875 0.0328125
15 0.8265625 0.6671875 0.1140625 0.03125