12 0.850300925925926 0.5162152777777778 0.1850578703703704 0.5193749999999999
9 0.761545138888889 0.4779861111111111 0.13125 0.42659722222222224
8 0.6719270833333333 0.3594618055555555 0.05740740740740726 0.1272222222222222
16 0.6581539351851852 0.49520833333333336 0.1043981481481481 0.3942361111111111
4 0.5992303240740741 0.3686979166666667 0.05493055555555557 0.13802083333333331
1 0.5745312499999999 0.4252604166666666 0.07685185185185191 0.24496527777777785
13 0.5257002314814814 0.3638715277777778 0.051886574074073974 0.11295138888888889
6 0.5022453703703704 0.42828125000000006 0.07473379629629626 0.23552083333333335
5 0.4687037037037037 0.4408159722222223 0.07740740740740755 0.25434027777777785
0 0.4214351851851852 0.3794965277777778 0.05253472222222229 0.1238888888888889
11 0.3916261574074074 0.41557291666666674 0.06589120370370374 0.19149305555555554
10 0.3502546296296296 0.3880208333333333 0.0575925925925926 0.13034722222222223
7 0.3088368055555556 0.3596875 0.044513888888888964 0.06743055555555558
2 0.2861226851851852 0.4365972222222222 0.07353009259259258 0.21520833333333336
3 0.6539583333333333 0.6742361111111111 0.03319444444444457 0.03420138888888893
14 0.4373206018518518 0.87109375 0.05262731481481495 0.1254513888888887
15 0.4072222222222222 0.8759895833333333 0.047847222222222284 0.12368055555555557