12 0.2527546296296296 0.4139351851851852 0.16865740740740734 0.4213773148148148
9 0.31895254629629627 0.46268518518518514 0.12699074074074074 0.35078703703703695
8 0.3555960648148148 0.6062268518518519 0.047094907407407405 0.08312500000000007
16 0.39741898148148147 0.5074363425925925 0.09378472222222226 0.29119212962962954
4 0.41593749999999996 0.6089062500000001 0.04802083333333336 0.09875000000000007
1 0.45181134259259254 0.5679976851851852 0.07085648148148138 0.19418981481481482
13 0.4743576388888888 0.6319212962962963 0.04341435185185176 0.0737268518518519
6 0.5094444444444445 0.5777314814814816 0.07085648148148138 0.19418981481481482
5 0.5395023148148148 0.5837615740740741 0.0723263888888889 0.19263888888888872
0 0.5637905092592592 0.6375115740740741 0.04599537037037038 0.090925925925926
11 0.5913715277777778 0.6545023148148148 0.04010416666666679 0.07057870370370374
10 0.6291261574074074 0.6057638888888889 0.06818287037037045 0.17542824074074073
7 0.650619212962963 0.6782928240740741 0.03402777777777786 0.04710648148148131
2 0.6890162037037036 0.6272048611111111 0.06560185185185183 0.15822916666666664
3 0.45120370370370366 0.33352430555555557 0.01967592592592595 0.01576388888888891
14 0.687962962962963 0.21375000000000002 0.050138888888889 0.10813657407407407
15 0.7227546296296297 0.22052662037037035 0.05482638888888882 0.10817129629629632