12 0.51890625 0.18918402777777776 0.4864583333333332 0.17314814814814813
9 0.4651041666666666 0.25538194444444445 0.3991666666666667 0.12502314814814816
8 0.36098958333333336 0.30015625 0.16583333333333333 0.05842592592592588
16 0.40765624999999994 0.34098958333333335 0.2732291666666667 0.08112268518518526
4 0.32255208333333335 0.35931134259259256 0.11552083333333334 0.051145833333333356
1 0.34119791666666666 0.3971238425925926 0.16739583333333333 0.058506944444444466
13 0.2971875 0.4222800925925926 0.09343749999999992 0.04688657407407408
6 0.32588541666666665 0.46218171296296295 0.16593750000000007 0.05998842592592588
5 0.34609375 0.5000752314814815 0.21802083333333327 0.07047453703703717
0 0.28260416666666666 0.5234375 0.10593749999999993 0.047534722222222214
11 0.26567708333333334 0.5539178240740741 0.0838541666666667 0.04327546296296294
10 0.33234375000000005 0.6004918981481481 0.2338541666666667 0.07440972222222228
7 0.24182291666666664 0.6177488425925926 0.06177083333333329 0.039016203703703664
2 0.28984375 0.6617881944444445 0.17874999999999996 0.06532407407407419
3 0.60671875 0.4124594907407408 0.029895833333333323 0.02802083333333343
14 0.7234895833333334 0.6834895833333333 0.121875 0.053032407407407334
15 0.7171354166666667 0.7200057870370371 0.1201041666666665 0.04982638888888893