12 0.7848784722222222 0.4506134259259259 0.15072916666666672 0.48112268518518525
9 0.702951388888889 0.4881944444444445 0.10677083333333322 0.4037152777777777
8 0.6261111111111111 0.6041724537037038 0.05409722222222228 0.16527777777777786
16 0.6041493055555556 0.5197627314814814 0.08041666666666672 0.33670138888888895
4 0.554861111111111 0.6294328703703703 0.04399305555555557 0.11325231481481488
1 0.5292361111111111 0.5748495370370371 0.06121527777777782 0.2202430555555555
13 0.4872916666666667 0.6420081018518519 0.037986111111111144 0.08328703703703706
6 0.46307291666666667 0.5733159722222222 0.05965277777777782 0.220150462962963
5 0.4295486111111111 0.573744212962963 0.06114583333333332 0.2186805555555555
0 0.38522569444444443 0.6418229166666667 0.039409722222222235 0.08025462962962955
11 0.3526215277777778 0.639079861111111 0.039548611111111145 0.08337962962962955
10 0.3265972222222222 0.5759490740740741 0.060381944444444446 0.2014930555555555
7 0.28277777777777774 0.6502314814814815 0.03368055555555553 0.0565393518518519
2 0.25753472222222223 0.5870543981481482 0.05614583333333334 0.17630787037037035
3 0.5977604166666667 0.31287615740740743 0.022708333333333285 0.020046296296296263
14 0.37689236111111113 0.12804976851851851 0.048958333333333395 0.11978009259259262
15 0.3380034722222222 0.12645833333333334 0.050520833333333307 0.1198726851851852