12 0.79234375 0.5846585648148148 0.19649305555555543 0.4763773148148148
9 0.7249305555555555 0.5250115740740741 0.13989583333333327 0.3900347222222223
8 0.6966666666666667 0.3908680555555556 0.0656944444444445 0.144212962962963
16 0.6461458333333333 0.44982638888888893 0.0983680555555555 0.27880787037037036
4 0.6306076388888888 0.3757349537037037 0.06260416666666657 0.14575231481481482
1 0.5954166666666667 0.37755787037037036 0.07083333333333339 0.16456018518518523
13 0.5722222222222222 0.33164351851851853 0.048784722222222146 0.08628472222222223
6 0.5309027777777777 0.3631944444444445 0.06767361111111114 0.16297453703703707
5 0.4914583333333333 0.38067129629629626 0.0797569444444445 0.21461805555555563
0 0.47513888888888883 0.30658564814814815 0.042326388888889 0.0768634259259259
11 0.44243055555555555 0.30214120370370373 0.04718750000000007 0.08471064814814815
10 0.38225694444444447 0.40881944444444446 0.11010416666666671 0.314826388888889
7 0.38059027777777776 0.2729166666666667 0.043472222222222176 0.05812500000000007
2 0.3333159722222222 0.3263831018518518 0.07114583333333338 0.17862268518518515
3 0.5601909722222222 0.6621469907407407 0.03024305555555564 0.025219907407407406
14 0.2820138888888889 0.7720023148148147 0.058958333333333356 0.12229166666666665
15 0.2462673611111111 0.7636747685185185 0.055659722222222194 0.11445601851851847