12 0.85234375 0.38633680555555555 0.1546875 0.48031250000000003
9 0.77734375 0.44592013888888893 0.1140625 0.4050694444444446
8 0.74296875 0.6177604166666667 0.0421875 0.07687500000000007
16 0.6890625 0.49437499999999995 0.084375 0.34281250000000013
4 0.6703125 0.5944270833333334 0.053125 0.14923611111111104
1 0.63203125 0.5664409722222222 0.059375 0.21982638888888886
13 0.60703125 0.6378645833333334 0.0421875 0.09250000000000007
6 0.5640625 0.5811805555555555 0.0640625 0.22159722222222236
5 0.53046875 0.5873611111111111 0.065625 0.22322916666666667
0 0.50625 0.6642187500000001 0.0421875 0.08312500000000007
11 0.46640625 0.6284895833333334 0.0578125 0.16819444444444437
10 0.4265625 0.5935416666666666 0.06875 0.2499305555555555
7 0.40703125 0.6959722222222222 0.0375 0.057916666666666575
2 0.3640625 0.6424131944444444 0.0609375 0.18239583333333337
3 0.621875 0.3012673611111111 0.025 0.022986111111111106
14 0.35078125 0.1797222222222222 0.0453125 0.11763888888888889
15 0.31484375 0.18522569444444442 0.0484375 0.11934027777777775