12 0.89140625 0.560306712962963 0.1609375 0.5000810185185186
9 0.81796875 0.5007638888888889 0.1109375 0.406412037037037
8 0.78203125 0.3229224537037037 0.040625 0.06839120370370369
16 0.72421875 0.45432291666666663 0.0875 0.3447800925925925
4 0.7078125 0.3344965277777778 0.0453125 0.1169675925925926
1 0.66640625 0.38572337962962966 0.0640625 0.22846064814814807
13 0.64296875 0.3129803240740741 0.04375 0.09192129629629626
6 0.5984375 0.37679976851851854 0.065625 0.2269444444444444
5 0.5640625 0.37156828703703704 0.0671875 0.22542824074074072
0 0.54140625 0.29802083333333335 0.040625 0.08401620370370377
11 0.50078125 0.33516203703703706 0.0546875 0.17037037037037042
10 0.459375 0.3785763888888889 0.0734375 0.2662384259259259
7 0.44296875 0.26890625 0.0359375 0.055752314814814775
2 0.39609375 0.3281076388888889 0.0625 0.1846643518518519
3 0.65390625 0.65796875 0.0265625 0.02109953703703695
14 0.37734375 0.7974131944444445 0.0484375 0.12018518518518526
15 0.3375 0.7923437499999999 0.0515625 0.12340277777777775