12 0.4337962962962963 0.12451388888888888 0.49756944444444445 0.14677083333333335
9 0.4796296296296296 0.20071180555555554 0.40792824074074086 0.0948611111111111
8 0.6348668981481481 0.2425 0.10792824074074084 0.046076388888888965
16 0.5416087962962963 0.29059027777777774 0.2967013888888889 0.06743055555555558
4 0.6311631944444445 0.3135590277777778 0.121875 0.04482638888888886
3 0.30338541666666663 0.35828125 0.03356481481481479 0.03194444444444446
1 0.5845196759259259 0.35359375000000004 0.21487268518518512 0.0578125
13 0.6425347222222222 0.3811631944444444 0.1078125 0.044513888888888874
6 0.584837962962963 0.42300347222222223 0.2195601851851851 0.057916666666666575
5 0.5814525462962963 0.45817708333333335 0.23686342592592596 0.05986111111111114
0 0.649681712962963 0.48473958333333333 0.10121527777777786 0.039687499999999966
11 0.6101851851851852 0.5230555555555556 0.18350694444444446 0.05555555555555571
10 0.5609664351851851 0.5662673611111111 0.28587962962962976 0.06875
7 0.670167824074074 0.5872395833333333 0.07297453703703702 0.0375
2 0.6100694444444444 0.6299131944444444 0.1896412037037038 0.05413194444444436
14 0.1349826388888889 0.6311111111111112 0.128587962962963 0.05121527777777786
15 0.13359375 0.6709201388888889 0.128125 0.044965277777777854