12 0.5598900462962962 0.17049189814814816 0.48114583333333344 0.22174768518518517
9 0.5959143518518518 0.2661458333333333 0.3744560185185186 0.1568634259259259
8 0.7381423611111112 0.3735590277777778 0.06281250000000008 0.04542824074074074
16 0.5998668981481481 0.36560763888888886 0.3226736111111112 0.12450231481481477
4 0.6791319444444445 0.4267708333333333 0.14734953703703707 0.07167824074074076
1 0.6437789351851851 0.4515104166666667 0.2037037037037038 0.08865740740740727
13 0.6902893518518518 0.5031597222222223 0.0925694444444444 0.056342592592592666
6 0.626087962962963 0.5185879629629631 0.205289351851852 0.09186342592592603
5 0.6110069444444445 0.5498495370370371 0.21935185185185196 0.09259259259259274
0 0.6723553240740741 0.6030497685185185 0.08318287037037031 0.054293981481481526
11 0.6611805555555555 0.6345138888888889 0.0862962962962964 0.05289351851851851
10 0.5345717592592593 0.6342013888888889 0.3258217592592594 0.12778935185185175
7 0.6590798611111112 0.7070891203703704 0.05811342592592581 0.043622685185185264
2 0.5878472222222222 0.7221527777777779 0.18336805555555563 0.08447916666666658
3 0.3788831018518518 0.3392997685185185 0.023611111111111072 0.024652777777777767
14 0.14375578703703704 0.53421875 0.12072916666666664 0.06248842592592592
15 0.13254629629629627 0.5703703703703704 0.1192013888888889 0.06709490740740734