12 0.43569444444444444 0.2921875 0.35680555555555565 0.165625
9 0.41513888888888884 0.3734375 0.36392361111111116 0.134375
8 0.3549305555555556 0.44609375 0.17027777777777775 0.06875
16 0.41076388888888893 0.46484375 0.2724305555555556 0.0953125
4 0.3416840277777778 0.51484375 0.11840277777777777 0.0546875
1 0.3417881944444444 0.5453125 0.10579861111111111 0.05
3 0.5985590277777778 0.4515625 0.027361111111111214 0.0359375
13 0.34576388888888887 0.57734375 0.10111111111111111 0.05
6 0.3710069444444445 0.6015625 0.13881944444444444 0.059375
5 0.38208333333333333 0.63046875 0.14670138888888884 0.0625
0 0.3562152777777778 0.66953125 0.07913194444444445 0.0453125
11 0.3665277777777778 0.69765625 0.08850694444444436 0.0453125
10 0.44751736111111107 0.709375 0.23468750000000008 0.084375
7 0.36508680555555556 0.7625 0.05711805555555553 0.0390625
2 0.4358680555555555 0.7765625 0.18440972222222207 0.071875
14 0.7938715277777778 0.62734375 0.12145833333333336 0.0515625
15 0.7995659722222223 0.65234375 0.1041666666666666 0.046875