12 0.8377314814814815 0.5962210648148147 0.2351273148148149 0.5011921296296297
9 0.762181712962963 0.5339583333333333 0.16915509259259273 0.41037037037037044
8 0.7295138888888889 0.3560358796296296 0.057349537037037025 0.07965277777777775
16 0.6761284722222223 0.466707175925926 0.12673611111111108 0.3218055555555555
4 0.6572627314814815 0.3593518518518518 0.06527777777777785 0.12354166666666674
1 0.6168402777777778 0.3924537037037037 0.09160879629629619 0.20539351851851845
13 0.5905092592592592 0.33164930555555555 0.05740740740740744 0.1014814814814815
6 0.55078125 0.3741261574074074 0.09328703703703703 0.2070023148148148
5 0.5163483796296295 0.3723263888888889 0.09577546296296298 0.21954861111111104
0 0.49366319444444445 0.29759837962962965 0.051446759259259164 0.0841550925925926
11 0.461400462962963 0.29352430555555553 0.05815972222222214 0.09059027777777776
10 0.41643518518518513 0.3389641203703704 0.09137731481481488 0.20226851851851854
7 0.39525462962962965 0.2635011574074074 0.04525462962962958 0.06370370370370368
2 0.352199074074074 0.3136747685185185 0.08697916666666661 0.18498842592592596
3 0.6059027777777779 0.6657465277777778 0.03692129629629619 0.035393518518518616
14 0.33787615740740745 0.7622627314814815 0.06336805555555554 0.11880787037037041
15 0.30225694444444445 0.7549710648148148 0.06493055555555553 0.11885416666666657