12 0.48223958333333333 0.09890625 0.5183333333333333 0.15625
9 0.5177777777777777 0.18468749999999998 0.4235416666666666 0.103125
8 0.6450520833333334 0.24953124999999998 0.15874999999999986 0.05270833333333336
16 0.5389236111111111 0.28625 0.3714930555555556 0.07781249999999992
4 0.6371875 0.3226041666666667 0.16649305555555555 0.05010416666666666
1 0.5716666666666667 0.35739583333333336 0.29489583333333336 0.07114583333333328
13 0.6621354166666666 0.3934895833333333 0.09763888888888879 0.04083333333333332
6 0.610625 0.4296875 0.19479166666666678 0.059791666666666646
5 0.6261979166666667 0.46609375000000003 0.16187500000000005 0.05291666666666668
0 0.6589583333333333 0.5013541666666667 0.08829861111111122 0.041770833333333354
11 0.6082465277777778 0.53671875 0.17750000000000005 0.05395833333333329
10 0.5630208333333333 0.5709375 0.26361111111111113 0.06750000000000007
7 0.6620833333333334 0.6064583333333333 0.06177083333333329 0.04156250000000004
2 0.5957291666666666 0.6436458333333334 0.18850694444444435 0.0578125
3 0.32588541666666665 0.3246354166666666 0.03357638888888888 0.03656249999999996
14 0.13713541666666668 0.6040104166666667 0.20020833333333338 0.09291666666666672
15 0.12970486111111112 0.6575520833333334 0.13055555555555554 0.04770833333333328