12 0.4842534722222222 0.27184027777777775 0.351863425925926 0.12594907407407413
9 0.45451388888888894 0.35013310185185187 0.3648611111111112 0.09042824074074077
8 0.38761574074074073 0.41467013888888893 0.17004629629629625 0.04875000000000007
16 0.440769675925926 0.440462962962963 0.27501157407407406 0.06122685185185191
4 0.3669039351851852 0.4809664351851852 0.11673611111111111 0.04092592592592581
1 0.364681712962963 0.5115277777777777 0.10418981481481486 0.0389930555555555
3 0.628732638888889 0.4505324074074074 0.024409722222222284 0.033506944444444464
13 0.36406828703703703 0.543605324074074 0.09793981481481477 0.03880787037037035
6 0.3875578703703703 0.5710590277777777 0.13709490740740743 0.04309027777777778
5 0.39549189814814817 0.6013194444444444 0.14500000000000002 0.04644675925925927
0 0.36528356481481483 0.6374016203703704 0.07601851851851844 0.03659722222222221
11 0.3723900462962963 0.6661226851851852 0.08539351851851854 0.03687499999999986
10 0.45125578703703706 0.6888078703703704 0.23581018518518526 0.05538194444444446
7 0.3641319444444444 0.7304861111111112 0.05409722222222228 0.03438657407407408
2 0.4328414351851852 0.7534722222222222 0.18410879629629626 0.04916666666666671
14 0.8043287037037036 0.6501967592592592 0.12133101851851862 0.03793981481481481
15 0.8074363425925926 0.6759085648148148 0.10253472222222229 0.035821759259259164