12 0.46154513888888893 0.212806712962963 0.5104976851851852 0.19629629629629627
9 0.43167245370370366 0.30484953703703704 0.4176388888888889 0.14825231481481485
8 0.35318865740740735 0.38373842592592594 0.22613425925925928 0.08322916666666665
16 0.4254224537037037 0.4100868055555556 0.3546296296296296 0.11202546296296294
4 0.31691550925925926 0.46543981481481483 0.12266203703703704 0.05673611111111114
1 0.37820023148148146 0.4906828703703704 0.2307986111111111 0.08180555555555565
13 0.3195775462962963 0.539704861111111 0.09759259259259263 0.051307870370370344
6 0.39565972222222223 0.5622627314814814 0.2323611111111111 0.0818518518518518
5 0.40085648148148145 0.5967766203703704 0.22921296296296295 0.08019675925925931
0 0.3515740740740741 0.6437326388888889 0.11331018518518512 0.05802083333333332
11 0.3474421296296296 0.6810937499999999 0.09131944444444447 0.04956018518518519
10 0.5428011015624999 0.6637669796875 0.3094123578125 0.7062290390625 0.3174363546875 0.74015265 0.5500413578125001 0.697744303125 0.5428011015624999 0.6637669796875
7 0.3508622685185185 0.7538194444444445 0.06781249999999997 0.044178240740740726
2 0.4183969907407407 0.7792476851851852 0.18695601851851862 0.07425925925925939
3 0.6386111111111111 0.41015625 0.030173611111111144 0.03369212962962962
14 0.866875 0.6371354166666666 0.1273958333333333 0.05999999999999996
15 0.8752662037037038 0.6764293981481482 0.12116898148148145 0.06137731481481481