12 0.5086111111111111 0.27958333333333335 0.5349305555555555 0.20104166666666662
9 0.5573611111111111 0.374375 0.4087847222222223 0.1411458333333333
8 0.6951562499999999 0.47588541666666667 0.10416666666666678 0.053749999999999964
16 0.6406597222222222 0.49885416666666665 0.20135416666666667 0.07427083333333329
4 0.6756770833333333 0.54265625 0.1197916666666666 0.05479166666666657
1 0.6336458333333332 0.5680208333333333 0.18874999999999992 0.06875
13 0.6756249999999999 0.6154166666666667 0.08840277777777779 0.04645833333333336
6 0.6195659722222222 0.63828125 0.19190972222222236 0.07052083333333332
5 0.6063368055555556 0.6702604166666667 0.20444444444444443 0.07291666666666678
0 0.6615972222222222 0.7185416666666666 0.07902777777777778 0.04583333333333321
11 0.6514409722222222 0.7530729166666668 0.08840277777777779 0.04645833333333336
10 0.5860590277777777 0.7729687500000001 0.20763888888888893 0.07624999999999993
7 0.6529513888888889 0.8259375 0.06020833333333329 0.041458333333333285
2 0.5844444444444445 0.8456250000000001 0.18097222222222237 0.06979166666666643
3 0.35651041666666666 0.4697395833333333 0.023993055555555552 0.0265625
14 0.13586805555555553 0.6811458333333333 0.1276736111111111 0.05843749999999996
15 0.13034722222222223 0.7183333333333334 0.12458333333333335 0.059791666666666646